 MO Integrals

2.6420361248
0 0  -2.0173255586
1 1  -2.0173255586
2 2  -1.5650868985
2 4  0.0197242187
3 3  -1.5650868985
3 5  0.0197242187
4 2  0.0197242187
4 4  -1.5650868985
5 3  0.0197242187
5 5  -1.5650868985
6 6  -1.0750769136
7 7  -1.0750769136
0 0 0 0  0.2561720934
0 1 1 0  0.2561720934
0 2 2 0  0.2494100623
0 2 4 0  -0.0003394108
0 3 3 0  0.2494100623
0 3 5 0  -0.0003394108
0 4 2 0  -0.0003394108
0 4 4 0  0.2494100623
0 5 3 0  -0.0003394108
0 5 5 0  0.2494100623
0 6 6 0  0.2515211500
0 7 7 0  0.2515211500
0 0 2 2  0.0680344173
0 0 4 2  -0.0014908464
0 1 3 2  0.0680344173
0 1 5 2  -0.0014908464
0 2 0 2  0.0680344173
0 2 6 2  -0.0676833205
0 3 1 2  0.0680344173
0 3 7 2  -0.0676833205
0 4 0 2  -0.0014908464
0 4 6 2  -0.0013391236
0 5 1 2  -0.0014908464
0 5 7 2  -0.0013391236
0 6 2 2  -0.0676833205
0 6 4 2  -0.0013391236
0 7 3 2  -0.0676833205
0 7 5 2  -0.0013391236
0 0 2 4  -0.0014908464
0 0 4 4  0.0680344173
0 1 3 4  -0.0014908464
0 1 5 4  0.0680344173
0 2 0 4  -0.0014908464
0 2 6 4  0.0013391236
0 3 1 4  -0.0014908464
0 3 7 4  0.0013391236
0 4 0 4  0.0680344173
0 4 6 4  0.0676833205
0 5 1 4  0.0680344173
0 5 7 4  0.0676833205
0 6 2 4  0.0013391236
0 6 4 4  0.0676833205
0 7 3 4  0.0013391236
0 7 5 4  0.0676833205
0 0 6 6  0.0398070480
0 1 7 6  0.0398070480
0 2 2 6  -0.0402261071
0 3 3 6  -0.0402261071
0 4 4 6  0.0402261071
0 5 5 6  0.0402261071
0 6 0 6  0.0398070480
0 7 1 6  0.0398070480
1 0 0 1  0.2561720934
1 1 1 1  0.2561720934
1 2 2 1  0.2494100623
1 2 4 1  -0.0003394108
1 3 3 1  0.2494100623
1 3 5 1  -0.0003394108
1 4 2 1  -0.0003394108
1 4 4 1  0.2494100623
1 5 3 1  -0.0003394108
1 5 5 1  0.2494100623
1 6 6 1  0.2515211500
1 7 7 1  0.2515211500
1 0 2 3  0.0680344173
1 0 4 3  -0.0014908464
1 1 3 3  0.0680344173
1 1 5 3  -0.0014908464
1 2 0 3  0.0680344173
1 2 6 3  -0.0676833205
1 3 1 3  0.0680344173
1 3 7 3  -0.0676833205
1 4 0 3  -0.0014908464
1 4 6 3  -0.0013391236
1 5 1 3  -0.0014908464
1 5 7 3  -0.0013391236
1 6 2 3  -0.0676833205
1 6 4 3  -0.0013391236
1 7 3 3  -0.0676833205
1 7 5 3  -0.0013391236
1 0 2 5  -0.0014908464
1 0 4 5  0.0680344173
1 1 3 5  -0.0014908464
1 1 5 5  0.0680344173
1 2 0 5  -0.0014908464
1 2 6 5  0.0013391236
1 3 1 5  -0.0014908464
1 3 7 5  0.0013391236
1 4 0 5  0.0680344173
1 4 6 5  0.0676833205
1 5 1 5  0.0680344173
1 5 7 5  0.0676833205
1 6 2 5  0.0013391236
1 6 4 5  0.0676833205
1 7 3 5  0.0013391236
1 7 5 5  0.0676833205
1 0 6 7  0.0398070480
1 1 7 7  0.0398070480
1 2 2 7  -0.0402261071
1 3 3 7  -0.0402261071
1 4 4 7  0.0402261071
1 5 5 7  0.0402261071
1 6 0 7  0.0398070480
1 7 1 7  0.0398070480
2 0 2 0  0.0680344173
2 0 4 0  -0.0014908464
2 1 3 0  0.0680344173
2 1 5 0  -0.0014908464
2 2 0 0  0.0680344173
2 2 6 0  -0.0676833205
2 3 1 0  0.0680344173
2 3 7 0  -0.0676833205
2 4 0 0  -0.0014908464
2 4 6 0  -0.0013391236
2 5 1 0  -0.0014908464
2 5 7 0  -0.0013391236
2 6 2 0  -0.0676833205
2 6 4 0  -0.0013391236
2 7 3 0  -0.0676833205
2 7 5 0  -0.0013391236
2 0 0 2  0.2494100623
2 0 6 2  -0.0402261071
2 1 1 2  0.2494100623
2 1 7 2  -0.0402261071
2 2 2 2  0.2897309994
2 2 4 2  -0.0002465653
2 3 3 2  0.2897309994
2 3 5 2  -0.0002465653
2 4 2 2  -0.0002465653
2 4 4 2  0.2083842055
2 5 3 2  -0.0002465653
2 5 5 2  0.2083842055
2 6 0 2  -0.0402261071
2 6 6 2  0.2553040905
2 7 1 2  -0.0402261071
2 7 7 2  0.2553040905
2 0 0 4  -0.0003394108
2 1 1 4  -0.0003394108
2 2 2 4  -0.0002465653
2 2 4 4  0.0046751565
2 3 3 4  -0.0002465653
2 3 5 4  0.0046751565
2 4 2 4  0.0046751565
2 4 4 4  -0.0002465653
2 5 3 4  0.0046751565
2 5 5 4  -0.0002465653
2 6 6 4  -0.0000602676
2 7 7 4  -0.0000602676
2 0 2 6  -0.0676833205
2 0 4 6  0.0013391236
2 1 3 6  -0.0676833205
2 1 5 6  0.0013391236
2 2 0 6  -0.0676833205
2 2 6 6  0.0743664380
2 3 1 6  -0.0676833205
2 3 7 6  0.0743664380
2 4 0 6  0.0013391236
2 4 6 6  0.0014891213
2 5 1 6  0.0013391236
2 5 7 6  0.0014891213
2 6 2 6  0.0743664380
2 6 4 6  0.0014891213
2 7 3 6  0.0743664380
2 7 5 6  0.0014891213
3 0 2 1  0.0680344173
3 0 4 1  -0.0014908464
3 1 3 1  0.0680344173
3 1 5 1  -0.0014908464
3 2 0 1  0.0680344173
3 2 6 1  -0.0676833205
3 3 1 1  0.0680344173
3 3 7 1  -0.0676833205
3 4 0 1  -0.0014908464
3 4 6 1  -0.0013391236
3 5 1 1  -0.0014908464
3 5 7 1  -0.0013391236
3 6 2 1  -0.0676833205
3 6 4 1  -0.0013391236
3 7 3 1  -0.0676833205
3 7 5 1  -0.0013391236
3 0 0 3  0.2494100623
3 0 6 3  -0.0402261071
3 1 1 3  0.2494100623
3 1 7 3  -0.0402261071
3 2 2 3  0.2897309994
3 2 4 3  -0.0002465653
3 3 3 3  0.2897309994
3 3 5 3  -0.0002465653
3 4 2 3  -0.0002465653
3 4 4 3  0.2083842055
3 5 3 3  -0.0002465653
3 5 5 3  0.2083842055
3 6 0 3  -0.0402261071
3 6 6 3  0.2553040905
3 7 1 3  -0.0402261071
3 7 7 3  0.2553040905
3 0 0 5  -0.0003394108
3 1 1 5  -0.0003394108
3 2 2 5  -0.0002465653
3 2 4 5  0.0046751565
3 3 3 5  -0.0002465653
3 3 5 5  0.0046751565
3 4 2 5  0.0046751565
3 4 4 5  -0.0002465653
3 5 3 5  0.0046751565
3 5 5 5  -0.0002465653
3 6 6 5  -0.0000602676
3 7 7 5  -0.0000602676
3 0 2 7  -0.0676833205
3 0 4 7  0.0013391236
3 1 3 7  -0.0676833205
3 1 5 7  0.0013391236
3 2 0 7  -0.0676833205
3 2 6 7  0.0743664380
3 3 1 7  -0.0676833205
3 3 7 7  0.0743664380
3 4 0 7  0.0013391236
3 4 6 7  0.0014891213
3 5 1 7  0.0013391236
3 5 7 7  0.0014891213
3 6 2 7  0.0743664380
3 6 4 7  0.0014891213
3 7 3 7  0.0743664380
3 7 5 7  0.0014891213
4 0 2 0  -0.0014908464
4 0 4 0  0.0680344173
4 1 3 0  -0.0014908464
4 1 5 0  0.0680344173
4 2 0 0  -0.0014908464
4 2 6 0  0.0013391236
4 3 1 0  -0.0014908464
4 3 7 0  0.0013391236
4 4 0 0  0.0680344173
4 4 6 0  0.0676833205
4 5 1 0  0.0680344173
4 5 7 0  0.0676833205
4 6 2 0  0.0013391236
4 6 4 0  0.0676833205
4 7 3 0  0.0013391236
4 7 5 0  0.0676833205
4 0 0 2  -0.0003394108
4 1 1 2  -0.0003394108
4 2 2 2  -0.0002465653
4 2 4 2  0.0046751565
4 3 3 2  -0.0002465653
4 3 5 2  0.0046751565
4 4 2 2  0.0046751565
4 4 4 2  -0.0002465653
4 5 3 2  0.0046751565
4 5 5 2  -0.0002465653
4 6 6 2  -0.0000602676
4 7 7 2  -0.0000602676
4 0 0 4  0.2494100623
4 0 6 4  0.0402261071
4 1 1 4  0.2494100623
4 1 7 4  0.0402261071
4 2 2 4  0.2083842055
4 2 4 4  -0.0002465653
4 3 3 4  0.2083842055
4 3 5 4  -0.0002465653
4 4 2 4  -0.0002465653
4 4 4 4  0.2897309994
4 5 3 4  -0.0002465653
4 5 5 4  0.2897309994
4 6 0 4  0.0402261071
4 6 6 4  0.2553040905
4 7 1 4  0.0402261071
4 7 7 4  0.2553040905
4 0 2 6  -0.0013391236
4 0 4 6  0.0676833205
4 1 3 6  -0.0013391236
4 1 5 6  0.0676833205
4 2 0 6  -0.0013391236
4 2 6 6  0.0014891213
4 3 1 6  -0.0013391236
4 3 7 6  0.0014891213
4 4 0 6  0.0676833205
4 4 6 6  0.0743664380
4 5 1 6  0.0676833205
4 5 7 6  0.0743664380
4 6 2 6  0.0014891213
4 6 4 6  0.0743664380
4 7 3 6  0.0014891213
4 7 5 6  0.0743664380
5 0 2 1  -0.0014908464
5 0 4 1  0.0680344173
5 1 3 1  -0.0014908464
5 1 5 1  0.0680344173
5 2 0 1  -0.0014908464
5 2 6 1  0.0013391236
5 3 1 1  -0.0014908464
5 3 7 1  0.0013391236
5 4 0 1  0.0680344173
5 4 6 1  0.0676833205
5 5 1 1  0.0680344173
5 5 7 1  0.0676833205
5 6 2 1  0.0013391236
5 6 4 1  0.0676833205
5 7 3 1  0.0013391236
5 7 5 1  0.0676833205
5 0 0 3  -0.0003394108
5 1 1 3  -0.0003394108
5 2 2 3  -0.0002465653
5 2 4 3  0.0046751565
5 3 3 3  -0.0002465653
5 3 5 3  0.0046751565
5 4 2 3  0.0046751565
5 4 4 3  -0.0002465653
5 5 3 3  0.0046751565
5 5 5 3  -0.0002465653
5 6 6 3  -0.0000602676
5 7 7 3  -0.0000602676
5 0 0 5  0.2494100623
5 0 6 5  0.0402261071
5 1 1 5  0.2494100623
5 1 7 5  0.0402261071
5 2 2 5  0.2083842055
5 2 4 5  -0.0002465653
5 3 3 5  0.2083842055
5 3 5 5  -0.0002465653
5 4 2 5  -0.0002465653
5 4 4 5  0.2897309994
5 5 3 5  -0.0002465653
5 5 5 5  0.2897309994
5 6 0 5  0.0402261071
5 6 6 5  0.2553040905
5 7 1 5  0.0402261071
5 7 7 5  0.2553040905
5 0 2 7  -0.0013391236
5 0 4 7  0.0676833205
5 1 3 7  -0.0013391236
5 1 5 7  0.0676833205
5 2 0 7  -0.0013391236
5 2 6 7  0.0014891213
5 3 1 7  -0.0013391236
5 3 7 7  0.0014891213
5 4 0 7  0.0676833205
5 4 6 7  0.0743664380
5 5 1 7  0.0676833205
5 5 7 7  0.0743664380
5 6 2 7  0.0014891213
5 6 4 7  0.0743664380
5 7 3 7  0.0014891213
5 7 5 7  0.0743664380
6 0 6 0  0.0398070480
6 1 7 0  0.0398070480
6 2 2 0  -0.0402261071
6 3 3 0  -0.0402261071
6 4 4 0  0.0402261071
6 5 5 0  0.0402261071
6 6 0 0  0.0398070480
6 7 1 0  0.0398070480
6 0 2 2  -0.0676833205
6 0 4 2  0.0013391236
6 1 3 2  -0.0676833205
6 1 5 2  0.0013391236
6 2 0 2  -0.0676833205
6 2 6 2  0.0743664380
6 3 1 2  -0.0676833205
6 3 7 2  0.0743664380
6 4 0 2  0.0013391236
6 4 6 2  0.0014891213
6 5 1 2  0.0013391236
6 5 7 2  0.0014891213
6 6 2 2  0.0743664380
6 6 4 2  0.0014891213
6 7 3 2  0.0743664380
6 7 5 2  0.0014891213
6 0 2 4  -0.0013391236
6 0 4 4  0.0676833205
6 1 3 4  -0.0013391236
6 1 5 4  0.0676833205
6 2 0 4  -0.0013391236
6 2 6 4  0.0014891213
6 3 1 4  -0.0013391236
6 3 7 4  0.0014891213
6 4 0 4  0.0676833205
6 4 6 4  0.0743664380
6 5 1 4  0.0676833205
6 5 7 4  0.0743664380
6 6 2 4  0.0014891213
6 6 4 4  0.0743664380
6 7 3 4  0.0014891213
6 7 5 4  0.0743664380
6 0 0 6  0.2515211500
6 1 1 6  0.2515211500
6 2 2 6  0.2553040905
6 2 4 6  -0.0000602676
6 3 3 6  0.2553040905
6 3 5 6  -0.0000602676
6 4 2 6  -0.0000602676
6 4 4 6  0.2553040905
6 5 3 6  -0.0000602676
6 5 5 6  0.2553040905
6 6 6 6  0.2662485594
6 7 7 6  0.2662485594
7 0 6 1  0.0398070480
7 1 7 1  0.0398070480
7 2 2 1  -0.0402261071
7 3 3 1  -0.0402261071
7 4 4 1  0.0402261071
7 5 5 1  0.0402261071
7 6 0 1  0.0398070480
7 7 1 1  0.0398070480
7 0 2 3  -0.0676833205
7 0 4 3  0.0013391236
7 1 3 3  -0.0676833205
7 1 5 3  0.0013391236
7 2 0 3  -0.0676833205
7 2 6 3  0.0743664380
7 3 1 3  -0.0676833205
7 3 7 3  0.0743664380
7 4 0 3  0.0013391236
7 4 6 3  0.0014891213
7 5 1 3  0.0013391236
7 5 7 3  0.0014891213
7 6 2 3  0.0743664380
7 6 4 3  0.0014891213
7 7 3 3  0.0743664380
7 7 5 3  0.0014891213
7 0 2 5  -0.0013391236
7 0 4 5  0.0676833205
7 1 3 5  -0.0013391236
7 1 5 5  0.0676833205
7 2 0 5  -0.0013391236
7 2 6 5  0.0014891213
7 3 1 5  -0.0013391236
7 3 7 5  0.0014891213
7 4 0 5  0.0676833205
7 4 6 5  0.0743664380
7 5 1 5  0.0676833205
7 5 7 5  0.0743664380
7 6 2 5  0.0014891213
7 6 4 5  0.0743664380
7 7 3 5  0.0014891213
7 7 5 5  0.0743664380
7 0 0 7  0.2515211500
7 1 1 7  0.2515211500
7 2 2 7  0.2553040905
7 2 4 7  -0.0000602676
7 3 3 7  0.2553040905
7 3 5 7  -0.0000602676
7 4 2 7  -0.0000602676
7 4 4 7  0.2553040905
7 5 3 7  -0.0000602676
7 5 5 7  0.2553040905
7 6 6 7  0.2662485594
7 7 7 7  0.2662485594

 E(FCI) = -1.9548321935

 E(HF)  = -1.7078397747
