2.6739336082
0 0  -2.0334893115
1 1  -2.0334893115
2 2  -1.5730078657
2 4  0.0100513908
3 3  -1.5730078657
3 5  0.0100513908
4 2  0.0100513908
4 4  -1.5730078657
5 3  0.0100513908
5 5  -1.5730078657
6 6  -1.0714474616
7 7  -1.0714474616
0 0 0 0  0.2577728411
0 1 1 0  0.2577728411
0 2 2 0  0.2508320137
0 2 4 0  -0.0001722937
0 3 3 0  0.2508320137
0 3 5 0  -0.0001722937
0 4 2 0  -0.0001722937
0 4 4 0  0.2508320137
0 5 3 0  -0.0001722937
0 5 5 0  0.2508320137
0 6 6 0  0.2529743706
0 7 7 0  0.2529743706
0 0 2 2  0.0680764536
0 0 4 2  -0.0007497305
0 1 3 2  0.0680764536
0 1 5 2  -0.0007497305
0 2 0 2  0.0680764536
0 2 6 2  0.0675974354
0 3 1 2  0.0680764536
0 3 7 2  0.0675974354
0 4 0 2  -0.0007497305
0 4 6 2  0.0006729503
0 5 1 2  -0.0007497305
0 5 7 2  0.0006729503
0 6 2 2  0.0675974354
0 6 4 2  0.0006729503
0 7 3 2  0.0675974354
0 7 5 2  0.0006729503
0 0 2 4  -0.0007497305
0 0 4 4  0.0680764536
0 1 3 4  -0.0007497305
0 1 5 4  0.0680764536
0 2 0 4  -0.0007497305
0 2 6 4  -0.0006729503
0 3 1 4  -0.0007497305
0 3 7 4  -0.0006729503
0 4 0 4  0.0680764536
0 4 6 4  -0.0675974354
0 5 1 4  0.0680764536
0 5 7 4  -0.0675974354
0 6 2 4  -0.0006729503
0 6 4 4  -0.0675974354
0 7 3 4  -0.0006729503
0 7 5 4  -0.0675974354
0 0 6 6  0.0396437121
0 1 7 6  0.0396437121
0 2 2 6  0.0400154113
0 3 3 6  0.0400154113
0 4 4 6  -0.0400154113
0 5 5 6  -0.0400154113
0 6 0 6  0.0396437121
0 7 1 6  0.0396437121
1 0 0 1  0.2577728411
1 1 1 1  0.2577728411
1 2 2 1  0.2508320137
1 2 4 1  -0.0001722937
1 3 3 1  0.2508320137
1 3 5 1  -0.0001722937
1 4 2 1  -0.0001722937
1 4 4 1  0.2508320137
1 5 3 1  -0.0001722937
1 5 5 1  0.2508320137
1 6 6 1  0.2529743706
1 7 7 1  0.2529743706
1 0 2 3  0.0680764536
1 0 4 3  -0.0007497305
1 1 3 3  0.0680764536
1 1 5 3  -0.0007497305
1 2 0 3  0.0680764536
1 2 6 3  0.0675974354
1 3 1 3  0.0680764536
1 3 7 3  0.0675974354
1 4 0 3  -0.0007497305
1 4 6 3  0.0006729503
1 5 1 3  -0.0007497305
1 5 7 3  0.0006729503
1 6 2 3  0.0675974354
1 6 4 3  0.0006729503
1 7 3 3  0.0675974354
1 7 5 3  0.0006729503
1 0 2 5  -0.0007497305
1 0 4 5  0.0680764536
1 1 3 5  -0.0007497305
1 1 5 5  0.0680764536
1 2 0 5  -0.0007497305
1 2 6 5  -0.0006729503
1 3 1 5  -0.0007497305
1 3 7 5  -0.0006729503
1 4 0 5  0.0680764536
1 4 6 5  -0.0675974354
1 5 1 5  0.0680764536
1 5 7 5  -0.0675974354
1 6 2 5  -0.0006729503
1 6 4 5  -0.0675974354
1 7 3 5  -0.0006729503
1 7 5 5  -0.0675974354
1 0 6 7  0.0396437121
1 1 7 7  0.0396437121
1 2 2 7  0.0400154113
1 3 3 7  0.0400154113
1 4 4 7  -0.0400154113
1 5 5 7  -0.0400154113
1 6 0 7  0.0396437121
1 7 1 7  0.0396437121
2 0 2 0  0.0680764536
2 0 4 0  -0.0007497305
2 1 3 0  0.0680764536
2 1 5 0  -0.0007497305
2 2 0 0  0.0680764536
2 2 6 0  0.0675974354
2 3 1 0  0.0680764536
2 3 7 0  0.0675974354
2 4 0 0  -0.0007497305
2 4 6 0  0.0006729503
2 5 1 0  -0.0007497305
2 5 7 0  0.0006729503
2 6 2 0  0.0675974354
2 6 4 0  0.0006729503
2 7 3 0  0.0675974354
2 7 5 0  0.0006729503
2 0 0 2  0.2508320137
2 0 6 2  0.0400154113
2 1 1 2  0.2508320137
2 1 7 2  0.0400154113
2 2 2 2  0.2908070612
2 2 4 2  -0.0001269048
2 3 3 2  0.2908070612
2 3 5 2  -0.0001269048
2 4 2 2  -0.0001269048
2 4 4 2  0.2099782338
2 5 3 2  -0.0001269048
2 5 5 2  0.2099782338
2 6 0 2  0.0400154113
2 6 6 2  0.2567138087
2 7 1 2  0.0400154113
2 7 7 2  0.2567138087
2 0 0 4  -0.0001722937
2 1 1 4  -0.0001722937
2 2 2 4  -0.0001269048
2 2 4 4  0.0048052032
2 3 3 4  -0.0001269048
2 3 5 4  0.0048052032
2 4 2 4  0.0048052032
2 4 4 4  -0.0001269048
2 5 3 4  0.0048052032
2 5 5 4  -0.0001269048
2 6 6 4  -0.0000335092
2 7 7 4  -0.0000335092
2 0 2 6  0.0675974354
2 0 4 6  -0.0006729503
2 1 3 6  0.0675974354
2 1 5 6  -0.0006729503
2 2 0 6  0.0675974354
2 2 6 6  0.0742733570
2 3 1 6  0.0675974354
2 3 7 6  0.0742733570
2 4 0 6  -0.0006729503
2 4 6 6  0.0007471148
2 5 1 6  -0.0006729503
2 5 7 6  0.0007471148
2 6 2 6  0.0742733570
2 6 4 6  0.0007471148
2 7 3 6  0.0742733570
2 7 5 6  0.0007471148
3 0 2 1  0.0680764536
3 0 4 1  -0.0007497305
3 1 3 1  0.0680764536
3 1 5 1  -0.0007497305
3 2 0 1  0.0680764536
3 2 6 1  0.0675974354
3 3 1 1  0.0680764536
3 3 7 1  0.0675974354
3 4 0 1  -0.0007497305
3 4 6 1  0.0006729503
3 5 1 1  -0.0007497305
3 5 7 1  0.0006729503
3 6 2 1  0.0675974354
3 6 4 1  0.0006729503
3 7 3 1  0.0675974354
3 7 5 1  0.0006729503
3 0 0 3  0.2508320137
3 0 6 3  0.0400154113
3 1 1 3  0.2508320137
3 1 7 3  0.0400154113
3 2 2 3  0.2908070612
3 2 4 3  -0.0001269048
3 3 3 3  0.2908070612
3 3 5 3  -0.0001269048
3 4 2 3  -0.0001269048
3 4 4 3  0.2099782338
3 5 3 3  -0.0001269048
3 5 5 3  0.2099782338
3 6 0 3  0.0400154113
3 6 6 3  0.2567138087
3 7 1 3  0.0400154113
3 7 7 3  0.2567138087
3 0 0 5  -0.0001722937
3 1 1 5  -0.0001722937
3 2 2 5  -0.0001269048
3 2 4 5  0.0048052032
3 3 3 5  -0.0001269048
3 3 5 5  0.0048052032
3 4 2 5  0.0048052032
3 4 4 5  -0.0001269048
3 5 3 5  0.0048052032
3 5 5 5  -0.0001269048
3 6 6 5  -0.0000335092
3 7 7 5  -0.0000335092
3 0 2 7  0.0675974354
3 0 4 7  -0.0006729503
3 1 3 7  0.0675974354
3 1 5 7  -0.0006729503
3 2 0 7  0.0675974354
3 2 6 7  0.0742733570
3 3 1 7  0.0675974354
3 3 7 7  0.0742733570
3 4 0 7  -0.0006729503
3 4 6 7  0.0007471148
3 5 1 7  -0.0006729503
3 5 7 7  0.0007471148
3 6 2 7  0.0742733570
3 6 4 7  0.0007471148
3 7 3 7  0.0742733570
3 7 5 7  0.0007471148
4 0 2 0  -0.0007497305
4 0 4 0  0.0680764536
4 1 3 0  -0.0007497305
4 1 5 0  0.0680764536
4 2 0 0  -0.0007497305
4 2 6 0  -0.0006729503
4 3 1 0  -0.0007497305
4 3 7 0  -0.0006729503
4 4 0 0  0.0680764536
4 4 6 0  -0.0675974354
4 5 1 0  0.0680764536
4 5 7 0  -0.0675974354
4 6 2 0  -0.0006729503
4 6 4 0  -0.0675974354
4 7 3 0  -0.0006729503
4 7 5 0  -0.0675974354
4 0 0 2  -0.0001722937
4 1 1 2  -0.0001722937
4 2 2 2  -0.0001269048
4 2 4 2  0.0048052032
4 3 3 2  -0.0001269048
4 3 5 2  0.0048052032
4 4 2 2  0.0048052032
4 4 4 2  -0.0001269048
4 5 3 2  0.0048052032
4 5 5 2  -0.0001269048
4 6 6 2  -0.0000335092
4 7 7 2  -0.0000335092
4 0 0 4  0.2508320137
4 0 6 4  -0.0400154113
4 1 1 4  0.2508320137
4 1 7 4  -0.0400154113
4 2 2 4  0.2099782338
4 2 4 4  -0.0001269048
4 3 3 4  0.2099782338
4 3 5 4  -0.0001269048
4 4 2 4  -0.0001269048
4 4 4 4  0.2908070612
4 5 3 4  -0.0001269048
4 5 5 4  0.2908070612
4 6 0 4  -0.0400154113
4 6 6 4  0.2567138087
4 7 1 4  -0.0400154113
4 7 7 4  0.2567138087
4 0 2 6  0.0006729503
4 0 4 6  -0.0675974354
4 1 3 6  0.0006729503
4 1 5 6  -0.0675974354
4 2 0 6  0.0006729503
4 2 6 6  0.0007471148
4 3 1 6  0.0006729503
4 3 7 6  0.0007471148
4 4 0 6  -0.0675974354
4 4 6 6  0.0742733570
4 5 1 6  -0.0675974354
4 5 7 6  0.0742733570
4 6 2 6  0.0007471148
4 6 4 6  0.0742733570
4 7 3 6  0.0007471148
4 7 5 6  0.0742733570
5 0 2 1  -0.0007497305
5 0 4 1  0.0680764536
5 1 3 1  -0.0007497305
5 1 5 1  0.0680764536
5 2 0 1  -0.0007497305
5 2 6 1  -0.0006729503
5 3 1 1  -0.0007497305
5 3 7 1  -0.0006729503
5 4 0 1  0.0680764536
5 4 6 1  -0.0675974354
5 5 1 1  0.0680764536
5 5 7 1  -0.0675974354
5 6 2 1  -0.0006729503
5 6 4 1  -0.0675974354
5 7 3 1  -0.0006729503
5 7 5 1  -0.0675974354
5 0 0 3  -0.0001722937
5 1 1 3  -0.0001722937
5 2 2 3  -0.0001269048
5 2 4 3  0.0048052032
5 3 3 3  -0.0001269048
5 3 5 3  0.0048052032
5 4 2 3  0.0048052032
5 4 4 3  -0.0001269048
5 5 3 3  0.0048052032
5 5 5 3  -0.0001269048
5 6 6 3  -0.0000335092
5 7 7 3  -0.0000335092
5 0 0 5  0.2508320137
5 0 6 5  -0.0400154113
5 1 1 5  0.2508320137
5 1 7 5  -0.0400154113
5 2 2 5  0.2099782338
5 2 4 5  -0.0001269048
5 3 3 5  0.2099782338
5 3 5 5  -0.0001269048
5 4 2 5  -0.0001269048
5 4 4 5  0.2908070612
5 5 3 5  -0.0001269048
5 5 5 5  0.2908070612
5 6 0 5  -0.0400154113
5 6 6 5  0.2567138087
5 7 1 5  -0.0400154113
5 7 7 5  0.2567138087
5 0 2 7  0.0006729503
5 0 4 7  -0.0675974354
5 1 3 7  0.0006729503
5 1 5 7  -0.0675974354
5 2 0 7  0.0006729503
5 2 6 7  0.0007471148
5 3 1 7  0.0006729503
5 3 7 7  0.0007471148
5 4 0 7  -0.0675974354
5 4 6 7  0.0742733570
5 5 1 7  -0.0675974354
5 5 7 7  0.0742733570
5 6 2 7  0.0007471148
5 6 4 7  0.0742733570
5 7 3 7  0.0007471148
5 7 5 7  0.0742733570
6 0 6 0  0.0396437121
6 1 7 0  0.0396437121
6 2 2 0  0.0400154113
6 3 3 0  0.0400154113
6 4 4 0  -0.0400154113
6 5 5 0  -0.0400154113
6 6 0 0  0.0396437121
6 7 1 0  0.0396437121
6 0 2 2  0.0675974354
6 0 4 2  -0.0006729503
6 1 3 2  0.0675974354
6 1 5 2  -0.0006729503
6 2 0 2  0.0675974354
6 2 6 2  0.0742733570
6 3 1 2  0.0675974354
6 3 7 2  0.0742733570
6 4 0 2  -0.0006729503
6 4 6 2  0.0007471148
6 5 1 2  -0.0006729503
6 5 7 2  0.0007471148
6 6 2 2  0.0742733570
6 6 4 2  0.0007471148
6 7 3 2  0.0742733570
6 7 5 2  0.0007471148
6 0 2 4  0.0006729503
6 0 4 4  -0.0675974354
6 1 3 4  0.0006729503
6 1 5 4  -0.0675974354
6 2 0 4  0.0006729503
6 2 6 4  0.0007471148
6 3 1 4  0.0006729503
6 3 7 4  0.0007471148
6 4 0 4  -0.0675974354
6 4 6 4  0.0742733570
6 5 1 4  -0.0675974354
6 5 7 4  0.0742733570
6 6 2 4  0.0007471148
6 6 4 4  0.0742733570
6 7 3 4  0.0007471148
6 7 5 4  0.0742733570
6 0 0 6  0.2529743706
6 1 1 6  0.2529743706
6 2 2 6  0.2567138087
6 2 4 6  -0.0000335092
6 3 3 6  0.2567138087
6 3 5 6  -0.0000335092
6 4 2 6  -0.0000335092
6 4 4 6  0.2567138087
6 5 3 6  -0.0000335092
6 5 5 6  0.2567138087
6 6 6 6  0.2678276736
6 7 7 6  0.2678276736
7 0 6 1  0.0396437121
7 1 7 1  0.0396437121
7 2 2 1  0.0400154113
7 3 3 1  0.0400154113
7 4 4 1  -0.0400154113
7 5 5 1  -0.0400154113
7 6 0 1  0.0396437121
7 7 1 1  0.0396437121
7 0 2 3  0.0675974354
7 0 4 3  -0.0006729503
7 1 3 3  0.0675974354
7 1 5 3  -0.0006729503
7 2 0 3  0.0675974354
7 2 6 3  0.0742733570
7 3 1 3  0.0675974354
7 3 7 3  0.0742733570
7 4 0 3  -0.0006729503
7 4 6 3  0.0007471148
7 5 1 3  -0.0006729503
7 5 7 3  0.0007471148
7 6 2 3  0.0742733570
7 6 4 3  0.0007471148
7 7 3 3  0.0742733570
7 7 5 3  0.0007471148
7 0 2 5  0.0006729503
7 0 4 5  -0.0675974354
7 1 3 5  0.0006729503
7 1 5 5  -0.0675974354
7 2 0 5  0.0006729503
7 2 6 5  0.0007471148
7 3 1 5  0.0006729503
7 3 7 5  0.0007471148
7 4 0 5  -0.0675974354
7 4 6 5  0.0742733570
7 5 1 5  -0.0675974354
7 5 7 5  0.0742733570
7 6 2 5  0.0007471148
7 6 4 5  0.0742733570
7 7 3 5  0.0007471148
7 7 5 5  0.0742733570
7 0 0 7  0.2529743706
7 1 1 7  0.2529743706
7 2 2 7  0.2567138087
7 2 4 7  -0.0000335092
7 3 3 7  0.2567138087
7 3 5 7  -0.0000335092
7 4 2 7  -0.0000335092
7 4 4 7  0.2567138087
7 5 3 7  -0.0000335092
7 5 5 7  0.2567138087
7 6 6 7  0.2678276736
7 7 7 7  0.2678276736
