2.7071067812
0 0  -2.0499328923
1 1  -2.0499328923
2 2  -1.5809028887
3 3  -1.5809028887
4 4  -1.5809028887
5 5  -1.5809028887
6 6  -1.0672861848
7 7  -1.0672861848
0 0 0 0  0.2593868869
0 1 1 0  0.2593868869
0 2 2 0  0.2522722301
0 3 3 0  0.2522722301
0 4 4 0  0.2522722301
0 5 5 0  0.2522722301
0 6 6 0  0.2544481761
0 7 7 0  0.2544481761
0 0 2 2  0.0681322189
0 1 3 2  0.0681322189
0 2 0 2  0.0681322189
0 3 1 2  0.0681322189
0 4 6 2  0.0675225184
0 5 7 2  0.0675225184
0 6 4 2  0.0675225184
0 7 5 2  0.0675225184
0 0 4 4  0.0681322189
0 1 5 4  0.0681322189
0 2 6 4  0.0675225184
0 3 7 4  0.0675225184
0 4 0 4  0.0681322189
0 5 1 4  0.0681322189
0 6 2 4  0.0675225184
0 7 3 4  0.0675225184
0 0 6 6  0.0394812190
0 1 7 6  0.0394812190
0 2 4 6  0.0398041662
0 3 5 6  0.0398041662
0 4 2 6  0.0398041662
0 5 3 6  0.0398041662
0 6 0 6  0.0394812190
0 7 1 6  0.0394812190
1 0 0 1  0.2593868869
1 1 1 1  0.2593868869
1 2 2 1  0.2522722301
1 3 3 1  0.2522722301
1 4 4 1  0.2522722301
1 5 5 1  0.2522722301
1 6 6 1  0.2544481761
1 7 7 1  0.2544481761
1 0 2 3  0.0681322189
1 1 3 3  0.0681322189
1 2 0 3  0.0681322189
1 3 1 3  0.0681322189
1 4 6 3  0.0675225184
1 5 7 3  0.0675225184
1 6 4 3  0.0675225184
1 7 5 3  0.0675225184
1 0 4 5  0.0681322189
1 1 5 5  0.0681322189
1 2 6 5  0.0675225184
1 3 7 5  0.0675225184
1 4 0 5  0.0681322189
1 5 1 5  0.0681322189
1 6 2 5  0.0675225184
1 7 3 5  0.0675225184
1 0 6 7  0.0394812190
1 1 7 7  0.0394812190
1 2 4 7  0.0398041662
1 3 5 7  0.0398041662
1 4 2 7  0.0398041662
1 5 3 7  0.0398041662
1 6 0 7  0.0394812190
1 7 1 7  0.0394812190
2 0 2 0  0.0681322189
2 1 3 0  0.0681322189
2 2 0 0  0.0681322189
2 3 1 0  0.0681322189
2 4 6 0  0.0675225184
2 5 7 0  0.0675225184
2 6 4 0  0.0675225184
2 7 5 0  0.0675225184
2 0 0 2  0.2522722301
2 1 1 2  0.2522722301
2 2 2 2  0.2566863315
2 3 3 2  0.2566863315
2 4 4 2  0.2468121259
2 5 5 2  0.2468121259
2 6 6 2  0.2581451205
2 7 7 2  0.2581451205
2 0 6 4  0.0398041662
2 1 7 4  0.0398041662
2 2 4 4  0.0401536127
2 3 5 4  0.0401536127
2 4 2 4  0.0401536127
2 5 3 4  0.0401536127
2 6 0 4  0.0398041662
2 7 1 4  0.0398041662
2 0 4 6  0.0675225184
2 1 5 6  0.0675225184
2 2 6 6  0.0741886141
2 3 7 6  0.0741886141
2 4 0 6  0.0675225184
2 5 1 6  0.0675225184
2 6 2 6  0.0741886141
2 7 3 6  0.0741886141
3 0 2 1  0.0681322189
3 1 3 1  0.0681322189
3 2 0 1  0.0681322189
3 3 1 1  0.0681322189
3 4 6 1  0.0675225184
3 5 7 1  0.0675225184
3 6 4 1  0.0675225184
3 7 5 1  0.0675225184
3 0 0 3  0.2522722301
3 1 1 3  0.2522722301
3 2 2 3  0.2566863315
3 3 3 3  0.2566863315
3 4 4 3  0.2468121259
3 5 5 3  0.2468121259
3 6 6 3  0.2581451205
3 7 7 3  0.2581451205
3 0 6 5  0.0398041662
3 1 7 5  0.0398041662
3 2 4 5  0.0401536127
3 3 5 5  0.0401536127
3 4 2 5  0.0401536127
3 5 3 5  0.0401536127
3 6 0 5  0.0398041662
3 7 1 5  0.0398041662
3 0 4 7  0.0675225184
3 1 5 7  0.0675225184
3 2 6 7  0.0741886141
3 3 7 7  0.0741886141
3 4 0 7  0.0675225184
3 5 1 7  0.0675225184
3 6 2 7  0.0741886141
3 7 3 7  0.0741886141
4 0 4 0  0.0681322189
4 1 5 0  0.0681322189
4 2 6 0  0.0675225184
4 3 7 0  0.0675225184
4 4 0 0  0.0681322189
4 5 1 0  0.0681322189
4 6 2 0  0.0675225184
4 7 3 0  0.0675225184
4 0 6 2  0.0398041662
4 1 7 2  0.0398041662
4 2 4 2  0.0401536127
4 3 5 2  0.0401536127
4 4 2 2  0.0401536127
4 5 3 2  0.0401536127
4 6 0 2  0.0398041662
4 7 1 2  0.0398041662
4 0 0 4  0.2522722301
4 1 1 4  0.2522722301
4 2 2 4  0.2468121259
4 3 3 4  0.2468121259
4 4 4 4  0.2566863315
4 5 5 4  0.2566863315
4 6 6 4  0.2581451205
4 7 7 4  0.2581451205
4 0 2 6  0.0675225184
4 1 3 6  0.0675225184
4 2 0 6  0.0675225184
4 3 1 6  0.0675225184
4 4 6 6  0.0741886141
4 5 7 6  0.0741886141
4 6 4 6  0.0741886141
4 7 5 6  0.0741886141
5 0 4 1  0.0681322189
5 1 5 1  0.0681322189
5 2 6 1  0.0675225184
5 3 7 1  0.0675225184
5 4 0 1  0.0681322189
5 5 1 1  0.0681322189
5 6 2 1  0.0675225184
5 7 3 1  0.0675225184
5 0 6 3  0.0398041662
5 1 7 3  0.0398041662
5 2 4 3  0.0401536127
5 3 5 3  0.0401536127
5 4 2 3  0.0401536127
5 5 3 3  0.0401536127
5 6 0 3  0.0398041662
5 7 1 3  0.0398041662
5 0 0 5  0.2522722301
5 1 1 5  0.2522722301
5 2 2 5  0.2468121259
5 3 3 5  0.2468121259
5 4 4 5  0.2566863315
5 5 5 5  0.2566863315
5 6 6 5  0.2581451205
5 7 7 5  0.2581451205
5 0 2 7  0.0675225184
5 1 3 7  0.0675225184
5 2 0 7  0.0675225184
5 3 1 7  0.0675225184
5 4 6 7  0.0741886141
5 5 7 7  0.0741886141
5 6 4 7  0.0741886141
5 7 5 7  0.0741886141
6 0 6 0  0.0394812190
6 1 7 0  0.0394812190
6 2 4 0  0.0398041662
6 3 5 0  0.0398041662
6 4 2 0  0.0398041662
6 5 3 0  0.0398041662
6 6 0 0  0.0394812190
6 7 1 0  0.0394812190
6 0 4 2  0.0675225184
6 1 5 2  0.0675225184
6 2 6 2  0.0741886141
6 3 7 2  0.0741886141
6 4 0 2  0.0675225184
6 5 1 2  0.0675225184
6 6 2 2  0.0741886141
6 7 3 2  0.0741886141
6 0 2 4  0.0675225184
6 1 3 4  0.0675225184
6 2 0 4  0.0675225184
6 3 1 4  0.0675225184
6 4 6 4  0.0741886141
6 5 7 4  0.0741886141
6 6 4 4  0.0741886141
6 7 5 4  0.0741886141
6 0 0 6  0.2544481761
6 1 1 6  0.2544481761
6 2 2 6  0.2581451205
6 3 3 6  0.2581451205
6 4 4 6  0.2581451205
6 5 5 6  0.2581451205
6 6 6 6  0.2694278614
6 7 7 6  0.2694278614
7 0 6 1  0.0394812190
7 1 7 1  0.0394812190
7 2 4 1  0.0398041662
7 3 5 1  0.0398041662
7 4 2 1  0.0398041662
7 5 3 1  0.0398041662
7 6 0 1  0.0394812190
7 7 1 1  0.0394812190
7 0 4 3  0.0675225184
7 1 5 3  0.0675225184
7 2 6 3  0.0741886141
7 3 7 3  0.0741886141
7 4 0 3  0.0675225184
7 5 1 3  0.0675225184
7 6 2 3  0.0741886141
7 7 3 3  0.0741886141
7 0 2 5  0.0675225184
7 1 3 5  0.0675225184
7 2 0 5  0.0675225184
7 3 1 5  0.0675225184
7 4 6 5  0.0741886141
7 5 7 5  0.0741886141
7 6 4 5  0.0741886141
7 7 5 5  0.0741886141
7 0 0 7  0.2544481761
7 1 1 7  0.2544481761
7 2 2 7  0.2581451205
7 3 3 7  0.2581451205
7 4 4 7  0.2581451205
7 5 5 7  0.2581451205
7 6 6 7  0.2694278614
7 7 7 7  0.2694278614
