2.7139018779
0 0  -2.0532553404
1 1  -2.0532553404
2 2  -1.5824792982
2 4  -0.0020567423
3 3  -1.5824792982
3 5  -0.0020567423
4 2  -0.0020567423
4 4  -1.5824792982
5 3  -0.0020567423
5 5  -1.5824792982
6 6  -1.0663837035
7 7  -1.0663837035
0 0 0 0  0.2597111501
0 1 1 0  0.2597111501
0 2 2 0  0.2525623797
0 2 4 0  0.0000350367
0 3 3 0  0.2525623797
0 3 5 0  0.0000350367
0 4 2 0  0.0000350367
0 4 4 0  0.2525623797
0 5 3 0  0.0000350367
0 5 5 0  0.2525623797
0 6 6 0  0.2547453884
0 7 7 0  0.2547453884
0 0 2 2  0.0681450139
0 0 4 2  0.0001509296
0 1 3 2  0.0681450139
0 1 5 2  0.0001509296
0 2 0 2  0.0681450139
0 2 6 2  -0.0675088897
0 3 1 2  0.0681450139
0 3 7 2  -0.0675088897
0 4 0 2  0.0001509296
0 4 6 2  0.0001353868
0 5 1 2  0.0001509296
0 5 7 2  0.0001353868
0 6 2 2  -0.0675088897
0 6 4 2  0.0001353868
0 7 3 2  -0.0675088897
0 7 5 2  0.0001353868
0 0 2 4  0.0001509296
0 0 4 4  0.0681450139
0 1 3 4  0.0001509296
0 1 5 4  0.0681450139
0 2 0 4  0.0001509296
0 2 6 4  -0.0001353868
0 3 1 4  0.0001509296
0 3 7 4  -0.0001353868
0 4 0 4  0.0681450139
0 4 6 4  0.0675088897
0 5 1 4  0.0681450139
0 5 7 4  0.0675088897
0 6 2 4  -0.0001353868
0 6 4 4  0.0675088897
0 7 3 4  -0.0001353868
0 7 5 4  0.0675088897
0 0 6 6  0.0394488318
0 1 7 6  0.0394488318
0 2 2 6  -0.0397618724
0 3 3 6  -0.0397618724
0 4 4 6  0.0397618724
0 5 5 6  0.0397618724
0 6 0 6  0.0394488318
0 7 1 6  0.0394488318
1 0 0 1  0.2597111501
1 1 1 1  0.2597111501
1 2 2 1  0.2525623797
1 2 4 1  0.0000350367
1 3 3 1  0.2525623797
1 3 5 1  0.0000350367
1 4 2 1  0.0000350367
1 4 4 1  0.2525623797
1 5 3 1  0.0000350367
1 5 5 1  0.2525623797
1 6 6 1  0.2547453884
1 7 7 1  0.2547453884
1 0 2 3  0.0681450139
1 0 4 3  0.0001509296
1 1 3 3  0.0681450139
1 1 5 3  0.0001509296
1 2 0 3  0.0681450139
1 2 6 3  -0.0675088897
1 3 1 3  0.0681450139
1 3 7 3  -0.0675088897
1 4 0 3  0.0001509296
1 4 6 3  0.0001353868
1 5 1 3  0.0001509296
1 5 7 3  0.0001353868
1 6 2 3  -0.0675088897
1 6 4 3  0.0001353868
1 7 3 3  -0.0675088897
1 7 5 3  0.0001353868
1 0 2 5  0.0001509296
1 0 4 5  0.0681450139
1 1 3 5  0.0001509296
1 1 5 5  0.0681450139
1 2 0 5  0.0001509296
1 2 6 5  -0.0001353868
1 3 1 5  0.0001509296
1 3 7 5  -0.0001353868
1 4 0 5  0.0681450139
1 4 6 5  0.0675088897
1 5 1 5  0.0681450139
1 5 7 5  0.0675088897
1 6 2 5  -0.0001353868
1 6 4 5  0.0675088897
1 7 3 5  -0.0001353868
1 7 5 5  0.0675088897
1 0 6 7  0.0394488318
1 1 7 7  0.0394488318
1 2 2 7  -0.0397618724
1 3 3 7  -0.0397618724
1 4 4 7  0.0397618724
1 5 5 7  0.0397618724
1 6 0 7  0.0394488318
1 7 1 7  0.0394488318
2 0 2 0  0.0681450139
2 0 4 0  0.0001509296
2 1 3 0  0.0681450139
2 1 5 0  0.0001509296
2 2 0 0  0.0681450139
2 2 6 0  -0.0675088897
2 3 1 0  0.0681450139
2 3 7 0  -0.0675088897
2 4 0 0  0.0001509296
2 4 6 0  0.0001353868
2 5 1 0  0.0001509296
2 5 7 0  0.0001353868
2 6 2 0  -0.0675088897
2 6 4 0  0.0001353868
2 7 3 0  -0.0675088897
2 7 5 0  0.0001353868
2 0 0 2  0.2525623797
2 0 6 2  -0.0397618724
2 1 1 2  0.2525623797
2 1 7 2  -0.0397618724
2 2 2 2  0.2921243486
2 2 4 2  0.0000262291
2 3 3 2  0.2921243486
2 3 5 2  0.0000262291
2 4 2 2  0.0000262291
2 4 4 2  0.2119218171
2 5 3 2  0.0000262291
2 5 5 2  0.2119218171
2 6 0 2  -0.0397618724
2 6 6 2  0.2584339755
2 7 1 2  -0.0397618724
2 7 7 2  0.2584339755
2 0 0 4  0.0000350367
2 1 1 4  0.0000350367
2 2 2 4  0.0000262291
2 2 4 4  0.0049636684
2 3 3 4  0.0000262291
2 3 5 4  0.0049636684
2 4 2 4  0.0049636684
2 4 4 4  0.0000262291
2 5 3 4  0.0049636684
2 5 5 4  0.0000262291
2 6 6 4  0.0000075228
2 7 7 4  0.0000075228
2 0 2 6  -0.0675088897
2 0 4 6  -0.0001353868
2 1 3 6  -0.0675088897
2 1 5 6  -0.0001353868
2 2 0 6  -0.0675088897
2 2 6 6  0.0741727068
2 3 1 6  -0.0675088897
2 3 7 6  0.0741727068
2 4 0 6  -0.0001353868
2 4 6 6  -0.0001500056
2 5 1 6  -0.0001353868
2 5 7 6  -0.0001500056
2 6 2 6  0.0741727068
2 6 4 6  -0.0001500056
2 7 3 6  0.0741727068
2 7 5 6  -0.0001500056
3 0 2 1  0.0681450139
3 0 4 1  0.0001509296
3 1 3 1  0.0681450139
3 1 5 1  0.0001509296
3 2 0 1  0.0681450139
3 2 6 1  -0.0675088897
3 3 1 1  0.0681450139
3 3 7 1  -0.0675088897
3 4 0 1  0.0001509296
3 4 6 1  0.0001353868
3 5 1 1  0.0001509296
3 5 7 1  0.0001353868
3 6 2 1  -0.0675088897
3 6 4 1  0.0001353868
3 7 3 1  -0.0675088897
3 7 5 1  0.0001353868
3 0 0 3  0.2525623797
3 0 6 3  -0.0397618724
3 1 1 3  0.2525623797
3 1 7 3  -0.0397618724
3 2 2 3  0.2921243486
3 2 4 3  0.0000262291
3 3 3 3  0.2921243486
3 3 5 3  0.0000262291
3 4 2 3  0.0000262291
3 4 4 3  0.2119218171
3 5 3 3  0.0000262291
3 5 5 3  0.2119218171
3 6 0 3  -0.0397618724
3 6 6 3  0.2584339755
3 7 1 3  -0.0397618724
3 7 7 3  0.2584339755
3 0 0 5  0.0000350367
3 1 1 5  0.0000350367
3 2 2 5  0.0000262291
3 2 4 5  0.0049636684
3 3 3 5  0.0000262291
3 3 5 5  0.0049636684
3 4 2 5  0.0049636684
3 4 4 5  0.0000262291
3 5 3 5  0.0049636684
3 5 5 5  0.0000262291
3 6 6 5  0.0000075228
3 7 7 5  0.0000075228
3 0 2 7  -0.0675088897
3 0 4 7  -0.0001353868
3 1 3 7  -0.0675088897
3 1 5 7  -0.0001353868
3 2 0 7  -0.0675088897
3 2 6 7  0.0741727068
3 3 1 7  -0.0675088897
3 3 7 7  0.0741727068
3 4 0 7  -0.0001353868
3 4 6 7  -0.0001500056
3 5 1 7  -0.0001353868
3 5 7 7  -0.0001500056
3 6 2 7  0.0741727068
3 6 4 7  -0.0001500056
3 7 3 7  0.0741727068
3 7 5 7  -0.0001500056
4 0 2 0  0.0001509296
4 0 4 0  0.0681450139
4 1 3 0  0.0001509296
4 1 5 0  0.0681450139
4 2 0 0  0.0001509296
4 2 6 0  -0.0001353868
4 3 1 0  0.0001509296
4 3 7 0  -0.0001353868
4 4 0 0  0.0681450139
4 4 6 0  0.0675088897
4 5 1 0  0.0681450139
4 5 7 0  0.0675088897
4 6 2 0  -0.0001353868
4 6 4 0  0.0675088897
4 7 3 0  -0.0001353868
4 7 5 0  0.0675088897
4 0 0 2  0.0000350367
4 1 1 2  0.0000350367
4 2 2 2  0.0000262291
4 2 4 2  0.0049636684
4 3 3 2  0.0000262291
4 3 5 2  0.0049636684
4 4 2 2  0.0049636684
4 4 4 2  0.0000262291
4 5 3 2  0.0049636684
4 5 5 2  0.0000262291
4 6 6 2  0.0000075228
4 7 7 2  0.0000075228
4 0 0 4  0.2525623797
4 0 6 4  0.0397618724
4 1 1 4  0.2525623797
4 1 7 4  0.0397618724
4 2 2 4  0.2119218171
4 2 4 4  0.0000262291
4 3 3 4  0.2119218171
4 3 5 4  0.0000262291
4 4 2 4  0.0000262291
4 4 4 4  0.2921243486
4 5 3 4  0.0000262291
4 5 5 4  0.2921243486
4 6 0 4  0.0397618724
4 6 6 4  0.2584339755
4 7 1 4  0.0397618724
4 7 7 4  0.2584339755
4 0 2 6  0.0001353868
4 0 4 6  0.0675088897
4 1 3 6  0.0001353868
4 1 5 6  0.0675088897
4 2 0 6  0.0001353868
4 2 6 6  -0.0001500056
4 3 1 6  0.0001353868
4 3 7 6  -0.0001500056
4 4 0 6  0.0675088897
4 4 6 6  0.0741727068
4 5 1 6  0.0675088897
4 5 7 6  0.0741727068
4 6 2 6  -0.0001500056
4 6 4 6  0.0741727068
4 7 3 6  -0.0001500056
4 7 5 6  0.0741727068
5 0 2 1  0.0001509296
5 0 4 1  0.0681450139
5 1 3 1  0.0001509296
5 1 5 1  0.0681450139
5 2 0 1  0.0001509296
5 2 6 1  -0.0001353868
5 3 1 1  0.0001509296
5 3 7 1  -0.0001353868
5 4 0 1  0.0681450139
5 4 6 1  0.0675088897
5 5 1 1  0.0681450139
5 5 7 1  0.0675088897
5 6 2 1  -0.0001353868
5 6 4 1  0.0675088897
5 7 3 1  -0.0001353868
5 7 5 1  0.0675088897
5 0 0 3  0.0000350367
5 1 1 3  0.0000350367
5 2 2 3  0.0000262291
5 2 4 3  0.0049636684
5 3 3 3  0.0000262291
5 3 5 3  0.0049636684
5 4 2 3  0.0049636684
5 4 4 3  0.0000262291
5 5 3 3  0.0049636684
5 5 5 3  0.0000262291
5 6 6 3  0.0000075228
5 7 7 3  0.0000075228
5 0 0 5  0.2525623797
5 0 6 5  0.0397618724
5 1 1 5  0.2525623797
5 1 7 5  0.0397618724
5 2 2 5  0.2119218171
5 2 4 5  0.0000262291
5 3 3 5  0.2119218171
5 3 5 5  0.0000262291
5 4 2 5  0.0000262291
5 4 4 5  0.2921243486
5 5 3 5  0.0000262291
5 5 5 5  0.2921243486
5 6 0 5  0.0397618724
5 6 6 5  0.2584339755
5 7 1 5  0.0397618724
5 7 7 5  0.2584339755
5 0 2 7  0.0001353868
5 0 4 7  0.0675088897
5 1 3 7  0.0001353868
5 1 5 7  0.0675088897
5 2 0 7  0.0001353868
5 2 6 7  -0.0001500056
5 3 1 7  0.0001353868
5 3 7 7  -0.0001500056
5 4 0 7  0.0675088897
5 4 6 7  0.0741727068
5 5 1 7  0.0675088897
5 5 7 7  0.0741727068
5 6 2 7  -0.0001500056
5 6 4 7  0.0741727068
5 7 3 7  -0.0001500056
5 7 5 7  0.0741727068
6 0 6 0  0.0394488318
6 1 7 0  0.0394488318
6 2 2 0  -0.0397618724
6 3 3 0  -0.0397618724
6 4 4 0  0.0397618724
6 5 5 0  0.0397618724
6 6 0 0  0.0394488318
6 7 1 0  0.0394488318
6 0 2 2  -0.0675088897
6 0 4 2  -0.0001353868
6 1 3 2  -0.0675088897
6 1 5 2  -0.0001353868
6 2 0 2  -0.0675088897
6 2 6 2  0.0741727068
6 3 1 2  -0.0675088897
6 3 7 2  0.0741727068
6 4 0 2  -0.0001353868
6 4 6 2  -0.0001500056
6 5 1 2  -0.0001353868
6 5 7 2  -0.0001500056
6 6 2 2  0.0741727068
6 6 4 2  -0.0001500056
6 7 3 2  0.0741727068
6 7 5 2  -0.0001500056
6 0 2 4  0.0001353868
6 0 4 4  0.0675088897
6 1 3 4  0.0001353868
6 1 5 4  0.0675088897
6 2 0 4  0.0001353868
6 2 6 4  -0.0001500056
6 3 1 4  0.0001353868
6 3 7 4  -0.0001500056
6 4 0 4  0.0675088897
6 4 6 4  0.0741727068
6 5 1 4  0.0675088897
6 5 7 4  0.0741727068
6 6 2 4  -0.0001500056
6 6 4 4  0.0741727068
6 7 3 4  -0.0001500056
6 7 5 4  0.0741727068
6 0 0 6  0.2547453884
6 1 1 6  0.2547453884
6 2 2 6  0.2584339755
6 2 4 6  0.0000075228
6 3 3 6  0.2584339755
6 3 5 6  0.0000075228
6 4 2 6  0.0000075228
6 4 4 6  0.2584339755
6 5 3 6  0.0000075228
6 5 5 6  0.2584339755
6 6 6 6  0.2697504306
6 7 7 6  0.2697504306
7 0 6 1  0.0394488318
7 1 7 1  0.0394488318
7 2 2 1  -0.0397618724
7 3 3 1  -0.0397618724
7 4 4 1  0.0397618724
7 5 5 1  0.0397618724
7 6 0 1  0.0394488318
7 7 1 1  0.0394488318
7 0 2 3  -0.0675088897
7 0 4 3  -0.0001353868
7 1 3 3  -0.0675088897
7 1 5 3  -0.0001353868
7 2 0 3  -0.0675088897
7 2 6 3  0.0741727068
7 3 1 3  -0.0675088897
7 3 7 3  0.0741727068
7 4 0 3  -0.0001353868
7 4 6 3  -0.0001500056
7 5 1 3  -0.0001353868
7 5 7 3  -0.0001500056
7 6 2 3  0.0741727068
7 6 4 3  -0.0001500056
7 7 3 3  0.0741727068
7 7 5 3  -0.0001500056
7 0 2 5  0.0001353868
7 0 4 5  0.0675088897
7 1 3 5  0.0001353868
7 1 5 5  0.0675088897
7 2 0 5  0.0001353868
7 2 6 5  -0.0001500056
7 3 1 5  0.0001353868
7 3 7 5  -0.0001500056
7 4 0 5  0.0675088897
7 4 6 5  0.0741727068
7 5 1 5  0.0675088897
7 5 7 5  0.0741727068
7 6 2 5  -0.0001500056
7 6 4 5  0.0741727068
7 7 3 5  -0.0001500056
7 7 5 5  0.0741727068
7 0 0 7  0.2547453884
7 1 1 7  0.2547453884
7 2 2 7  0.2584339755
7 2 4 7  0.0000075228
7 3 3 7  0.2584339755
7 3 5 7  0.0000075228
7 4 2 7  0.0000075228
7 4 4 7  0.2584339755
7 5 3 7  0.0000075228
7 5 5 7  0.2584339755
7 6 6 7  0.2697504306
7 7 7 7  0.2697504306
