 MO Integrals

2.2213668629
0 0  -1.7736731253
1 1  -1.7736731253
2 2  -1.5709778252
3 3  -1.5709778252
4 4  -1.2860922902
5 5  -1.2860922902
6 6  -1.0805790498
7 7  -1.0805790498
0 0 0 0  0.2308927467
0 1 1 0  0.2308927467
0 2 2 0  0.2297799993
0 3 3 0  0.2297799993
0 4 4 0  0.2253515310
0 5 5 0  0.2253515310
0 6 6 0  0.2290337234
0 7 7 0  0.2290337234
0 0 2 2  0.0823972853
0 1 3 2  0.0823972853
0 2 0 2  0.0823972853
0 3 1 2  0.0823972853
0 4 6 2  0.0825767636
0 5 7 2  0.0825767636
0 6 4 2  0.0825767636
0 7 5 2  0.0825767636
0 0 4 4  0.0564491632
0 1 5 4  0.0564491632
0 2 6 4  0.0585995111
0 3 7 4  0.0585995111
0 4 0 4  0.0564491632
0 5 1 4  0.0564491632
0 6 2 4  0.0585995111
0 7 3 4  0.0585995111
0 0 6 6  0.0427229602
0 1 7 6  0.0427229602
0 2 4 6  0.0436921543
0 3 5 6  0.0436921543
0 4 2 6  0.0436921543
0 5 3 6  0.0436921543
0 6 0 6  0.0427229602
0 7 1 6  0.0427229602
1 0 0 1  0.2308927467
1 1 1 1  0.2308927467
1 2 2 1  0.2297799993
1 3 3 1  0.2297799993
1 4 4 1  0.2253515310
1 5 5 1  0.2253515310
1 6 6 1  0.2290337234
1 7 7 1  0.2290337234
1 0 2 3  0.0823972853
1 1 3 3  0.0823972853
1 2 0 3  0.0823972853
1 3 1 3  0.0823972853
1 4 6 3  0.0825767636
1 5 7 3  0.0825767636
1 6 4 3  0.0825767636
1 7 5 3  0.0825767636
1 0 4 5  0.0564491632
1 1 5 5  0.0564491632
1 2 6 5  0.0585995111
1 3 7 5  0.0585995111
1 4 0 5  0.0564491632
1 5 1 5  0.0564491632
1 6 2 5  0.0585995111
1 7 3 5  0.0585995111
1 0 6 7  0.0427229602
1 1 7 7  0.0427229602
1 2 4 7  0.0436921543
1 3 5 7  0.0436921543
1 4 2 7  0.0436921543
1 5 3 7  0.0436921543
1 6 0 7  0.0427229602
1 7 1 7  0.0427229602
2 0 2 0  0.0823972853
2 1 3 0  0.0823972853
2 2 0 0  0.0823972853
2 3 1 0  0.0823972853
2 4 6 0  0.0825767636
2 5 7 0  0.0825767636
2 6 4 0  0.0825767636
2 7 5 0  0.0825767636
2 0 0 2  0.2297799993
2 1 1 2  0.2297799993
2 2 2 2  0.2341591112
2 3 3 2  0.2341591112
2 4 4 2  0.2260027150
2 5 5 2  0.2260027150
2 6 6 2  0.2332985558
2 7 7 2  0.2332985558
2 0 6 4  0.0436921543
2 1 7 4  0.0436921543
2 2 4 4  0.0447053302
2 3 5 4  0.0447053302
2 4 2 4  0.0447053302
2 5 3 4  0.0447053302
2 6 0 4  0.0436921543
2 7 1 4  0.0436921543
2 0 4 6  0.0585995111
2 1 5 6  0.0585995111
2 2 6 6  0.0634351640
2 3 7 6  0.0634351640
2 4 0 6  0.0585995111
2 5 1 6  0.0585995111
2 6 2 6  0.0634351640
2 7 3 6  0.0634351640
3 0 2 1  0.0823972853
3 1 3 1  0.0823972853
3 2 0 1  0.0823972853
3 3 1 1  0.0823972853
3 4 6 1  0.0825767636
3 5 7 1  0.0825767636
3 6 4 1  0.0825767636
3 7 5 1  0.0825767636
3 0 0 3  0.2297799993
3 1 1 3  0.2297799993
3 2 2 3  0.2341591112
3 3 3 3  0.2341591112
3 4 4 3  0.2260027150
3 5 5 3  0.2260027150
3 6 6 3  0.2332985558
3 7 7 3  0.2332985558
3 0 6 5  0.0436921543
3 1 7 5  0.0436921543
3 2 4 5  0.0447053302
3 3 5 5  0.0447053302
3 4 2 5  0.0447053302
3 5 3 5  0.0447053302
3 6 0 5  0.0436921543
3 7 1 5  0.0436921543
3 0 4 7  0.0585995111
3 1 5 7  0.0585995111
3 2 6 7  0.0634351640
3 3 7 7  0.0634351640
3 4 0 7  0.0585995111
3 5 1 7  0.0585995111
3 6 2 7  0.0634351640
3 7 3 7  0.0634351640
4 0 4 0  0.0564491632
4 1 5 0  0.0564491632
4 2 6 0  0.0585995111
4 3 7 0  0.0585995111
4 4 0 0  0.0564491632
4 5 1 0  0.0564491632
4 6 2 0  0.0585995111
4 7 3 0  0.0585995111
4 0 6 2  0.0436921543
4 1 7 2  0.0436921543
4 2 4 2  0.0447053302
4 3 5 2  0.0447053302
4 4 2 2  0.0447053302
4 5 3 2  0.0447053302
4 6 0 2  0.0436921543
4 7 1 2  0.0436921543
4 0 0 4  0.2253515310
4 1 1 4  0.2253515310
4 2 2 4  0.2260027150
4 3 3 4  0.2260027150
4 4 4 4  0.2295144117
4 5 5 4  0.2295144117
4 6 6 4  0.2339474447
4 7 7 4  0.2339474447
4 0 2 6  0.0825767636
4 1 3 6  0.0825767636
4 2 0 6  0.0825767636
4 3 1 6  0.0825767636
4 4 6 6  0.0905772039
4 5 7 6  0.0905772039
4 6 4 6  0.0905772039
4 7 5 6  0.0905772039
5 0 4 1  0.0564491632
5 1 5 1  0.0564491632
5 2 6 1  0.0585995111
5 3 7 1  0.0585995111
5 4 0 1  0.0564491632
5 5 1 1  0.0564491632
5 6 2 1  0.0585995111
5 7 3 1  0.0585995111
5 0 6 3  0.0436921543
5 1 7 3  0.0436921543
5 2 4 3  0.0447053302
5 3 5 3  0.0447053302
5 4 2 3  0.0447053302
5 5 3 3  0.0447053302
5 6 0 3  0.0436921543
5 7 1 3  0.0436921543
5 0 0 5  0.2253515310
5 1 1 5  0.2253515310
5 2 2 5  0.2260027150
5 3 3 5  0.2260027150
5 4 4 5  0.2295144117
5 5 5 5  0.2295144117
5 6 6 5  0.2339474447
5 7 7 5  0.2339474447
5 0 2 7  0.0825767636
5 1 3 7  0.0825767636
5 2 0 7  0.0825767636
5 3 1 7  0.0825767636
5 4 6 7  0.0905772039
5 5 7 7  0.0905772039
5 6 4 7  0.0905772039
5 7 5 7  0.0905772039
6 0 6 0  0.0427229602
6 1 7 0  0.0427229602
6 2 4 0  0.0436921543
6 3 5 0  0.0436921543
6 4 2 0  0.0436921543
6 5 3 0  0.0436921543
6 6 0 0  0.0427229602
6 7 1 0  0.0427229602
6 0 4 2  0.0585995111
6 1 5 2  0.0585995111
6 2 6 2  0.0634351640
6 3 7 2  0.0634351640
6 4 0 2  0.0585995111
6 5 1 2  0.0585995111
6 6 2 2  0.0634351640
6 7 3 2  0.0634351640
6 0 2 4  0.0825767636
6 1 3 4  0.0825767636
6 2 0 4  0.0825767636
6 3 1 4  0.0825767636
6 4 6 4  0.0905772039
6 5 7 4  0.0905772039
6 6 4 4  0.0905772039
6 7 5 4  0.0905772039
6 0 0 6  0.2290337234
6 1 1 6  0.2290337234
6 2 2 6  0.2332985558
6 3 3 6  0.2332985558
6 4 4 6  0.2339474447
6 5 5 6  0.2339474447
6 6 6 6  0.2415601565
6 7 7 6  0.2415601565
7 0 6 1  0.0427229602
7 1 7 1  0.0427229602
7 2 4 1  0.0436921543
7 3 5 1  0.0436921543
7 4 2 1  0.0436921543
7 5 3 1  0.0436921543
7 6 0 1  0.0427229602
7 7 1 1  0.0427229602
7 0 4 3  0.0585995111
7 1 5 3  0.0585995111
7 2 6 3  0.0634351640
7 3 7 3  0.0634351640
7 4 0 3  0.0585995111
7 5 1 3  0.0585995111
7 6 2 3  0.0634351640
7 7 3 3  0.0634351640
7 0 2 5  0.0825767636
7 1 3 5  0.0825767636
7 2 0 5  0.0825767636
7 3 1 5  0.0825767636
7 4 6 5  0.0905772039
7 5 7 5  0.0905772039
7 6 4 5  0.0905772039
7 7 5 5  0.0905772039
7 0 0 7  0.2290337234
7 1 1 7  0.2290337234
7 2 2 7  0.2332985558
7 3 3 7  0.2332985558
7 4 4 7  0.2339474447
7 5 5 7  0.2339474447
7 6 6 7  0.2415601565
7 7 7 7  0.2415601565

 E(FCI) = -2.1165510839

 E(HF)  = -2.0291804692
