 MO Integrals

2.7776310125
0 0  -2.0836552308
1 1  -2.0836552308
2 2  -1.5965699775
2 4  0.0213029209
3 3  -1.5965699775
3 5  0.0213029209
4 2  0.0213029209
4 4  -1.5965699775
5 3  0.0213029209
5 5  -1.5965699775
6 6  -1.0571739977
7 7  -1.0571739977
0 0 0 0  0.2626482372
0 1 1 0  0.2626482372
0 2 2 0  0.2552034618
0 2 4 0  -0.0003580781
0 3 3 0  0.2552034618
0 3 5 0  -0.0003580781
0 4 2 0  -0.0003580781
0 4 4 0  0.2552034618
0 5 3 0  -0.0003580781
0 5 5 0  0.2552034618
0 6 6 0  0.2574566729
0 7 7 0  0.2574566729
0 0 2 2  0.0682845867
0 0 4 2  -0.0015229400
0 1 3 2  0.0682845867
0 1 5 2  -0.0015229400
0 2 0 2  0.0682845867
0 2 6 2  -0.0674073444
0 3 1 2  0.0682845867
0 3 7 2  -0.0674073444
0 4 0 2  -0.0015229400
0 4 6 2  -0.0013654865
0 5 1 2  -0.0015229400
0 5 7 2  -0.0013654865
0 6 2 2  -0.0674073444
0 6 4 2  -0.0013654865
0 7 3 2  -0.0674073444
0 7 5 2  -0.0013654865
0 0 2 4  -0.0015229400
0 0 4 4  0.0682845867
0 1 3 4  -0.0015229400
0 1 5 4  0.0682845867
0 2 0 4  -0.0015229400
0 2 6 4  0.0013654865
0 3 1 4  -0.0015229400
0 3 7 4  0.0013654865
0 4 0 4  0.0682845867
0 4 6 4  0.0674073444
0 5 1 4  0.0682845867
0 5 7 4  0.0674073444
0 6 2 4  0.0013654865
0 6 4 4  0.0674073444
0 7 3 4  0.0013654865
0 7 5 4  0.0674073444
0 0 6 6  0.0391592140
0 1 7 6  0.0391592140
0 2 2 6  -0.0393809554
0 3 3 6  -0.0393809554
0 4 4 6  0.0393809554
0 5 5 6  0.0393809554
0 6 0 6  0.0391592140
0 7 1 6  0.0391592140
1 0 0 1  0.2626482372
1 1 1 1  0.2626482372
1 2 2 1  0.2552034618
1 2 4 1  -0.0003580781
1 3 3 1  0.2552034618
1 3 5 1  -0.0003580781
1 4 2 1  -0.0003580781
1 4 4 1  0.2552034618
1 5 3 1  -0.0003580781
1 5 5 1  0.2552034618
1 6 6 1  0.2574566729
1 7 7 1  0.2574566729
1 0 2 3  0.0682845867
1 0 4 3  -0.0015229400
1 1 3 3  0.0682845867
1 1 5 3  -0.0015229400
1 2 0 3  0.0682845867
1 2 6 3  -0.0674073444
1 3 1 3  0.0682845867
1 3 7 3  -0.0674073444
1 4 0 3  -0.0015229400
1 4 6 3  -0.0013654865
1 5 1 3  -0.0015229400
1 5 7 3  -0.0013654865
1 6 2 3  -0.0674073444
1 6 4 3  -0.0013654865
1 7 3 3  -0.0674073444
1 7 5 3  -0.0013654865
1 0 2 5  -0.0015229400
1 0 4 5  0.0682845867
1 1 3 5  -0.0015229400
1 1 5 5  0.0682845867
1 2 0 5  -0.0015229400
1 2 6 5  0.0013654865
1 3 1 5  -0.0015229400
1 3 7 5  0.0013654865
1 4 0 5  0.0682845867
1 4 6 5  0.0674073444
1 5 1 5  0.0682845867
1 5 7 5  0.0674073444
1 6 2 5  0.0013654865
1 6 4 5  0.0674073444
1 7 3 5  0.0013654865
1 7 5 5  0.0674073444
1 0 6 7  0.0391592140
1 1 7 7  0.0391592140
1 2 2 7  -0.0393809554
1 3 3 7  -0.0393809554
1 4 4 7  0.0393809554
1 5 5 7  0.0393809554
1 6 0 7  0.0391592140
1 7 1 7  0.0391592140
2 0 2 0  0.0682845867
2 0 4 0  -0.0015229400
2 1 3 0  0.0682845867
2 1 5 0  -0.0015229400
2 2 0 0  0.0682845867
2 2 6 0  -0.0674073444
2 3 1 0  0.0682845867
2 3 7 0  -0.0674073444
2 4 0 0  -0.0015229400
2 4 6 0  -0.0013654865
2 5 1 0  -0.0015229400
2 5 7 0  -0.0013654865
2 6 2 0  -0.0674073444
2 6 4 0  -0.0013654865
2 7 3 0  -0.0674073444
2 7 5 0  -0.0013654865
2 0 0 2  0.2552034618
2 0 6 2  -0.0393809554
2 1 1 2  0.2552034618
2 1 7 2  -0.0393809554
2 2 2 2  0.2941528732
2 2 4 2  -0.0002744678
2 3 3 2  0.2941528732
2 3 5 2  -0.0002744678
2 4 2 2  -0.0002744678
2 4 4 2  0.2148968072
2 5 3 2  -0.0002744678
2 5 5 2  0.2148968072
2 6 0 2  -0.0393809554
2 6 6 2  0.2610725767
2 7 1 2  -0.0393809554
2 7 7 2  0.2610725767
2 0 0 4  -0.0003580781
2 1 1 4  -0.0003580781
2 2 2 4  -0.0002744678
2 2 4 4  0.0052047942
2 3 3 4  -0.0002744678
2 3 5 4  0.0052047942
2 4 2 4  0.0052047942
2 4 4 4  -0.0002744678
2 5 3 4  0.0052047942
2 5 5 4  -0.0002744678
2 6 6 4  -0.0000877793
2 7 7 4  -0.0000877793
2 0 2 6  -0.0674073444
2 0 4 6  0.0013654865
2 1 3 6  -0.0674073444
2 1 5 6  0.0013654865
2 2 0 6  -0.0674073444
2 2 6 6  0.0740460787
2 3 1 6  -0.0674073444
2 3 7 6  0.0740460787
2 4 0 6  0.0013654865
2 4 6 6  0.0015083123
2 5 1 6  0.0013654865
2 5 7 6  0.0015083123
2 6 2 6  0.0740460787
2 6 4 6  0.0015083123
2 7 3 6  0.0740460787
2 7 5 6  0.0015083123
3 0 2 1  0.0682845867
3 0 4 1  -0.0015229400
3 1 3 1  0.0682845867
3 1 5 1  -0.0015229400
3 2 0 1  0.0682845867
3 2 6 1  -0.0674073444
3 3 1 1  0.0682845867
3 3 7 1  -0.0674073444
3 4 0 1  -0.0015229400
3 4 6 1  -0.0013654865
3 5 1 1  -0.0015229400
3 5 7 1  -0.0013654865
3 6 2 1  -0.0674073444
3 6 4 1  -0.0013654865
3 7 3 1  -0.0674073444
3 7 5 1  -0.0013654865
3 0 0 3  0.2552034618
3 0 6 3  -0.0393809554
3 1 1 3  0.2552034618
3 1 7 3  -0.0393809554
3 2 2 3  0.2941528732
3 2 4 3  -0.0002744678
3 3 3 3  0.2941528732
3 3 5 3  -0.0002744678
3 4 2 3  -0.0002744678
3 4 4 3  0.2148968072
3 5 3 3  -0.0002744678
3 5 5 3  0.2148968072
3 6 0 3  -0.0393809554
3 6 6 3  0.2610725767
3 7 1 3  -0.0393809554
3 7 7 3  0.2610725767
3 0 0 5  -0.0003580781
3 1 1 5  -0.0003580781
3 2 2 5  -0.0002744678
3 2 4 5  0.0052047942
3 3 3 5  -0.0002744678
3 3 5 5  0.0052047942
3 4 2 5  0.0052047942
3 4 4 5  -0.0002744678
3 5 3 5  0.0052047942
3 5 5 5  -0.0002744678
3 6 6 5  -0.0000877793
3 7 7 5  -0.0000877793
3 0 2 7  -0.0674073444
3 0 4 7  0.0013654865
3 1 3 7  -0.0674073444
3 1 5 7  0.0013654865
3 2 0 7  -0.0674073444
3 2 6 7  0.0740460787
3 3 1 7  -0.0674073444
3 3 7 7  0.0740460787
3 4 0 7  0.0013654865
3 4 6 7  0.0015083123
3 5 1 7  0.0013654865
3 5 7 7  0.0015083123
3 6 2 7  0.0740460787
3 6 4 7  0.0015083123
3 7 3 7  0.0740460787
3 7 5 7  0.0015083123
4 0 2 0  -0.0015229400
4 0 4 0  0.0682845867
4 1 3 0  -0.0015229400
4 1 5 0  0.0682845867
4 2 0 0  -0.0015229400
4 2 6 0  0.0013654865
4 3 1 0  -0.0015229400
4 3 7 0  0.0013654865
4 4 0 0  0.0682845867
4 4 6 0  0.0674073444
4 5 1 0  0.0682845867
4 5 7 0  0.0674073444
4 6 2 0  0.0013654865
4 6 4 0  0.0674073444
4 7 3 0  0.0013654865
4 7 5 0  0.0674073444
4 0 0 2  -0.0003580781
4 1 1 2  -0.0003580781
4 2 2 2  -0.0002744678
4 2 4 2  0.0052047942
4 3 3 2  -0.0002744678
4 3 5 2  0.0052047942
4 4 2 2  0.0052047942
4 4 4 2  -0.0002744678
4 5 3 2  0.0052047942
4 5 5 2  -0.0002744678
4 6 6 2  -0.0000877793
4 7 7 2  -0.0000877793
4 0 0 4  0.2552034618
4 0 6 4  0.0393809554
4 1 1 4  0.2552034618
4 1 7 4  0.0393809554
4 2 2 4  0.2148968072
4 2 4 4  -0.0002744678
4 3 3 4  0.2148968072
4 3 5 4  -0.0002744678
4 4 2 4  -0.0002744678
4 4 4 4  0.2941528732
4 5 3 4  -0.0002744678
4 5 5 4  0.2941528732
4 6 0 4  0.0393809554
4 6 6 4  0.2610725767
4 7 1 4  0.0393809554
4 7 7 4  0.2610725767
4 0 2 6  -0.0013654865
4 0 4 6  0.0674073444
4 1 3 6  -0.0013654865
4 1 5 6  0.0674073444
4 2 0 6  -0.0013654865
4 2 6 6  0.0015083123
4 3 1 6  -0.0013654865
4 3 7 6  0.0015083123
4 4 0 6  0.0674073444
4 4 6 6  0.0740460787
4 5 1 6  0.0674073444
4 5 7 6  0.0740460787
4 6 2 6  0.0015083123
4 6 4 6  0.0740460787
4 7 3 6  0.0015083123
4 7 5 6  0.0740460787
5 0 2 1  -0.0015229400
5 0 4 1  0.0682845867
5 1 3 1  -0.0015229400
5 1 5 1  0.0682845867
5 2 0 1  -0.0015229400
5 2 6 1  0.0013654865
5 3 1 1  -0.0015229400
5 3 7 1  0.0013654865
5 4 0 1  0.0682845867
5 4 6 1  0.0674073444
5 5 1 1  0.0682845867
5 5 7 1  0.0674073444
5 6 2 1  0.0013654865
5 6 4 1  0.0674073444
5 7 3 1  0.0013654865
5 7 5 1  0.0674073444
5 0 0 3  -0.0003580781
5 1 1 3  -0.0003580781
5 2 2 3  -0.0002744678
5 2 4 3  0.0052047942
5 3 3 3  -0.0002744678
5 3 5 3  0.0052047942
5 4 2 3  0.0052047942
5 4 4 3  -0.0002744678
5 5 3 3  0.0052047942
5 5 5 3  -0.0002744678
5 6 6 3  -0.0000877793
5 7 7 3  -0.0000877793
5 0 0 5  0.2552034618
5 0 6 5  0.0393809554
5 1 1 5  0.2552034618
5 1 7 5  0.0393809554
5 2 2 5  0.2148968072
5 2 4 5  -0.0002744678
5 3 3 5  0.2148968072
5 3 5 5  -0.0002744678
5 4 2 5  -0.0002744678
5 4 4 5  0.2941528732
5 5 3 5  -0.0002744678
5 5 5 5  0.2941528732
5 6 0 5  0.0393809554
5 6 6 5  0.2610725767
5 7 1 5  0.0393809554
5 7 7 5  0.2610725767
5 0 2 7  -0.0013654865
5 0 4 7  0.0674073444
5 1 3 7  -0.0013654865
5 1 5 7  0.0674073444
5 2 0 7  -0.0013654865
5 2 6 7  0.0015083123
5 3 1 7  -0.0013654865
5 3 7 7  0.0015083123
5 4 0 7  0.0674073444
5 4 6 7  0.0740460787
5 5 1 7  0.0674073444
5 5 7 7  0.0740460787
5 6 2 7  0.0015083123
5 6 4 7  0.0740460787
5 7 3 7  0.0015083123
5 7 5 7  0.0740460787
6 0 6 0  0.0391592140
6 1 7 0  0.0391592140
6 2 2 0  -0.0393809554
6 3 3 0  -0.0393809554
6 4 4 0  0.0393809554
6 5 5 0  0.0393809554
6 6 0 0  0.0391592140
6 7 1 0  0.0391592140
6 0 2 2  -0.0674073444
6 0 4 2  0.0013654865
6 1 3 2  -0.0674073444
6 1 5 2  0.0013654865
6 2 0 2  -0.0674073444
6 2 6 2  0.0740460787
6 3 1 2  -0.0674073444
6 3 7 2  0.0740460787
6 4 0 2  0.0013654865
6 4 6 2  0.0015083123
6 5 1 2  0.0013654865
6 5 7 2  0.0015083123
6 6 2 2  0.0740460787
6 6 4 2  0.0015083123
6 7 3 2  0.0740460787
6 7 5 2  0.0015083123
6 0 2 4  -0.0013654865
6 0 4 4  0.0674073444
6 1 3 4  -0.0013654865
6 1 5 4  0.0674073444
6 2 0 4  -0.0013654865
6 2 6 4  0.0015083123
6 3 1 4  -0.0013654865
6 3 7 4  0.0015083123
6 4 0 4  0.0674073444
6 4 6 4  0.0740460787
6 5 1 4  0.0674073444
6 5 7 4  0.0740460787
6 6 2 4  0.0015083123
6 6 4 4  0.0740460787
6 7 3 4  0.0015083123
6 7 5 4  0.0740460787
6 0 0 6  0.2574566729
6 1 1 6  0.2574566729
6 2 2 6  0.2610725767
6 2 4 6  -0.0000877793
6 3 3 6  0.2610725767
6 3 5 6  -0.0000877793
6 4 2 6  -0.0000877793
6 4 4 6  0.2610725767
6 5 3 6  -0.0000877793
6 5 5 6  0.2610725767
6 6 6 6  0.2726921744
6 7 7 6  0.2726921744
7 0 6 1  0.0391592140
7 1 7 1  0.0391592140
7 2 2 1  -0.0393809554
7 3 3 1  -0.0393809554
7 4 4 1  0.0393809554
7 5 5 1  0.0393809554
7 6 0 1  0.0391592140
7 7 1 1  0.0391592140
7 0 2 3  -0.0674073444
7 0 4 3  0.0013654865
7 1 3 3  -0.0674073444
7 1 5 3  0.0013654865
7 2 0 3  -0.0674073444
7 2 6 3  0.0740460787
7 3 1 3  -0.0674073444
7 3 7 3  0.0740460787
7 4 0 3  0.0013654865
7 4 6 3  0.0015083123
7 5 1 3  0.0013654865
7 5 7 3  0.0015083123
7 6 2 3  0.0740460787
7 6 4 3  0.0015083123
7 7 3 3  0.0740460787
7 7 5 3  0.0015083123
7 0 2 5  -0.0013654865
7 0 4 5  0.0674073444
7 1 3 5  -0.0013654865
7 1 5 5  0.0674073444
7 2 0 5  -0.0013654865
7 2 6 5  0.0015083123
7 3 1 5  -0.0013654865
7 3 7 5  0.0015083123
7 4 0 5  0.0674073444
7 4 6 5  0.0740460787
7 5 1 5  0.0674073444
7 5 7 5  0.0740460787
7 6 2 5  0.0015083123
7 6 4 5  0.0740460787
7 7 3 5  0.0015083123
7 7 5 5  0.0740460787
7 0 0 7  0.2574566729
7 1 1 7  0.2574566729
7 2 2 7  0.2610725767
7 2 4 7  -0.0000877793
7 3 3 7  0.2610725767
7 3 5 7  -0.0000877793
7 4 2 7  -0.0000877793
7 4 4 7  0.2610725767
7 5 3 7  -0.0000877793
7 5 5 7  0.2610725767
7 6 6 7  0.2726921744
7 7 7 7  0.2726921744

 E(FCI) = -1.9381157132

 E(HF)  = -1.7007278354
