 MO Integrals

2.4246950476
0 0  -1.8981071589
1 1  -1.8981071589
2 2  -1.5020807340
2 4  -0.0851208465
3 3  -1.5020807340
3 5  -0.0851208465
4 2  -0.0851208465
4 4  -1.5020807340
5 3  -0.0851208465
5 5  -1.5020807340
6 6  -1.0888467438
7 7  -1.0888467438
0 0 0 0  0.2440077449
0 1 1 0  0.2440077449
0 2 2 0  0.2387821434
0 2 4 0  0.0014488200
0 3 3 0  0.2387821434
0 3 5 0  0.0014488200
0 4 2 0  0.0014488200
0 4 4 0  0.2387821434
0 5 3 0  0.0014488200
0 5 5 0  0.2387821434
0 6 6 0  0.2406574795
0 7 7 0  0.2406574795
0 0 2 2  0.0681836497
0 0 4 2  0.0070552889
0 1 3 2  0.0681836497
0 1 5 2  0.0070552889
0 2 0 2  0.0681836497
0 2 6 2  0.0687102440
0 3 1 2  0.0681836497
0 3 7 2  0.0687102440
0 4 0 2  0.0070552889
0 4 6 2  -0.0064025040
0 5 1 2  0.0070552889
0 5 7 2  -0.0064025040
0 6 2 2  0.0687102440
0 6 4 2  -0.0064025040
0 7 3 2  0.0687102440
0 7 5 2  -0.0064025040
0 0 2 4  0.0070552889
0 0 4 4  0.0681836497
0 1 3 4  0.0070552889
0 1 5 4  0.0681836497
0 2 0 4  0.0070552889
0 2 6 4  0.0064025040
0 3 1 4  0.0070552889
0 3 7 4  0.0064025040
0 4 0 4  0.0681836497
0 4 6 4  -0.0687102440
0 5 1 4  0.0681836497
0 5 7 4  -0.0687102440
0 6 2 4  0.0064025040
0 6 4 4  -0.0687102440
0 7 3 4  0.0064025040
0 7 5 4  -0.0687102440
0 0 6 6  0.0411264753
0 1 7 6  0.0411264753
0 2 2 6  0.0418646539
0 3 3 6  0.0418646539
0 4 4 6  -0.0418646539
0 5 5 6  -0.0418646539
0 6 0 6  0.0411264753
0 7 1 6  0.0411264753
1 0 0 1  0.2440077449
1 1 1 1  0.2440077449
1 2 2 1  0.2387821434
1 2 4 1  0.0014488200
1 3 3 1  0.2387821434
1 3 5 1  0.0014488200
1 4 2 1  0.0014488200
1 4 4 1  0.2387821434
1 5 3 1  0.0014488200
1 5 5 1  0.2387821434
1 6 6 1  0.2406574795
1 7 7 1  0.2406574795
1 0 2 3  0.0681836497
1 0 4 3  0.0070552889
1 1 3 3  0.0681836497
1 1 5 3  0.0070552889
1 2 0 3  0.0681836497
1 2 6 3  0.0687102440
1 3 1 3  0.0681836497
1 3 7 3  0.0687102440
1 4 0 3  0.0070552889
1 4 6 3  -0.0064025040
1 5 1 3  0.0070552889
1 5 7 3  -0.0064025040
1 6 2 3  0.0687102440
1 6 4 3  -0.0064025040
1 7 3 3  0.0687102440
1 7 5 3  -0.0064025040
1 0 2 5  0.0070552889
1 0 4 5  0.0681836497
1 1 3 5  0.0070552889
1 1 5 5  0.0681836497
1 2 0 5  0.0070552889
1 2 6 5  0.0064025040
1 3 1 5  0.0070552889
1 3 7 5  0.0064025040
1 4 0 5  0.0681836497
1 4 6 5  -0.0687102440
1 5 1 5  0.0681836497
1 5 7 5  -0.0687102440
1 6 2 5  0.0064025040
1 6 4 5  -0.0687102440
1 7 3 5  0.0064025040
1 7 5 5  -0.0687102440
1 0 6 7  0.0411264753
1 1 7 7  0.0411264753
1 2 2 7  0.0418646539
1 3 3 7  0.0418646539
1 4 4 7  -0.0418646539
1 5 5 7  -0.0418646539
1 6 0 7  0.0411264753
1 7 1 7  0.0411264753
2 0 2 0  0.0681836497
2 0 4 0  0.0070552889
2 1 3 0  0.0681836497
2 1 5 0  0.0070552889
2 2 0 0  0.0681836497
2 2 6 0  0.0687102440
2 3 1 0  0.0681836497
2 3 7 0  0.0687102440
2 4 0 0  0.0070552889
2 4 6 0  -0.0064025040
2 5 1 0  0.0070552889
2 5 7 0  -0.0064025040
2 6 2 0  0.0687102440
2 6 4 0  -0.0064025040
2 7 3 0  0.0687102440
2 7 5 0  -0.0064025040
2 0 0 2  0.2387821434
2 0 6 2  0.0418646539
2 1 1 2  0.2387821434
2 1 7 2  0.0418646539
2 2 2 2  0.2818345549
2 2 4 2  0.0009301336
2 3 3 2  0.2818345549
2 3 5 2  0.0009301336
2 4 2 2  0.0009301336
2 4 4 2  0.1965540244
2 5 3 2  0.0009301336
2 5 5 2  0.1965540244
2 6 0 2  0.0418646539
2 6 6 2  0.2448065413
2 7 1 2  0.0418646539
2 7 7 2  0.2448065413
2 0 0 4  0.0014488200
2 1 1 4  0.0014488200
2 2 2 4  0.0009301336
2 2 4 4  0.0037396998
2 3 3 4  0.0009301336
2 3 5 4  0.0037396998
2 4 2 4  0.0037396998
2 4 4 4  0.0009301336
2 5 3 4  0.0037396998
2 5 5 4  0.0009301336
2 6 6 4  0.0000579650
2 7 7 4  0.0000579650
2 0 2 6  0.0687102440
2 0 4 6  0.0064025040
2 1 3 6  0.0687102440
2 1 5 6  0.0064025040
2 2 0 6  0.0687102440
2 2 6 6  0.0753587493
2 3 1 6  0.0687102440
2 3 7 6  0.0753587493
2 4 0 6  0.0064025040
2 4 6 6  -0.0071970123
2 5 1 6  0.0064025040
2 5 7 6  -0.0071970123
2 6 2 6  0.0753587493
2 6 4 6  -0.0071970123
2 7 3 6  0.0753587493
2 7 5 6  -0.0071970123
3 0 2 1  0.0681836497
3 0 4 1  0.0070552889
3 1 3 1  0.0681836497
3 1 5 1  0.0070552889
3 2 0 1  0.0681836497
3 2 6 1  0.0687102440
3 3 1 1  0.0681836497
3 3 7 1  0.0687102440
3 4 0 1  0.0070552889
3 4 6 1  -0.0064025040
3 5 1 1  0.0070552889
3 5 7 1  -0.0064025040
3 6 2 1  0.0687102440
3 6 4 1  -0.0064025040
3 7 3 1  0.0687102440
3 7 5 1  -0.0064025040
3 0 0 3  0.2387821434
3 0 6 3  0.0418646539
3 1 1 3  0.2387821434
3 1 7 3  0.0418646539
3 2 2 3  0.2818345549
3 2 4 3  0.0009301336
3 3 3 3  0.2818345549
3 3 5 3  0.0009301336
3 4 2 3  0.0009301336
3 4 4 3  0.1965540244
3 5 3 3  0.0009301336
3 5 5 3  0.1965540244
3 6 0 3  0.0418646539
3 6 6 3  0.2448065413
3 7 1 3  0.0418646539
3 7 7 3  0.2448065413
3 0 0 5  0.0014488200
3 1 1 5  0.0014488200
3 2 2 5  0.0009301336
3 2 4 5  0.0037396998
3 3 3 5  0.0009301336
3 3 5 5  0.0037396998
3 4 2 5  0.0037396998
3 4 4 5  0.0009301336
3 5 3 5  0.0037396998
3 5 5 5  0.0009301336
3 6 6 5  0.0000579650
3 7 7 5  0.0000579650
3 0 2 7  0.0687102440
3 0 4 7  0.0064025040
3 1 3 7  0.0687102440
3 1 5 7  0.0064025040
3 2 0 7  0.0687102440
3 2 6 7  0.0753587493
3 3 1 7  0.0687102440
3 3 7 7  0.0753587493
3 4 0 7  0.0064025040
3 4 6 7  -0.0071970123
3 5 1 7  0.0064025040
3 5 7 7  -0.0071970123
3 6 2 7  0.0753587493
3 6 4 7  -0.0071970123
3 7 3 7  0.0753587493
3 7 5 7  -0.0071970123
4 0 2 0  0.0070552889
4 0 4 0  0.0681836497
4 1 3 0  0.0070552889
4 1 5 0  0.0681836497
4 2 0 0  0.0070552889
4 2 6 0  0.0064025040
4 3 1 0  0.0070552889
4 3 7 0  0.0064025040
4 4 0 0  0.0681836497
4 4 6 0  -0.0687102440
4 5 1 0  0.0681836497
4 5 7 0  -0.0687102440
4 6 2 0  0.0064025040
4 6 4 0  -0.0687102440
4 7 3 0  0.0064025040
4 7 5 0  -0.0687102440
4 0 0 2  0.0014488200
4 1 1 2  0.0014488200
4 2 2 2  0.0009301336
4 2 4 2  0.0037396998
4 3 3 2  0.0009301336
4 3 5 2  0.0037396998
4 4 2 2  0.0037396998
4 4 4 2  0.0009301336
4 5 3 2  0.0037396998
4 5 5 2  0.0009301336
4 6 6 2  0.0000579650
4 7 7 2  0.0000579650
4 0 0 4  0.2387821434
4 0 6 4  -0.0418646539
4 1 1 4  0.2387821434
4 1 7 4  -0.0418646539
4 2 2 4  0.1965540244
4 2 4 4  0.0009301336
4 3 3 4  0.1965540244
4 3 5 4  0.0009301336
4 4 2 4  0.0009301336
4 4 4 4  0.2818345549
4 5 3 4  0.0009301336
4 5 5 4  0.2818345549
4 6 0 4  -0.0418646539
4 6 6 4  0.2448065413
4 7 1 4  -0.0418646539
4 7 7 4  0.2448065413
4 0 2 6  -0.0064025040
4 0 4 6  -0.0687102440
4 1 3 6  -0.0064025040
4 1 5 6  -0.0687102440
4 2 0 6  -0.0064025040
4 2 6 6  -0.0071970123
4 3 1 6  -0.0064025040
4 3 7 6  -0.0071970123
4 4 0 6  -0.0687102440
4 4 6 6  0.0753587493
4 5 1 6  -0.0687102440
4 5 7 6  0.0753587493
4 6 2 6  -0.0071970123
4 6 4 6  0.0753587493
4 7 3 6  -0.0071970123
4 7 5 6  0.0753587493
5 0 2 1  0.0070552889
5 0 4 1  0.0681836497
5 1 3 1  0.0070552889
5 1 5 1  0.0681836497
5 2 0 1  0.0070552889
5 2 6 1  0.0064025040
5 3 1 1  0.0070552889
5 3 7 1  0.0064025040
5 4 0 1  0.0681836497
5 4 6 1  -0.0687102440
5 5 1 1  0.0681836497
5 5 7 1  -0.0687102440
5 6 2 1  0.0064025040
5 6 4 1  -0.0687102440
5 7 3 1  0.0064025040
5 7 5 1  -0.0687102440
5 0 0 3  0.0014488200
5 1 1 3  0.0014488200
5 2 2 3  0.0009301336
5 2 4 3  0.0037396998
5 3 3 3  0.0009301336
5 3 5 3  0.0037396998
5 4 2 3  0.0037396998
5 4 4 3  0.0009301336
5 5 3 3  0.0037396998
5 5 5 3  0.0009301336
5 6 6 3  0.0000579650
5 7 7 3  0.0000579650
5 0 0 5  0.2387821434
5 0 6 5  -0.0418646539
5 1 1 5  0.2387821434
5 1 7 5  -0.0418646539
5 2 2 5  0.1965540244
5 2 4 5  0.0009301336
5 3 3 5  0.1965540244
5 3 5 5  0.0009301336
5 4 2 5  0.0009301336
5 4 4 5  0.2818345549
5 5 3 5  0.0009301336
5 5 5 5  0.2818345549
5 6 0 5  -0.0418646539
5 6 6 5  0.2448065413
5 7 1 5  -0.0418646539
5 7 7 5  0.2448065413
5 0 2 7  -0.0064025040
5 0 4 7  -0.0687102440
5 1 3 7  -0.0064025040
5 1 5 7  -0.0687102440
5 2 0 7  -0.0064025040
5 2 6 7  -0.0071970123
5 3 1 7  -0.0064025040
5 3 7 7  -0.0071970123
5 4 0 7  -0.0687102440
5 4 6 7  0.0753587493
5 5 1 7  -0.0687102440
5 5 7 7  0.0753587493
5 6 2 7  -0.0071970123
5 6 4 7  0.0753587493
5 7 3 7  -0.0071970123
5 7 5 7  0.0753587493
6 0 6 0  0.0411264753
6 1 7 0  0.0411264753
6 2 2 0  0.0418646539
6 3 3 0  0.0418646539
6 4 4 0  -0.0418646539
6 5 5 0  -0.0418646539
6 6 0 0  0.0411264753
6 7 1 0  0.0411264753
6 0 2 2  0.0687102440
6 0 4 2  0.0064025040
6 1 3 2  0.0687102440
6 1 5 2  0.0064025040
6 2 0 2  0.0687102440
6 2 6 2  0.0753587493
6 3 1 2  0.0687102440
6 3 7 2  0.0753587493
6 4 0 2  0.0064025040
6 4 6 2  -0.0071970123
6 5 1 2  0.0064025040
6 5 7 2  -0.0071970123
6 6 2 2  0.0753587493
6 6 4 2  -0.0071970123
6 7 3 2  0.0753587493
6 7 5 2  -0.0071970123
6 0 2 4  -0.0064025040
6 0 4 4  -0.0687102440
6 1 3 4  -0.0064025040
6 1 5 4  -0.0687102440
6 2 0 4  -0.0064025040
6 2 6 4  -0.0071970123
6 3 1 4  -0.0064025040
6 3 7 4  -0.0071970123
6 4 0 4  -0.0687102440
6 4 6 4  0.0753587493
6 5 1 4  -0.0687102440
6 5 7 4  0.0753587493
6 6 2 4  -0.0071970123
6 6 4 4  0.0753587493
6 7 3 4  -0.0071970123
6 7 5 4  0.0753587493
6 0 0 6  0.2406574795
6 1 1 6  0.2406574795
6 2 2 6  0.2448065413
6 2 4 6  0.0000579650
6 3 3 6  0.2448065413
6 3 5 6  0.0000579650
6 4 2 6  0.0000579650
6 4 4 6  0.2448065413
6 5 3 6  0.0000579650
6 5 5 6  0.2448065413
6 6 6 6  0.2543801296
6 7 7 6  0.2543801296
7 0 6 1  0.0411264753
7 1 7 1  0.0411264753
7 2 2 1  0.0418646539
7 3 3 1  0.0418646539
7 4 4 1  -0.0418646539
7 5 5 1  -0.0418646539
7 6 0 1  0.0411264753
7 7 1 1  0.0411264753
7 0 2 3  0.0687102440
7 0 4 3  0.0064025040
7 1 3 3  0.0687102440
7 1 5 3  0.0064025040
7 2 0 3  0.0687102440
7 2 6 3  0.0753587493
7 3 1 3  0.0687102440
7 3 7 3  0.0753587493
7 4 0 3  0.0064025040
7 4 6 3  -0.0071970123
7 5 1 3  0.0064025040
7 5 7 3  -0.0071970123
7 6 2 3  0.0753587493
7 6 4 3  -0.0071970123
7 7 3 3  0.0753587493
7 7 5 3  -0.0071970123
7 0 2 5  -0.0064025040
7 0 4 5  -0.0687102440
7 1 3 5  -0.0064025040
7 1 5 5  -0.0687102440
7 2 0 5  -0.0064025040
7 2 6 5  -0.0071970123
7 3 1 5  -0.0064025040
7 3 7 5  -0.0071970123
7 4 0 5  -0.0687102440
7 4 6 5  0.0753587493
7 5 1 5  -0.0687102440
7 5 7 5  0.0753587493
7 6 2 5  -0.0071970123
7 6 4 5  0.0753587493
7 7 3 5  -0.0071970123
7 7 5 5  0.0753587493
7 0 0 7  0.2406574795
7 1 1 7  0.2406574795
7 2 2 7  0.2448065413
7 2 4 7  0.0000579650
7 3 3 7  0.2448065413
7 3 5 7  0.0000579650
7 4 2 7  0.0000579650
7 4 4 7  0.2448065413
7 5 3 7  0.0000579650
7 5 5 7  0.2448065413
7 6 6 7  0.2543801296
7 7 7 7  0.2543801296

 E(FCI) = -2.0455995127

 E(HF)  = -1.6864735901
