2.6739336082
0 0  -2.0334893115
1 1  -2.0334893115
2 2  -1.5830592560
3 3  -1.5830592560
4 4  -1.5629564771
5 5  -1.5629564771
6 6  -1.0714474616
7 7  -1.0714474616
0 0 0 0  0.2577728411
0 1 1 0  0.2577728411
0 2 2 0  0.2510043074
0 3 3 0  0.2510043074
0 4 4 0  0.2506597203
0 5 5 0  0.2506597203
0 6 6 0  0.2529743706
0 7 7 0  0.2529743706
0 0 2 2  0.0688261840
0 1 3 2  0.0688261840
0 2 0 2  0.0688261840
0 3 1 2  0.0688261840
0 4 6 2  0.0682703858
0 5 7 2  0.0682703858
0 6 4 2  0.0682703858
0 7 5 2  0.0682703858
0 0 4 4  0.0673267232
0 1 5 4  0.0673267232
0 2 6 4  0.0669244851
0 3 7 4  0.0669244851
0 4 0 4  0.0673267232
0 5 1 4  0.0673267232
0 6 2 4  0.0669244851
0 7 3 4  0.0669244851
0 0 6 6  0.0396437121
0 1 7 6  0.0396437121
0 2 4 6  0.0400154113
0 3 5 6  0.0400154113
0 4 2 6  0.0400154113
0 5 3 6  0.0400154113
0 6 0 6  0.0396437121
0 7 1 6  0.0396437121
1 0 0 1  0.2577728411
1 1 1 1  0.2577728411
1 2 2 1  0.2510043074
1 3 3 1  0.2510043074
1 4 4 1  0.2506597203
1 5 5 1  0.2506597203
1 6 6 1  0.2529743706
1 7 7 1  0.2529743706
1 0 2 3  0.0688261840
1 1 3 3  0.0688261840
1 2 0 3  0.0688261840
1 3 1 3  0.0688261840
1 4 6 3  0.0682703858
1 5 7 3  0.0682703858
1 6 4 3  0.0682703858
1 7 5 3  0.0682703858
1 0 4 5  0.0673267232
1 1 5 5  0.0673267232
1 2 6 5  0.0669244851
1 3 7 5  0.0669244851
1 4 0 5  0.0673267232
1 5 1 5  0.0673267232
1 6 2 5  0.0669244851
1 7 3 5  0.0669244851
1 0 6 7  0.0396437121
1 1 7 7  0.0396437121
1 2 4 7  0.0400154113
1 3 5 7  0.0400154113
1 4 2 7  0.0400154113
1 5 3 7  0.0400154113
1 6 0 7  0.0396437121
1 7 1 7  0.0396437121
2 0 2 0  0.0688261840
2 1 3 0  0.0688261840
2 2 0 0  0.0688261840
2 3 1 0  0.0688261840
2 4 6 0  0.0682703858
2 5 7 0  0.0682703858
2 6 4 0  0.0682703858
2 7 5 0  0.0682703858
2 0 0 2  0.2510043074
2 1 1 2  0.2510043074
2 2 2 2  0.2554516602
2 3 3 2  0.2554516602
2 4 4 2  0.2455874446
2 5 5 2  0.2455874446
2 6 6 2  0.2567473178
2 7 7 2  0.2567473178
2 0 6 4  0.0400154113
2 1 7 4  0.0400154113
2 2 4 4  0.0404144137
2 3 5 4  0.0404144137
2 4 2 4  0.0404144137
2 5 3 4  0.0404144137
2 6 0 4  0.0400154113
2 7 1 4  0.0400154113
2 0 4 6  0.0669244851
2 1 5 6  0.0669244851
2 2 6 6  0.0735262422
2 3 7 6  0.0735262422
2 4 0 6  0.0669244851
2 5 1 6  0.0669244851
2 6 2 6  0.0735262422
2 7 3 6  0.0735262422
3 0 2 1  0.0688261840
3 1 3 1  0.0688261840
3 2 0 1  0.0688261840
3 3 1 1  0.0688261840
3 4 6 1  0.0682703858
3 5 7 1  0.0682703858
3 6 4 1  0.0682703858
3 7 5 1  0.0682703858
3 0 0 3  0.2510043074
3 1 1 3  0.2510043074
3 2 2 3  0.2554516602
3 3 3 3  0.2554516602
3 4 4 3  0.2455874446
3 5 5 3  0.2455874446
3 6 6 3  0.2567473178
3 7 7 3  0.2567473178
3 0 6 5  0.0400154113
3 1 7 5  0.0400154113
3 2 4 5  0.0404144137
3 3 5 5  0.0404144137
3 4 2 5  0.0404144137
3 5 3 5  0.0404144137
3 6 0 5  0.0400154113
3 7 1 5  0.0400154113
3 0 4 7  0.0669244851
3 1 5 7  0.0669244851
3 2 6 7  0.0735262422
3 3 7 7  0.0735262422
3 4 0 7  0.0669244851
3 5 1 7  0.0669244851
3 6 2 7  0.0735262422
3 7 3 7  0.0735262422
4 0 4 0  0.0673267232
4 1 5 0  0.0673267232
4 2 6 0  0.0669244851
4 3 7 0  0.0669244851
4 4 0 0  0.0673267232
4 5 1 0  0.0673267232
4 6 2 0  0.0669244851
4 7 3 0  0.0669244851
4 0 6 2  0.0400154113
4 1 7 2  0.0400154113
4 2 4 2  0.0404144137
4 3 5 2  0.0404144137
4 4 2 2  0.0404144137
4 5 3 2  0.0404144137
4 6 0 2  0.0400154113
4 7 1 2  0.0400154113
4 0 0 4  0.2506597203
4 1 1 4  0.2506597203
4 2 2 4  0.2455874446
4 3 3 4  0.2455874446
4 4 4 4  0.2549440418
4 5 5 4  0.2549440418
4 6 6 4  0.2566802999
4 7 7 4  0.2566802999
4 0 2 6  0.0682703858
4 1 3 6  0.0682703858
4 2 0 6  0.0682703858
4 3 1 6  0.0682703858
4 4 6 6  0.0750204720
4 5 7 6  0.0750204720
4 6 4 6  0.0750204720
4 7 5 6  0.0750204720
5 0 4 1  0.0673267232
5 1 5 1  0.0673267232
5 2 6 1  0.0669244851
5 3 7 1  0.0669244851
5 4 0 1  0.0673267232
5 5 1 1  0.0673267232
5 6 2 1  0.0669244851
5 7 3 1  0.0669244851
5 0 6 3  0.0400154113
5 1 7 3  0.0400154113
5 2 4 3  0.0404144137
5 3 5 3  0.0404144137
5 4 2 3  0.0404144137
5 5 3 3  0.0404144137
5 6 0 3  0.0400154113
5 7 1 3  0.0400154113
5 0 0 5  0.2506597203
5 1 1 5  0.2506597203
5 2 2 5  0.2455874446
5 3 3 5  0.2455874446
5 4 4 5  0.2549440418
5 5 5 5  0.2549440418
5 6 6 5  0.2566802999
5 7 7 5  0.2566802999
5 0 2 7  0.0682703858
5 1 3 7  0.0682703858
5 2 0 7  0.0682703858
5 3 1 7  0.0682703858
5 4 6 7  0.0750204720
5 5 7 7  0.0750204720
5 6 4 7  0.0750204720
5 7 5 7  0.0750204720
6 0 6 0  0.0396437121
6 1 7 0  0.0396437121
6 2 4 0  0.0400154113
6 3 5 0  0.0400154113
6 4 2 0  0.0400154113
6 5 3 0  0.0400154113
6 6 0 0  0.0396437121
6 7 1 0  0.0396437121
6 0 4 2  0.0669244851
6 1 5 2  0.0669244851
6 2 6 2  0.0735262422
6 3 7 2  0.0735262422
6 4 0 2  0.0669244851
6 5 1 2  0.0669244851
6 6 2 2  0.0735262422
6 7 3 2  0.0735262422
6 0 2 4  0.0682703858
6 1 3 4  0.0682703858
6 2 0 4  0.0682703858
6 3 1 4  0.0682703858
6 4 6 4  0.0750204720
6 5 7 4  0.0750204720
6 6 4 4  0.0750204720
6 7 5 4  0.0750204720
6 0 0 6  0.2529743706
6 1 1 6  0.2529743706
6 2 2 6  0.2567473178
6 3 3 6  0.2567473178
6 4 4 6  0.2566802999
6 5 5 6  0.2566802999
6 6 6 6  0.2678276736
6 7 7 6  0.2678276736
7 0 6 1  0.0396437121
7 1 7 1  0.0396437121
7 2 4 1  0.0400154113
7 3 5 1  0.0400154113
7 4 2 1  0.0400154113
7 5 3 1  0.0400154113
7 6 0 1  0.0396437121
7 7 1 1  0.0396437121
7 0 4 3  0.0669244851
7 1 5 3  0.0669244851
7 2 6 3  0.0735262422
7 3 7 3  0.0735262422
7 4 0 3  0.0669244851
7 5 1 3  0.0669244851
7 6 2 3  0.0735262422
7 7 3 3  0.0735262422
7 0 2 5  0.0682703858
7 1 3 5  0.0682703858
7 2 0 5  0.0682703858
7 3 1 5  0.0682703858
7 4 6 5  0.0750204720
7 5 7 5  0.0750204720
7 6 4 5  0.0750204720
7 7 5 5  0.0750204720
7 0 0 7  0.2529743706
7 1 1 7  0.2529743706
7 2 2 7  0.2567473178
7 3 3 7  0.2567473178
7 4 4 7  0.2566802999
7 5 5 7  0.2566802999
7 6 6 7  0.2678276736
7 7 7 7  0.2678276736
