 MO Integrals

2.4246950476
0 0  -1.8981071589
1 1  -1.8981071589
2 2  -1.5872015811
3 3  -1.5872015811
4 4  -1.4169598852
5 5  -1.4169598852
6 6  -1.0888467438
7 7  -1.0888467438
0 0 0 0  0.2440077449
0 1 1 0  0.2440077449
0 2 2 0  0.2402309635
0 3 3 0  0.2402309635
0 4 4 0  0.2373333230
0 5 5 0  0.2373333230
0 6 6 0  0.2406574795
0 7 7 0  0.2406574795
0 0 2 2  0.0752389386
0 1 3 2  0.0752389386
0 2 0 2  0.0752389386
0 3 1 2  0.0752389386
0 4 6 2  0.0751127479
0 5 7 2  0.0751127479
0 6 4 2  0.0751127479
0 7 5 2  0.0751127479
0 0 4 4  0.0611283606
0 1 5 4  0.0611283606
0 2 6 4  0.0623077399
0 3 7 4  0.0623077399
0 4 0 4  0.0611283606
0 5 1 4  0.0611283606
0 6 2 4  0.0623077399
0 7 3 4  0.0623077399
0 0 6 6  0.0411264753
0 1 7 6  0.0411264753
0 2 4 6  0.0418646539
0 3 5 6  0.0418646539
0 4 2 6  0.0418646539
0 5 3 6  0.0418646539
0 6 0 6  0.0411264753
0 7 1 6  0.0411264753
1 0 0 1  0.2440077449
1 1 1 1  0.2440077449
1 2 2 1  0.2402309635
1 3 3 1  0.2402309635
1 4 4 1  0.2373333230
1 5 5 1  0.2373333230
1 6 6 1  0.2406574795
1 7 7 1  0.2406574795
1 0 2 3  0.0752389386
1 1 3 3  0.0752389386
1 2 0 3  0.0752389386
1 3 1 3  0.0752389386
1 4 6 3  0.0751127479
1 5 7 3  0.0751127479
1 6 4 3  0.0751127479
1 7 5 3  0.0751127479
1 0 4 5  0.0611283606
1 1 5 5  0.0611283606
1 2 6 5  0.0623077399
1 3 7 5  0.0623077399
1 4 0 5  0.0611283606
1 5 1 5  0.0611283606
1 6 2 5  0.0623077399
1 7 3 5  0.0623077399
1 0 6 7  0.0411264753
1 1 7 7  0.0411264753
1 2 4 7  0.0418646539
1 3 5 7  0.0418646539
1 4 2 7  0.0418646539
1 5 3 7  0.0418646539
1 6 0 7  0.0411264753
1 7 1 7  0.0411264753
2 0 2 0  0.0752389386
2 1 3 0  0.0752389386
2 2 0 0  0.0752389386
2 3 1 0  0.0752389386
2 4 6 0  0.0751127479
2 5 7 0  0.0751127479
2 6 4 0  0.0751127479
2 7 5 0  0.0751127479
2 0 0 2  0.2402309635
2 1 1 2  0.2402309635
2 2 2 2  0.2447942568
2 3 3 2  0.2447942568
2 4 4 2  0.2354545896
2 5 5 2  0.2354545896
2 6 6 2  0.2448645064
2 7 7 2  0.2448645064
2 0 6 4  0.0418646539
2 1 7 4  0.0418646539
2 2 4 4  0.0426402652
2 3 5 4  0.0426402652
2 4 2 4  0.0426402652
2 5 3 4  0.0426402652
2 6 0 4  0.0418646539
2 7 1 4  0.0418646539
2 0 4 6  0.0623077399
2 1 5 6  0.0623077399
2 2 6 6  0.0681617370
2 3 7 6  0.0681617370
2 4 0 6  0.0623077399
2 5 1 6  0.0623077399
2 6 2 6  0.0681617370
2 7 3 6  0.0681617370
3 0 2 1  0.0752389386
3 1 3 1  0.0752389386
3 2 0 1  0.0752389386
3 3 1 1  0.0752389386
3 4 6 1  0.0751127479
3 5 7 1  0.0751127479
3 6 4 1  0.0751127479
3 7 5 1  0.0751127479
3 0 0 3  0.2402309635
3 1 1 3  0.2402309635
3 2 2 3  0.2447942568
3 3 3 3  0.2447942568
3 4 4 3  0.2354545896
3 5 5 3  0.2354545896
3 6 6 3  0.2448645064
3 7 7 3  0.2448645064
3 0 6 5  0.0418646539
3 1 7 5  0.0418646539
3 2 4 5  0.0426402652
3 3 5 5  0.0426402652
3 4 2 5  0.0426402652
3 5 3 5  0.0426402652
3 6 0 5  0.0418646539
3 7 1 5  0.0418646539
3 0 4 7  0.0623077399
3 1 5 7  0.0623077399
3 2 6 7  0.0681617370
3 3 7 7  0.0681617370
3 4 0 7  0.0623077399
3 5 1 7  0.0623077399
3 6 2 7  0.0681617370
3 7 3 7  0.0681617370
4 0 4 0  0.0611283606
4 1 5 0  0.0611283606
4 2 6 0  0.0623077399
4 3 7 0  0.0623077399
4 4 0 0  0.0611283606
4 5 1 0  0.0611283606
4 6 2 0  0.0623077399
4 7 3 0  0.0623077399
4 0 6 2  0.0418646539
4 1 7 2  0.0418646539
4 2 4 2  0.0426402652
4 3 5 2  0.0426402652
4 4 2 2  0.0426402652
4 5 3 2  0.0426402652
4 6 0 2  0.0418646539
4 7 1 2  0.0418646539
4 0 0 4  0.2373333230
4 1 1 4  0.2373333230
4 2 2 4  0.2354545896
4 3 3 4  0.2354545896
4 4 4 4  0.2410737216
4 5 5 4  0.2410737216
4 6 6 4  0.2447485759
4 7 7 4  0.2447485759
4 0 2 6  0.0751127479
4 1 3 6  0.0751127479
4 2 0 6  0.0751127479
4 3 1 6  0.0751127479
4 4 6 6  0.0825557615
4 5 7 6  0.0825557615
4 6 4 6  0.0825557615
4 7 5 6  0.0825557615
5 0 4 1  0.0611283606
5 1 5 1  0.0611283606
5 2 6 1  0.0623077399
5 3 7 1  0.0623077399
5 4 0 1  0.0611283606
5 5 1 1  0.0611283606
5 6 2 1  0.0623077399
5 7 3 1  0.0623077399
5 0 6 3  0.0418646539
5 1 7 3  0.0418646539
5 2 4 3  0.0426402652
5 3 5 3  0.0426402652
5 4 2 3  0.0426402652
5 5 3 3  0.0426402652
5 6 0 3  0.0418646539
5 7 1 3  0.0418646539
5 0 0 5  0.2373333230
5 1 1 5  0.2373333230
5 2 2 5  0.2354545896
5 3 3 5  0.2354545896
5 4 4 5  0.2410737216
5 5 5 5  0.2410737216
5 6 6 5  0.2447485759
5 7 7 5  0.2447485759
5 0 2 7  0.0751127479
5 1 3 7  0.0751127479
5 2 0 7  0.0751127479
5 3 1 7  0.0751127479
5 4 6 7  0.0825557615
5 5 7 7  0.0825557615
5 6 4 7  0.0825557615
5 7 5 7  0.0825557615
6 0 6 0  0.0411264753
6 1 7 0  0.0411264753
6 2 4 0  0.0418646539
6 3 5 0  0.0418646539
6 4 2 0  0.0418646539
6 5 3 0  0.0418646539
6 6 0 0  0.0411264753
6 7 1 0  0.0411264753
6 0 4 2  0.0623077399
6 1 5 2  0.0623077399
6 2 6 2  0.0681617370
6 3 7 2  0.0681617370
6 4 0 2  0.0623077399
6 5 1 2  0.0623077399
6 6 2 2  0.0681617370
6 7 3 2  0.0681617370
6 0 2 4  0.0751127479
6 1 3 4  0.0751127479
6 2 0 4  0.0751127479
6 3 1 4  0.0751127479
6 4 6 4  0.0825557615
6 5 7 4  0.0825557615
6 6 4 4  0.0825557615
6 7 5 4  0.0825557615
6 0 0 6  0.2406574795
6 1 1 6  0.2406574795
6 2 2 6  0.2448645064
6 3 3 6  0.2448645064
6 4 4 6  0.2447485759
6 5 5 6  0.2447485759
6 6 6 6  0.2543801296
6 7 7 6  0.2543801296
7 0 6 1  0.0411264753
7 1 7 1  0.0411264753
7 2 4 1  0.0418646539
7 3 5 1  0.0418646539
7 4 2 1  0.0418646539
7 5 3 1  0.0418646539
7 6 0 1  0.0411264753
7 7 1 1  0.0411264753
7 0 4 3  0.0623077399
7 1 5 3  0.0623077399
7 2 6 3  0.0681617370
7 3 7 3  0.0681617370
7 4 0 3  0.0623077399
7 5 1 3  0.0623077399
7 6 2 3  0.0681617370
7 7 3 3  0.0681617370
7 0 2 5  0.0751127479
7 1 3 5  0.0751127479
7 2 0 5  0.0751127479
7 3 1 5  0.0751127479
7 4 6 5  0.0825557615
7 5 7 5  0.0825557615
7 6 4 5  0.0825557615
7 7 5 5  0.0825557615
7 0 0 7  0.2406574795
7 1 1 7  0.2406574795
7 2 2 7  0.2448645064
7 3 3 7  0.2448645064
7 4 4 7  0.2447485759
7 5 5 7  0.2447485759
7 6 6 7  0.2543801296
7 7 7 7  0.2543801296

 E(FCI) = -2.0455995128

 E(HF)  = -1.9474264758
