 MO Integrals

2.7207521191
0 0  -2.0565887240
1 1  -2.0565887240
2 2  -1.5840525787
2 4  -0.0041294585
3 3  -1.5840525787
3 5  -0.0041294585
4 2  -0.0041294585
4 4  -1.5840525787
5 3  -0.0041294585
5 5  -1.5840525787
6 6  -1.0654597396
7 7  -1.0654597396
0 0 0 0  0.2600358643
0 1 1 0  0.2600358643
0 2 2 0  0.2528532129
0 2 4 0  0.0000702571
0 3 3 0  0.2528532129
0 3 5 0  0.0000702571
0 4 2 0  0.0000702571
0 4 4 0  0.2528532129
0 5 3 0  0.0000702571
0 5 5 0  0.2528532129
0 6 6 0  0.2550434132
0 7 7 0  0.2550434132
0 0 2 2  0.0681583545
0 0 4 2  0.0003021757
0 1 3 2  0.0681583545
0 1 5 2  0.0003021757
0 2 0 2  0.0681583545
0 2 6 2  -0.0674957215
0 3 1 2  0.0681583545
0 3 7 2  -0.0674957215
0 4 0 2  0.0003021757
0 4 6 2  0.0002710356
0 5 1 2  0.0003021757
0 5 7 2  0.0002710356
0 6 2 2  -0.0674957215
0 6 4 2  0.0002710356
0 7 3 2  -0.0674957215
0 7 5 2  0.0002710356
0 0 2 4  0.0003021757
0 0 4 4  0.0681583545
0 1 3 4  0.0003021757
0 1 5 4  0.0681583545
0 2 0 4  0.0003021757
0 2 6 4  -0.0002710356
0 3 1 4  0.0003021757
0 3 7 4  -0.0002710356
0 4 0 4  0.0681583545
0 4 6 4  0.0674957215
0 5 1 4  0.0681583545
0 5 7 4  0.0674957215
0 6 2 4  -0.0002710356
0 6 4 4  0.0674957215
0 7 3 4  -0.0002710356
0 7 5 4  0.0674957215
0 0 6 6  0.0394164837
0 1 7 6  0.0394164837
0 2 2 6  -0.0397195673
0 3 3 6  -0.0397195673
0 4 4 6  0.0397195673
0 5 5 6  0.0397195673
0 6 0 6  0.0394164837
0 7 1 6  0.0394164837
1 0 0 1  0.2600358643
1 1 1 1  0.2600358643
1 2 2 1  0.2528532129
1 2 4 1  0.0000702571
1 3 3 1  0.2528532129
1 3 5 1  0.0000702571
1 4 2 1  0.0000702571
1 4 4 1  0.2528532129
1 5 3 1  0.0000702571
1 5 5 1  0.2528532129
1 6 6 1  0.2550434132
1 7 7 1  0.2550434132
1 0 2 3  0.0681583545
1 0 4 3  0.0003021757
1 1 3 3  0.0681583545
1 1 5 3  0.0003021757
1 2 0 3  0.0681583545
1 2 6 3  -0.0674957215
1 3 1 3  0.0681583545
1 3 7 3  -0.0674957215
1 4 0 3  0.0003021757
1 4 6 3  0.0002710356
1 5 1 3  0.0003021757
1 5 7 3  0.0002710356
1 6 2 3  -0.0674957215
1 6 4 3  0.0002710356
1 7 3 3  -0.0674957215
1 7 5 3  0.0002710356
1 0 2 5  0.0003021757
1 0 4 5  0.0681583545
1 1 3 5  0.0003021757
1 1 5 5  0.0681583545
1 2 0 5  0.0003021757
1 2 6 5  -0.0002710356
1 3 1 5  0.0003021757
1 3 7 5  -0.0002710356
1 4 0 5  0.0681583545
1 4 6 5  0.0674957215
1 5 1 5  0.0681583545
1 5 7 5  0.0674957215
1 6 2 5  -0.0002710356
1 6 4 5  0.0674957215
1 7 3 5  -0.0002710356
1 7 5 5  0.0674957215
1 0 6 7  0.0394164837
1 1 7 7  0.0394164837
1 2 2 7  -0.0397195673
1 3 3 7  -0.0397195673
1 4 4 7  0.0397195673
1 5 5 7  0.0397195673
1 6 0 7  0.0394164837
1 7 1 7  0.0394164837
2 0 2 0  0.0681583545
2 0 4 0  0.0003021757
2 1 3 0  0.0681583545
2 1 5 0  0.0003021757
2 2 0 0  0.0681583545
2 2 6 0  -0.0674957215
2 3 1 0  0.0681583545
2 3 7 0  -0.0674957215
2 4 0 0  0.0003021757
2 4 6 0  0.0002710356
2 5 1 0  0.0003021757
2 5 7 0  0.0002710356
2 6 2 0  -0.0674957215
2 6 4 0  0.0002710356
2 7 3 0  -0.0674957215
2 7 5 0  0.0002710356
2 0 0 2  0.2528532129
2 0 6 2  -0.0397195673
2 1 1 2  0.2528532129
2 1 7 2  -0.0397195673
2 2 2 2  0.2923466396
2 2 4 2  0.0000527348
2 3 3 2  0.2923466396
2 3 5 2  0.0000527348
2 4 2 2  0.0000527348
2 4 4 2  0.2122489102
2 5 3 2  0.0000527348
2 5 5 2  0.2122489102
2 6 0 2  -0.0397195673
2 6 6 2  0.2587236935
2 7 1 2  -0.0397195673
2 7 7 2  0.2587236935
2 0 0 4  0.0000702571
2 1 1 4  0.0000702571
2 2 2 4  0.0000527348
2 2 4 4  0.0049902895
2 3 3 4  0.0000527348
2 3 5 4  0.0049902895
2 4 2 4  0.0049902895
2 4 4 4  0.0000527348
2 5 3 4  0.0049902895
2 5 5 4  0.0000527348
2 6 6 4  0.0000153247
2 7 7 4  0.0000153247
2 0 2 6  -0.0674957215
2 0 4 6  -0.0002710356
2 1 3 6  -0.0674957215
2 1 5 6  -0.0002710356
2 2 0 6  -0.0674957215
2 2 6 6  0.0741571573
2 3 1 6  -0.0674957215
2 3 7 6  0.0741571573
2 4 0 6  -0.0002710356
2 4 6 6  -0.0003002019
2 5 1 6  -0.0002710356
2 5 7 6  -0.0003002019
2 6 2 6  0.0741571573
2 6 4 6  -0.0003002019
2 7 3 6  0.0741571573
2 7 5 6  -0.0003002019
3 0 2 1  0.0681583545
3 0 4 1  0.0003021757
3 1 3 1  0.0681583545
3 1 5 1  0.0003021757
3 2 0 1  0.0681583545
3 2 6 1  -0.0674957215
3 3 1 1  0.0681583545
3 3 7 1  -0.0674957215
3 4 0 1  0.0003021757
3 4 6 1  0.0002710356
3 5 1 1  0.0003021757
3 5 7 1  0.0002710356
3 6 2 1  -0.0674957215
3 6 4 1  0.0002710356
3 7 3 1  -0.0674957215
3 7 5 1  0.0002710356
3 0 0 3  0.2528532129
3 0 6 3  -0.0397195673
3 1 1 3  0.2528532129
3 1 7 3  -0.0397195673
3 2 2 3  0.2923466396
3 2 4 3  0.0000527348
3 3 3 3  0.2923466396
3 3 5 3  0.0000527348
3 4 2 3  0.0000527348
3 4 4 3  0.2122489102
3 5 3 3  0.0000527348
3 5 5 3  0.2122489102
3 6 0 3  -0.0397195673
3 6 6 3  0.2587236935
3 7 1 3  -0.0397195673
3 7 7 3  0.2587236935
3 0 0 5  0.0000702571
3 1 1 5  0.0000702571
3 2 2 5  0.0000527348
3 2 4 5  0.0049902895
3 3 3 5  0.0000527348
3 3 5 5  0.0049902895
3 4 2 5  0.0049902895
3 4 4 5  0.0000527348
3 5 3 5  0.0049902895
3 5 5 5  0.0000527348
3 6 6 5  0.0000153247
3 7 7 5  0.0000153247
3 0 2 7  -0.0674957215
3 0 4 7  -0.0002710356
3 1 3 7  -0.0674957215
3 1 5 7  -0.0002710356
3 2 0 7  -0.0674957215
3 2 6 7  0.0741571573
3 3 1 7  -0.0674957215
3 3 7 7  0.0741571573
3 4 0 7  -0.0002710356
3 4 6 7  -0.0003002019
3 5 1 7  -0.0002710356
3 5 7 7  -0.0003002019
3 6 2 7  0.0741571573
3 6 4 7  -0.0003002019
3 7 3 7  0.0741571573
3 7 5 7  -0.0003002019
4 0 2 0  0.0003021757
4 0 4 0  0.0681583545
4 1 3 0  0.0003021757
4 1 5 0  0.0681583545
4 2 0 0  0.0003021757
4 2 6 0  -0.0002710356
4 3 1 0  0.0003021757
4 3 7 0  -0.0002710356
4 4 0 0  0.0681583545
4 4 6 0  0.0674957215
4 5 1 0  0.0681583545
4 5 7 0  0.0674957215
4 6 2 0  -0.0002710356
4 6 4 0  0.0674957215
4 7 3 0  -0.0002710356
4 7 5 0  0.0674957215
4 0 0 2  0.0000702571
4 1 1 2  0.0000702571
4 2 2 2  0.0000527348
4 2 4 2  0.0049902895
4 3 3 2  0.0000527348
4 3 5 2  0.0049902895
4 4 2 2  0.0049902895
4 4 4 2  0.0000527348
4 5 3 2  0.0049902895
4 5 5 2  0.0000527348
4 6 6 2  0.0000153247
4 7 7 2  0.0000153247
4 0 0 4  0.2528532129
4 0 6 4  0.0397195673
4 1 1 4  0.2528532129
4 1 7 4  0.0397195673
4 2 2 4  0.2122489102
4 2 4 4  0.0000527348
4 3 3 4  0.2122489102
4 3 5 4  0.0000527348
4 4 2 4  0.0000527348
4 4 4 4  0.2923466396
4 5 3 4  0.0000527348
4 5 5 4  0.2923466396
4 6 0 4  0.0397195673
4 6 6 4  0.2587236935
4 7 1 4  0.0397195673
4 7 7 4  0.2587236935
4 0 2 6  0.0002710356
4 0 4 6  0.0674957215
4 1 3 6  0.0002710356
4 1 5 6  0.0674957215
4 2 0 6  0.0002710356
4 2 6 6  -0.0003002019
4 3 1 6  0.0002710356
4 3 7 6  -0.0003002019
4 4 0 6  0.0674957215
4 4 6 6  0.0741571573
4 5 1 6  0.0674957215
4 5 7 6  0.0741571573
4 6 2 6  -0.0003002019
4 6 4 6  0.0741571573
4 7 3 6  -0.0003002019
4 7 5 6  0.0741571573
5 0 2 1  0.0003021757
5 0 4 1  0.0681583545
5 1 3 1  0.0003021757
5 1 5 1  0.0681583545
5 2 0 1  0.0003021757
5 2 6 1  -0.0002710356
5 3 1 1  0.0003021757
5 3 7 1  -0.0002710356
5 4 0 1  0.0681583545
5 4 6 1  0.0674957215
5 5 1 1  0.0681583545
5 5 7 1  0.0674957215
5 6 2 1  -0.0002710356
5 6 4 1  0.0674957215
5 7 3 1  -0.0002710356
5 7 5 1  0.0674957215
5 0 0 3  0.0000702571
5 1 1 3  0.0000702571
5 2 2 3  0.0000527348
5 2 4 3  0.0049902895
5 3 3 3  0.0000527348
5 3 5 3  0.0049902895
5 4 2 3  0.0049902895
5 4 4 3  0.0000527348
5 5 3 3  0.0049902895
5 5 5 3  0.0000527348
5 6 6 3  0.0000153247
5 7 7 3  0.0000153247
5 0 0 5  0.2528532129
5 0 6 5  0.0397195673
5 1 1 5  0.2528532129
5 1 7 5  0.0397195673
5 2 2 5  0.2122489102
5 2 4 5  0.0000527348
5 3 3 5  0.2122489102
5 3 5 5  0.0000527348
5 4 2 5  0.0000527348
5 4 4 5  0.2923466396
5 5 3 5  0.0000527348
5 5 5 5  0.2923466396
5 6 0 5  0.0397195673
5 6 6 5  0.2587236935
5 7 1 5  0.0397195673
5 7 7 5  0.2587236935
5 0 2 7  0.0002710356
5 0 4 7  0.0674957215
5 1 3 7  0.0002710356
5 1 5 7  0.0674957215
5 2 0 7  0.0002710356
5 2 6 7  -0.0003002019
5 3 1 7  0.0002710356
5 3 7 7  -0.0003002019
5 4 0 7  0.0674957215
5 4 6 7  0.0741571573
5 5 1 7  0.0674957215
5 5 7 7  0.0741571573
5 6 2 7  -0.0003002019
5 6 4 7  0.0741571573
5 7 3 7  -0.0003002019
5 7 5 7  0.0741571573
6 0 6 0  0.0394164837
6 1 7 0  0.0394164837
6 2 2 0  -0.0397195673
6 3 3 0  -0.0397195673
6 4 4 0  0.0397195673
6 5 5 0  0.0397195673
6 6 0 0  0.0394164837
6 7 1 0  0.0394164837
6 0 2 2  -0.0674957215
6 0 4 2  -0.0002710356
6 1 3 2  -0.0674957215
6 1 5 2  -0.0002710356
6 2 0 2  -0.0674957215
6 2 6 2  0.0741571573
6 3 1 2  -0.0674957215
6 3 7 2  0.0741571573
6 4 0 2  -0.0002710356
6 4 6 2  -0.0003002019
6 5 1 2  -0.0002710356
6 5 7 2  -0.0003002019
6 6 2 2  0.0741571573
6 6 4 2  -0.0003002019
6 7 3 2  0.0741571573
6 7 5 2  -0.0003002019
6 0 2 4  0.0002710356
6 0 4 4  0.0674957215
6 1 3 4  0.0002710356
6 1 5 4  0.0674957215
6 2 0 4  0.0002710356
6 2 6 4  -0.0003002019
6 3 1 4  0.0002710356
6 3 7 4  -0.0003002019
6 4 0 4  0.0674957215
6 4 6 4  0.0741571573
6 5 1 4  0.0674957215
6 5 7 4  0.0741571573
6 6 2 4  -0.0003002019
6 6 4 4  0.0741571573
6 7 3 4  -0.0003002019
6 7 5 4  0.0741571573
6 0 0 6  0.2550434132
6 1 1 6  0.2550434132
6 2 2 6  0.2587236935
6 2 4 6  0.0000153247
6 3 3 6  0.2587236935
6 3 5 6  0.0000153247
6 4 2 6  0.0000153247
6 4 4 6  0.2587236935
6 5 3 6  0.0000153247
6 5 5 6  0.2587236935
6 6 6 6  0.2700738613
6 7 7 6  0.2700738613
7 0 6 1  0.0394164837
7 1 7 1  0.0394164837
7 2 2 1  -0.0397195673
7 3 3 1  -0.0397195673
7 4 4 1  0.0397195673
7 5 5 1  0.0397195673
7 6 0 1  0.0394164837
7 7 1 1  0.0394164837
7 0 2 3  -0.0674957215
7 0 4 3  -0.0002710356
7 1 3 3  -0.0674957215
7 1 5 3  -0.0002710356
7 2 0 3  -0.0674957215
7 2 6 3  0.0741571573
7 3 1 3  -0.0674957215
7 3 7 3  0.0741571573
7 4 0 3  -0.0002710356
7 4 6 3  -0.0003002019
7 5 1 3  -0.0002710356
7 5 7 3  -0.0003002019
7 6 2 3  0.0741571573
7 6 4 3  -0.0003002019
7 7 3 3  0.0741571573
7 7 5 3  -0.0003002019
7 0 2 5  0.0002710356
7 0 4 5  0.0674957215
7 1 3 5  0.0002710356
7 1 5 5  0.0674957215
7 2 0 5  0.0002710356
7 2 6 5  -0.0003002019
7 3 1 5  0.0002710356
7 3 7 5  -0.0003002019
7 4 0 5  0.0674957215
7 4 6 5  0.0741571573
7 5 1 5  0.0674957215
7 5 7 5  0.0741571573
7 6 2 5  -0.0003002019
7 6 4 5  0.0741571573
7 7 3 5  -0.0003002019
7 7 5 5  0.0741571573
7 0 0 7  0.2550434132
7 1 1 7  0.2550434132
7 2 2 7  0.2587236935
7 2 4 7  0.0000153247
7 3 3 7  0.2587236935
7 3 5 7  0.0000153247
7 4 2 7  0.0000153247
7 4 4 7  0.2587236935
7 5 3 7  0.0000153247
7 5 5 7  0.2587236935
7 6 6 7  0.2700738613
7 7 7 7  0.2700738613

 E(FCI) = -1.9379421372

 E(HF)  = -1.7055731931
