2.700366105
0 0  -2.0466223155
1 1  -2.0466223155
2 2  -1.5793264405
2 4  -0.0020409913
3 3  -1.5793264405
3 5  -0.0020409913
4 2  -0.0020409913
4 4  -1.5793264405
5 3  -0.0020409913
5 5  -1.5793264405
6 6  -1.0681616438
7 7  -1.0681616438
0 0 0 0  0.2590630916
0 1 1 0  0.2590630916
0 2 2 0  0.2519827715
0 2 4 0  0.0000348496
0 3 3 0  0.2519827715
0 3 5 0  0.0000348496
0 4 2 0  0.0000348496
0 4 4 0  0.2519827715
0 5 3 0  0.0000348496
0 5 5 0  0.2519827715
0 6 6 0  0.2541517789
0 7 7 0  0.2541517789
0 0 2 2  0.0681199702
0 0 4 2  0.0001506082
0 1 3 2  0.0681199702
0 1 5 2  0.0001506082
0 2 0 2  0.0681199702
0 2 6 2  -0.0675366030
0 3 1 2  0.0681199702
0 3 7 2  -0.0675366030
0 4 0 2  0.0001506082
0 4 6 2  0.0001351229
0 5 1 2  0.0001506082
0 5 7 2  0.0001351229
0 6 2 2  -0.0675366030
0 6 4 2  0.0001351229
0 7 3 2  -0.0675366030
0 7 5 2  0.0001351229
0 0 2 4  0.0001506082
0 0 4 4  0.0681199702
0 1 3 4  0.0001506082
0 1 5 4  0.0681199702
0 2 0 4  0.0001506082
0 2 6 4  -0.0001351229
0 3 1 4  0.0001506082
0 3 7 4  -0.0001351229
0 4 0 4  0.0681199702
0 4 6 4  0.0675366030
0 5 1 4  0.0681199702
0 5 7 4  0.0675366030
0 6 2 4  -0.0001351229
0 6 4 4  0.0675366030
0 7 3 4  -0.0001351229
0 7 5 4  0.0675366030
0 0 6 6  0.0395136440
0 1 7 6  0.0395136440
0 2 2 6  -0.0398464479
0 3 3 6  -0.0398464479
0 4 4 6  0.0398464479
0 5 5 6  0.0398464479
0 6 0 6  0.0395136440
0 7 1 6  0.0395136440
1 0 0 1  0.2590630916
1 1 1 1  0.2590630916
1 2 2 1  0.2519827715
1 2 4 1  0.0000348496
1 3 3 1  0.2519827715
1 3 5 1  0.0000348496
1 4 2 1  0.0000348496
1 4 4 1  0.2519827715
1 5 3 1  0.0000348496
1 5 5 1  0.2519827715
1 6 6 1  0.2541517789
1 7 7 1  0.2541517789
1 0 2 3  0.0681199702
1 0 4 3  0.0001506082
1 1 3 3  0.0681199702
1 1 5 3  0.0001506082
1 2 0 3  0.0681199702
1 2 6 3  -0.0675366030
1 3 1 3  0.0681199702
1 3 7 3  -0.0675366030
1 4 0 3  0.0001506082
1 4 6 3  0.0001351229
1 5 1 3  0.0001506082
1 5 7 3  0.0001351229
1 6 2 3  -0.0675366030
1 6 4 3  0.0001351229
1 7 3 3  -0.0675366030
1 7 5 3  0.0001351229
1 0 2 5  0.0001506082
1 0 4 5  0.0681199702
1 1 3 5  0.0001506082
1 1 5 5  0.0681199702
1 2 0 5  0.0001506082
1 2 6 5  -0.0001351229
1 3 1 5  0.0001506082
1 3 7 5  -0.0001351229
1 4 0 5  0.0681199702
1 4 6 5  0.0675366030
1 5 1 5  0.0681199702
1 5 7 5  0.0675366030
1 6 2 5  -0.0001351229
1 6 4 5  0.0675366030
1 7 3 5  -0.0001351229
1 7 5 5  0.0675366030
1 0 6 7  0.0395136440
1 1 7 7  0.0395136440
1 2 2 7  -0.0398464479
1 3 3 7  -0.0398464479
1 4 4 7  0.0398464479
1 5 5 7  0.0398464479
1 6 0 7  0.0395136440
1 7 1 7  0.0395136440
2 0 2 0  0.0681199702
2 0 4 0  0.0001506082
2 1 3 0  0.0681199702
2 1 5 0  0.0001506082
2 2 0 0  0.0681199702
2 2 6 0  -0.0675366030
2 3 1 0  0.0681199702
2 3 7 0  -0.0675366030
2 4 0 0  0.0001506082
2 4 6 0  0.0001351229
2 5 1 0  0.0001506082
2 5 7 0  0.0001351229
2 6 2 0  -0.0675366030
2 6 4 0  0.0001351229
2 7 3 0  -0.0675366030
2 7 5 0  0.0001351229
2 0 0 2  0.2519827715
2 0 6 2  -0.0398464479
2 1 1 2  0.2519827715
2 1 7 2  -0.0398464479
2 2 2 2  0.2916821153
2 2 4 2  0.0000259497
2 3 3 2  0.2916821153
2 3 5 2  0.0000259497
2 4 2 2  0.0000259497
2 4 4 2  0.2112703133
2 5 3 2  0.0000259497
2 5 5 2  0.2112703133
2 6 0 2  -0.0398464479
2 6 6 2  0.2578571335
2 7 1 2  -0.0398464479
2 7 7 2  0.2578571335
2 0 0 4  0.0000348496
2 1 1 4  0.0000348496
2 2 2 4  0.0000259497
2 2 4 4  0.0049105942
2 3 3 4  0.0000259497
2 3 5 4  0.0049105942
2 4 2 4  0.0049105942
2 4 4 4  0.0000259497
2 5 3 4  0.0049105942
2 5 5 4  0.0000259497
2 6 6 4  0.0000072491
2 7 7 4  0.0000072491
2 0 2 6  -0.0675366030
2 0 4 6  -0.0001351229
2 1 3 6  -0.0675366030
2 1 5 6  -0.0001351229
2 2 0 6  -0.0675366030
2 2 6 6  0.0742048736
2 3 1 6  -0.0675366030
2 3 7 6  0.0742048736
2 4 0 6  -0.0001351229
2 4 6 6  -0.0001498148
2 5 1 6  -0.0001351229
2 5 7 6  -0.0001498148
2 6 2 6  0.0742048736
2 6 4 6  -0.0001498148
2 7 3 6  0.0742048736
2 7 5 6  -0.0001498148
3 0 2 1  0.0681199702
3 0 4 1  0.0001506082
3 1 3 1  0.0681199702
3 1 5 1  0.0001506082
3 2 0 1  0.0681199702
3 2 6 1  -0.0675366030
3 3 1 1  0.0681199702
3 3 7 1  -0.0675366030
3 4 0 1  0.0001506082
3 4 6 1  0.0001351229
3 5 1 1  0.0001506082
3 5 7 1  0.0001351229
3 6 2 1  -0.0675366030
3 6 4 1  0.0001351229
3 7 3 1  -0.0675366030
3 7 5 1  0.0001351229
3 0 0 3  0.2519827715
3 0 6 3  -0.0398464479
3 1 1 3  0.2519827715
3 1 7 3  -0.0398464479
3 2 2 3  0.2916821153
3 2 4 3  0.0000259497
3 3 3 3  0.2916821153
3 3 5 3  0.0000259497
3 4 2 3  0.0000259497
3 4 4 3  0.2112703133
3 5 3 3  0.0000259497
3 5 5 3  0.2112703133
3 6 0 3  -0.0398464479
3 6 6 3  0.2578571335
3 7 1 3  -0.0398464479
3 7 7 3  0.2578571335
3 0 0 5  0.0000348496
3 1 1 5  0.0000348496
3 2 2 5  0.0000259497
3 2 4 5  0.0049105942
3 3 3 5  0.0000259497
3 3 5 5  0.0049105942
3 4 2 5  0.0049105942
3 4 4 5  0.0000259497
3 5 3 5  0.0049105942
3 5 5 5  0.0000259497
3 6 6 5  0.0000072491
3 7 7 5  0.0000072491
3 0 2 7  -0.0675366030
3 0 4 7  -0.0001351229
3 1 3 7  -0.0675366030
3 1 5 7  -0.0001351229
3 2 0 7  -0.0675366030
3 2 6 7  0.0742048736
3 3 1 7  -0.0675366030
3 3 7 7  0.0742048736
3 4 0 7  -0.0001351229
3 4 6 7  -0.0001498148
3 5 1 7  -0.0001351229
3 5 7 7  -0.0001498148
3 6 2 7  0.0742048736
3 6 4 7  -0.0001498148
3 7 3 7  0.0742048736
3 7 5 7  -0.0001498148
4 0 2 0  0.0001506082
4 0 4 0  0.0681199702
4 1 3 0  0.0001506082
4 1 5 0  0.0681199702
4 2 0 0  0.0001506082
4 2 6 0  -0.0001351229
4 3 1 0  0.0001506082
4 3 7 0  -0.0001351229
4 4 0 0  0.0681199702
4 4 6 0  0.0675366030
4 5 1 0  0.0681199702
4 5 7 0  0.0675366030
4 6 2 0  -0.0001351229
4 6 4 0  0.0675366030
4 7 3 0  -0.0001351229
4 7 5 0  0.0675366030
4 0 0 2  0.0000348496
4 1 1 2  0.0000348496
4 2 2 2  0.0000259497
4 2 4 2  0.0049105942
4 3 3 2  0.0000259497
4 3 5 2  0.0049105942
4 4 2 2  0.0049105942
4 4 4 2  0.0000259497
4 5 3 2  0.0049105942
4 5 5 2  0.0000259497
4 6 6 2  0.0000072491
4 7 7 2  0.0000072491
4 0 0 4  0.2519827715
4 0 6 4  0.0398464479
4 1 1 4  0.2519827715
4 1 7 4  0.0398464479
4 2 2 4  0.2112703133
4 2 4 4  0.0000259497
4 3 3 4  0.2112703133
4 3 5 4  0.0000259497
4 4 2 4  0.0000259497
4 4 4 4  0.2916821153
4 5 3 4  0.0000259497
4 5 5 4  0.2916821153
4 6 0 4  0.0398464479
4 6 6 4  0.2578571335
4 7 1 4  0.0398464479
4 7 7 4  0.2578571335
4 0 2 6  0.0001351229
4 0 4 6  0.0675366030
4 1 3 6  0.0001351229
4 1 5 6  0.0675366030
4 2 0 6  0.0001351229
4 2 6 6  -0.0001498148
4 3 1 6  0.0001351229
4 3 7 6  -0.0001498148
4 4 0 6  0.0675366030
4 4 6 6  0.0742048736
4 5 1 6  0.0675366030
4 5 7 6  0.0742048736
4 6 2 6  -0.0001498148
4 6 4 6  0.0742048736
4 7 3 6  -0.0001498148
4 7 5 6  0.0742048736
5 0 2 1  0.0001506082
5 0 4 1  0.0681199702
5 1 3 1  0.0001506082
5 1 5 1  0.0681199702
5 2 0 1  0.0001506082
5 2 6 1  -0.0001351229
5 3 1 1  0.0001506082
5 3 7 1  -0.0001351229
5 4 0 1  0.0681199702
5 4 6 1  0.0675366030
5 5 1 1  0.0681199702
5 5 7 1  0.0675366030
5 6 2 1  -0.0001351229
5 6 4 1  0.0675366030
5 7 3 1  -0.0001351229
5 7 5 1  0.0675366030
5 0 0 3  0.0000348496
5 1 1 3  0.0000348496
5 2 2 3  0.0000259497
5 2 4 3  0.0049105942
5 3 3 3  0.0000259497
5 3 5 3  0.0049105942
5 4 2 3  0.0049105942
5 4 4 3  0.0000259497
5 5 3 3  0.0049105942
5 5 5 3  0.0000259497
5 6 6 3  0.0000072491
5 7 7 3  0.0000072491
5 0 0 5  0.2519827715
5 0 6 5  0.0398464479
5 1 1 5  0.2519827715
5 1 7 5  0.0398464479
5 2 2 5  0.2112703133
5 2 4 5  0.0000259497
5 3 3 5  0.2112703133
5 3 5 5  0.0000259497
5 4 2 5  0.0000259497
5 4 4 5  0.2916821153
5 5 3 5  0.0000259497
5 5 5 5  0.2916821153
5 6 0 5  0.0398464479
5 6 6 5  0.2578571335
5 7 1 5  0.0398464479
5 7 7 5  0.2578571335
5 0 2 7  0.0001351229
5 0 4 7  0.0675366030
5 1 3 7  0.0001351229
5 1 5 7  0.0675366030
5 2 0 7  0.0001351229
5 2 6 7  -0.0001498148
5 3 1 7  0.0001351229
5 3 7 7  -0.0001498148
5 4 0 7  0.0675366030
5 4 6 7  0.0742048736
5 5 1 7  0.0675366030
5 5 7 7  0.0742048736
5 6 2 7  -0.0001498148
5 6 4 7  0.0742048736
5 7 3 7  -0.0001498148
5 7 5 7  0.0742048736
6 0 6 0  0.0395136440
6 1 7 0  0.0395136440
6 2 2 0  -0.0398464479
6 3 3 0  -0.0398464479
6 4 4 0  0.0398464479
6 5 5 0  0.0398464479
6 6 0 0  0.0395136440
6 7 1 0  0.0395136440
6 0 2 2  -0.0675366030
6 0 4 2  -0.0001351229
6 1 3 2  -0.0675366030
6 1 5 2  -0.0001351229
6 2 0 2  -0.0675366030
6 2 6 2  0.0742048736
6 3 1 2  -0.0675366030
6 3 7 2  0.0742048736
6 4 0 2  -0.0001351229
6 4 6 2  -0.0001498148
6 5 1 2  -0.0001351229
6 5 7 2  -0.0001498148
6 6 2 2  0.0742048736
6 6 4 2  -0.0001498148
6 7 3 2  0.0742048736
6 7 5 2  -0.0001498148
6 0 2 4  0.0001351229
6 0 4 4  0.0675366030
6 1 3 4  0.0001351229
6 1 5 4  0.0675366030
6 2 0 4  0.0001351229
6 2 6 4  -0.0001498148
6 3 1 4  0.0001351229
6 3 7 4  -0.0001498148
6 4 0 4  0.0675366030
6 4 6 4  0.0742048736
6 5 1 4  0.0675366030
6 5 7 4  0.0742048736
6 6 2 4  -0.0001498148
6 6 4 4  0.0742048736
6 7 3 4  -0.0001498148
6 7 5 4  0.0742048736
6 0 0 6  0.2541517789
6 1 1 6  0.2541517789
6 2 2 6  0.2578571335
6 2 4 6  0.0000072491
6 3 3 6  0.2578571335
6 3 5 6  0.0000072491
6 4 2 6  0.0000072491
6 4 4 6  0.2578571335
6 5 3 6  0.0000072491
6 5 5 6  0.2578571335
6 6 6 6  0.2691061254
6 7 7 6  0.2691061254
7 0 6 1  0.0395136440
7 1 7 1  0.0395136440
7 2 2 1  -0.0398464479
7 3 3 1  -0.0398464479
7 4 4 1  0.0398464479
7 5 5 1  0.0398464479
7 6 0 1  0.0395136440
7 7 1 1  0.0395136440
7 0 2 3  -0.0675366030
7 0 4 3  -0.0001351229
7 1 3 3  -0.0675366030
7 1 5 3  -0.0001351229
7 2 0 3  -0.0675366030
7 2 6 3  0.0742048736
7 3 1 3  -0.0675366030
7 3 7 3  0.0742048736
7 4 0 3  -0.0001351229
7 4 6 3  -0.0001498148
7 5 1 3  -0.0001351229
7 5 7 3  -0.0001498148
7 6 2 3  0.0742048736
7 6 4 3  -0.0001498148
7 7 3 3  0.0742048736
7 7 5 3  -0.0001498148
7 0 2 5  0.0001351229
7 0 4 5  0.0675366030
7 1 3 5  0.0001351229
7 1 5 5  0.0675366030
7 2 0 5  0.0001351229
7 2 6 5  -0.0001498148
7 3 1 5  0.0001351229
7 3 7 5  -0.0001498148
7 4 0 5  0.0675366030
7 4 6 5  0.0742048736
7 5 1 5  0.0675366030
7 5 7 5  0.0742048736
7 6 2 5  -0.0001498148
7 6 4 5  0.0742048736
7 7 3 5  -0.0001498148
7 7 5 5  0.0742048736
7 0 0 7  0.2541517789
7 1 1 7  0.2541517789
7 2 2 7  0.2578571335
7 2 4 7  0.0000072491
7 3 3 7  0.2578571335
7 3 5 7  0.0000072491
7 4 2 7  0.0000072491
7 4 4 7  0.2578571335
7 5 3 7  0.0000072491
7 5 5 7  0.2578571335
7 6 6 7  0.2691061254
7 7 7 7  0.2691061254
