 MO Integrals

2.2213668629
0 0  -1.7736731253
1 1  -1.7736731253
2 2  -1.4285350564
2 4  -0.1424427638
3 3  -1.4285350564
3 5  -0.1424427638
4 2  -0.1424427638
4 4  -1.4285350564
5 3  -0.1424427638
5 5  -1.4285350564
6 6  -1.0805790498
7 7  -1.0805790498
0 0 0 0  0.2308927467
0 1 1 0  0.2308927467
0 2 2 0  0.2275657650
0 2 4 0  0.0022142336
0 3 3 0  0.2275657650
0 3 5 0  0.0022142336
0 4 2 0  0.0022142336
0 4 4 0  0.2275657650
0 5 3 0  0.0022142336
0 5 5 0  0.2275657650
0 6 6 0  0.2290337234
0 7 7 0  0.2290337234
0 0 2 2  0.0694232242
0 0 4 2  0.0129740609
0 1 3 2  0.0694232242
0 1 5 2  0.0129740609
0 2 0 2  0.0694232242
0 2 6 2  -0.0705881373
0 3 1 2  0.0694232242
0 3 7 2  -0.0705881373
0 4 0 2  0.0129740609
0 4 6 2  0.0119886262
0 5 1 2  0.0129740609
0 5 7 2  0.0119886262
0 6 2 2  -0.0705881373
0 6 4 2  0.0119886262
0 7 3 2  -0.0705881373
0 7 5 2  0.0119886262
0 0 2 4  0.0129740609
0 0 4 4  0.0694232242
0 1 3 4  0.0129740609
0 1 5 4  0.0694232242
0 2 0 4  0.0129740609
0 2 6 4  -0.0119886262
0 3 1 4  0.0129740609
0 3 7 4  -0.0119886262
0 4 0 4  0.0694232242
0 4 6 4  0.0705881373
0 5 1 4  0.0694232242
0 5 7 4  0.0705881373
0 6 2 4  -0.0119886262
0 6 4 4  0.0705881373
0 7 3 4  -0.0119886262
0 7 5 4  0.0705881373
0 0 6 6  0.0427229602
0 1 7 6  0.0427229602
0 2 2 6  -0.0436921542
0 3 3 6  -0.0436921542
0 4 4 6  0.0436921542
0 5 5 6  0.0436921542
0 6 0 6  0.0427229602
0 7 1 6  0.0427229602
1 0 0 1  0.2308927467
1 1 1 1  0.2308927467
1 2 2 1  0.2275657650
1 2 4 1  0.0022142336
1 3 3 1  0.2275657650
1 3 5 1  0.0022142336
1 4 2 1  0.0022142336
1 4 4 1  0.2275657650
1 5 3 1  0.0022142336
1 5 5 1  0.2275657650
1 6 6 1  0.2290337234
1 7 7 1  0.2290337234
1 0 2 3  0.0694232242
1 0 4 3  0.0129740609
1 1 3 3  0.0694232242
1 1 5 3  0.0129740609
1 2 0 3  0.0694232242
1 2 6 3  -0.0705881373
1 3 1 3  0.0694232242
1 3 7 3  -0.0705881373
1 4 0 3  0.0129740609
1 4 6 3  0.0119886262
1 5 1 3  0.0129740609
1 5 7 3  0.0119886262
1 6 2 3  -0.0705881373
1 6 4 3  0.0119886262
1 7 3 3  -0.0705881373
1 7 5 3  0.0119886262
1 0 2 5  0.0129740609
1 0 4 5  0.0694232242
1 1 3 5  0.0129740609
1 1 5 5  0.0694232242
1 2 0 5  0.0129740609
1 2 6 5  -0.0119886262
1 3 1 5  0.0129740609
1 3 7 5  -0.0119886262
1 4 0 5  0.0694232242
1 4 6 5  0.0705881373
1 5 1 5  0.0694232242
1 5 7 5  0.0705881373
1 6 2 5  -0.0119886262
1 6 4 5  0.0705881373
1 7 3 5  -0.0119886262
1 7 5 5  0.0705881373
1 0 6 7  0.0427229602
1 1 7 7  0.0427229602
1 2 2 7  -0.0436921542
1 3 3 7  -0.0436921542
1 4 4 7  0.0436921542
1 5 5 7  0.0436921542
1 6 0 7  0.0427229602
1 7 1 7  0.0427229602
2 0 2 0  0.0694232242
2 0 4 0  0.0129740609
2 1 3 0  0.0694232242
2 1 5 0  0.0129740609
2 2 0 0  0.0694232242
2 2 6 0  -0.0705881373
2 3 1 0  0.0694232242
2 3 7 0  -0.0705881373
2 4 0 0  0.0129740609
2 4 6 0  0.0119886262
2 5 1 0  0.0129740609
2 5 7 0  0.0119886262
2 6 2 0  -0.0705881373
2 6 4 0  0.0119886262
2 7 3 0  -0.0705881373
2 7 5 0  0.0119886262
2 0 0 2  0.2275657650
2 0 6 2  -0.0436921542
2 1 1 2  0.2275657650
2 1 7 2  -0.0436921542
2 2 2 2  0.2736250680
2 2 4 2  0.0011611743
2 3 3 2  0.2736250680
2 3 5 2  0.0011611743
2 4 2 2  0.0011611743
2 4 4 2  0.1842144078
2 5 3 2  0.0011611743
2 5 5 2  0.1842144078
2 6 0 2  -0.0436921542
2 6 6 2  0.2336230001
2 7 1 2  -0.0436921542
2 7 7 2  0.2336230001
2 0 0 4  0.0022142336
2 1 1 4  0.0022142336
2 2 2 4  0.0011611743
2 2 4 4  0.0029170232
2 3 3 4  0.0011611743
2 3 5 4  0.0029170232
2 4 2 4  0.0029170232
2 4 4 4  0.0011611743
2 5 3 4  0.0029170232
2 5 5 4  0.0011611743
2 6 6 4  -0.0003244450
2 7 7 4  -0.0003244450
2 0 2 6  -0.0705881373
2 0 4 6  -0.0119886262
2 1 3 6  -0.0705881373
2 1 5 6  -0.0119886262
2 2 0 6  -0.0705881373
2 2 6 6  0.0770061840
2 3 1 6  -0.0705881373
2 3 7 6  0.0770061840
2 4 0 6  -0.0119886262
2 4 6 6  -0.0135710201
2 5 1 6  -0.0119886262
2 5 7 6  -0.0135710201
2 6 2 6  0.0770061840
2 6 4 6  -0.0135710201
2 7 3 6  0.0770061840
2 7 5 6  -0.0135710201
3 0 2 1  0.0694232242
3 0 4 1  0.0129740609
3 1 3 1  0.0694232242
3 1 5 1  0.0129740609
3 2 0 1  0.0694232242
3 2 6 1  -0.0705881373
3 3 1 1  0.0694232242
3 3 7 1  -0.0705881373
3 4 0 1  0.0129740609
3 4 6 1  0.0119886262
3 5 1 1  0.0129740609
3 5 7 1  0.0119886262
3 6 2 1  -0.0705881373
3 6 4 1  0.0119886262
3 7 3 1  -0.0705881373
3 7 5 1  0.0119886262
3 0 0 3  0.2275657650
3 0 6 3  -0.0436921542
3 1 1 3  0.2275657650
3 1 7 3  -0.0436921542
3 2 2 3  0.2736250680
3 2 4 3  0.0011611743
3 3 3 3  0.2736250680
3 3 5 3  0.0011611743
3 4 2 3  0.0011611743
3 4 4 3  0.1842144078
3 5 3 3  0.0011611743
3 5 5 3  0.1842144078
3 6 0 3  -0.0436921542
3 6 6 3  0.2336230001
3 7 1 3  -0.0436921542
3 7 7 3  0.2336230001
3 0 0 5  0.0022142336
3 1 1 5  0.0022142336
3 2 2 5  0.0011611743
3 2 4 5  0.0029170232
3 3 3 5  0.0011611743
3 3 5 5  0.0029170232
3 4 2 5  0.0029170232
3 4 4 5  0.0011611743
3 5 3 5  0.0029170232
3 5 5 5  0.0011611743
3 6 6 5  -0.0003244450
3 7 7 5  -0.0003244450
3 0 2 7  -0.0705881373
3 0 4 7  -0.0119886262
3 1 3 7  -0.0705881373
3 1 5 7  -0.0119886262
3 2 0 7  -0.0705881373
3 2 6 7  0.0770061840
3 3 1 7  -0.0705881373
3 3 7 7  0.0770061840
3 4 0 7  -0.0119886262
3 4 6 7  -0.0135710201
3 5 1 7  -0.0119886262
3 5 7 7  -0.0135710201
3 6 2 7  0.0770061840
3 6 4 7  -0.0135710201
3 7 3 7  0.0770061840
3 7 5 7  -0.0135710201
4 0 2 0  0.0129740609
4 0 4 0  0.0694232242
4 1 3 0  0.0129740609
4 1 5 0  0.0694232242
4 2 0 0  0.0129740609
4 2 6 0  -0.0119886262
4 3 1 0  0.0129740609
4 3 7 0  -0.0119886262
4 4 0 0  0.0694232242
4 4 6 0  0.0705881373
4 5 1 0  0.0694232242
4 5 7 0  0.0705881373
4 6 2 0  -0.0119886262
4 6 4 0  0.0705881373
4 7 3 0  -0.0119886262
4 7 5 0  0.0705881373
4 0 0 2  0.0022142336
4 1 1 2  0.0022142336
4 2 2 2  0.0011611743
4 2 4 2  0.0029170232
4 3 3 2  0.0011611743
4 3 5 2  0.0029170232
4 4 2 2  0.0029170232
4 4 4 2  0.0011611743
4 5 3 2  0.0029170232
4 5 5 2  0.0011611743
4 6 6 2  -0.0003244450
4 7 7 2  -0.0003244450
4 0 0 4  0.2275657650
4 0 6 4  0.0436921542
4 1 1 4  0.2275657650
4 1 7 4  0.0436921542
4 2 2 4  0.1842144078
4 2 4 4  0.0011611743
4 3 3 4  0.1842144078
4 3 5 4  0.0011611743
4 4 2 4  0.0011611743
4 4 4 4  0.2736250680
4 5 3 4  0.0011611743
4 5 5 4  0.2736250680
4 6 0 4  0.0436921542
4 6 6 4  0.2336230001
4 7 1 4  0.0436921542
4 7 7 4  0.2336230001
4 0 2 6  0.0119886262
4 0 4 6  0.0705881373
4 1 3 6  0.0119886262
4 1 5 6  0.0705881373
4 2 0 6  0.0119886262
4 2 6 6  -0.0135710201
4 3 1 6  0.0119886262
4 3 7 6  -0.0135710201
4 4 0 6  0.0705881373
4 4 6 6  0.0770061840
4 5 1 6  0.0705881373
4 5 7 6  0.0770061840
4 6 2 6  -0.0135710201
4 6 4 6  0.0770061840
4 7 3 6  -0.0135710201
4 7 5 6  0.0770061840
5 0 2 1  0.0129740609
5 0 4 1  0.0694232242
5 1 3 1  0.0129740609
5 1 5 1  0.0694232242
5 2 0 1  0.0129740609
5 2 6 1  -0.0119886262
5 3 1 1  0.0129740609
5 3 7 1  -0.0119886262
5 4 0 1  0.0694232242
5 4 6 1  0.0705881373
5 5 1 1  0.0694232242
5 5 7 1  0.0705881373
5 6 2 1  -0.0119886262
5 6 4 1  0.0705881373
5 7 3 1  -0.0119886262
5 7 5 1  0.0705881373
5 0 0 3  0.0022142336
5 1 1 3  0.0022142336
5 2 2 3  0.0011611743
5 2 4 3  0.0029170232
5 3 3 3  0.0011611743
5 3 5 3  0.0029170232
5 4 2 3  0.0029170232
5 4 4 3  0.0011611743
5 5 3 3  0.0029170232
5 5 5 3  0.0011611743
5 6 6 3  -0.0003244450
5 7 7 3  -0.0003244450
5 0 0 5  0.2275657650
5 0 6 5  0.0436921542
5 1 1 5  0.2275657650
5 1 7 5  0.0436921542
5 2 2 5  0.1842144078
5 2 4 5  0.0011611743
5 3 3 5  0.1842144078
5 3 5 5  0.0011611743
5 4 2 5  0.0011611743
5 4 4 5  0.2736250680
5 5 3 5  0.0011611743
5 5 5 5  0.2736250680
5 6 0 5  0.0436921542
5 6 6 5  0.2336230001
5 7 1 5  0.0436921542
5 7 7 5  0.2336230001
5 0 2 7  0.0119886262
5 0 4 7  0.0705881373
5 1 3 7  0.0119886262
5 1 5 7  0.0705881373
5 2 0 7  0.0119886262
5 2 6 7  -0.0135710201
5 3 1 7  0.0119886262
5 3 7 7  -0.0135710201
5 4 0 7  0.0705881373
5 4 6 7  0.0770061840
5 5 1 7  0.0705881373
5 5 7 7  0.0770061840
5 6 2 7  -0.0135710201
5 6 4 7  0.0770061840
5 7 3 7  -0.0135710201
5 7 5 7  0.0770061840
6 0 6 0  0.0427229602
6 1 7 0  0.0427229602
6 2 2 0  -0.0436921542
6 3 3 0  -0.0436921542
6 4 4 0  0.0436921542
6 5 5 0  0.0436921542
6 6 0 0  0.0427229602
6 7 1 0  0.0427229602
6 0 2 2  -0.0705881373
6 0 4 2  -0.0119886262
6 1 3 2  -0.0705881373
6 1 5 2  -0.0119886262
6 2 0 2  -0.0705881373
6 2 6 2  0.0770061840
6 3 1 2  -0.0705881373
6 3 7 2  0.0770061840
6 4 0 2  -0.0119886262
6 4 6 2  -0.0135710201
6 5 1 2  -0.0119886262
6 5 7 2  -0.0135710201
6 6 2 2  0.0770061840
6 6 4 2  -0.0135710201
6 7 3 2  0.0770061840
6 7 5 2  -0.0135710201
6 0 2 4  0.0119886262
6 0 4 4  0.0705881373
6 1 3 4  0.0119886262
6 1 5 4  0.0705881373
6 2 0 4  0.0119886262
6 2 6 4  -0.0135710201
6 3 1 4  0.0119886262
6 3 7 4  -0.0135710201
6 4 0 4  0.0705881373
6 4 6 4  0.0770061840
6 5 1 4  0.0705881373
6 5 7 4  0.0770061840
6 6 2 4  -0.0135710201
6 6 4 4  0.0770061840
6 7 3 4  -0.0135710201
6 7 5 4  0.0770061840
6 0 0 6  0.2290337234
6 1 1 6  0.2290337234
6 2 2 6  0.2336230001
6 2 4 6  -0.0003244450
6 3 3 6  0.2336230001
6 3 5 6  -0.0003244450
6 4 2 6  -0.0003244450
6 4 4 6  0.2336230001
6 5 3 6  -0.0003244450
6 5 5 6  0.2336230001
6 6 6 6  0.2415601565
6 7 7 6  0.2415601565
7 0 6 1  0.0427229602
7 1 7 1  0.0427229602
7 2 2 1  -0.0436921542
7 3 3 1  -0.0436921542
7 4 4 1  0.0436921542
7 5 5 1  0.0436921542
7 6 0 1  0.0427229602
7 7 1 1  0.0427229602
7 0 2 3  -0.0705881373
7 0 4 3  -0.0119886262
7 1 3 3  -0.0705881373
7 1 5 3  -0.0119886262
7 2 0 3  -0.0705881373
7 2 6 3  0.0770061840
7 3 1 3  -0.0705881373
7 3 7 3  0.0770061840
7 4 0 3  -0.0119886262
7 4 6 3  -0.0135710201
7 5 1 3  -0.0119886262
7 5 7 3  -0.0135710201
7 6 2 3  0.0770061840
7 6 4 3  -0.0135710201
7 7 3 3  0.0770061840
7 7 5 3  -0.0135710201
7 0 2 5  0.0119886262
7 0 4 5  0.0705881373
7 1 3 5  0.0119886262
7 1 5 5  0.0705881373
7 2 0 5  0.0119886262
7 2 6 5  -0.0135710201
7 3 1 5  0.0119886262
7 3 7 5  -0.0135710201
7 4 0 5  0.0705881373
7 4 6 5  0.0770061840
7 5 1 5  0.0705881373
7 5 7 5  0.0770061840
7 6 2 5  -0.0135710201
7 6 4 5  0.0770061840
7 7 3 5  -0.0135710201
7 7 5 5  0.0770061840
7 0 0 7  0.2290337234
7 1 1 7  0.2290337234
7 2 2 7  0.2336230001
7 2 4 7  -0.0003244450
7 3 3 7  0.2336230001
7 3 5 7  -0.0003244450
7 4 2 7  -0.0003244450
7 4 4 7  0.2336230001
7 5 3 7  -0.0003244450
7 5 5 7  0.2336230001
7 6 6 7  0.2415601565
7 7 7 7  0.2415601565

 E(FCI) = -2.1165510817

 E(HF)  = -1.6311806479
