 MO Integrals

2.8544052574
0 0  -2.1184833890
1 1  -2.1184833890
2 2  -1.6119748496
2 4  -0.0443497238
3 3  -1.6119748496
3 5  -0.0443497238
4 2  -0.0443497238
4 4  -1.6119748496
5 3  -0.0443497238
5 5  -1.6119748496
6 6  -1.0443039019
7 7  -1.0443039019
0 0 0 0  0.2659419716
0 1 1 0  0.2659419716
0 2 2 0  0.2581950385
0 2 4 0  0.0007302578
0 3 3 0  0.2581950385
0 3 5 0  0.0007302578
0 4 2 0  0.0007302578
0 4 4 0  0.2581950385
0 5 3 0  0.0007302578
0 5 5 0  0.2581950385
0 6 6 0  0.2605447566
0 7 7 0  0.2605447566
0 0 2 2  0.0684902682
0 0 4 2  0.0030728456
0 1 3 2  0.0684902682
0 1 5 2  0.0030728456
0 2 0 2  0.0684902682
0 2 6 2  0.0673411832
0 3 1 2  0.0684902682
0 3 7 2  0.0673411832
0 4 0 2  0.0030728456
0 4 6 2  -0.0027559020
0 5 1 2  0.0030728456
0 5 7 2  -0.0027559020
0 6 2 2  0.0673411832
0 6 4 2  -0.0027559020
0 7 3 2  0.0673411832
0 7 5 2  -0.0027559020
0 0 2 4  0.0030728456
0 0 4 4  0.0684902682
0 1 3 4  0.0030728456
0 1 5 4  0.0684902682
0 2 0 4  0.0030728456
0 2 6 4  0.0027559020
0 3 1 4  0.0030728456
0 3 7 4  0.0027559020
0 4 0 4  0.0684902682
0 4 6 4  -0.0673411832
0 5 1 4  0.0684902682
0 5 7 4  -0.0673411832
0 6 2 4  0.0027559020
0 6 4 4  -0.0673411832
0 7 3 4  0.0027559020
0 7 5 4  -0.0673411832
0 0 6 6  0.0388417365
0 1 7 6  0.0388417365
0 2 2 6  0.0389582626
0 3 3 6  0.0389582626
0 4 4 6  -0.0389582626
0 5 5 6  -0.0389582626
0 6 0 6  0.0388417365
0 7 1 6  0.0388417365
1 0 0 1  0.2659419716
1 1 1 1  0.2659419716
1 2 2 1  0.2581950385
1 2 4 1  0.0007302578
1 3 3 1  0.2581950385
1 3 5 1  0.0007302578
1 4 2 1  0.0007302578
1 4 4 1  0.2581950385
1 5 3 1  0.0007302578
1 5 5 1  0.2581950385
1 6 6 1  0.2605447566
1 7 7 1  0.2605447566
1 0 2 3  0.0684902682
1 0 4 3  0.0030728456
1 1 3 3  0.0684902682
1 1 5 3  0.0030728456
1 2 0 3  0.0684902682
1 2 6 3  0.0673411832
1 3 1 3  0.0684902682
1 3 7 3  0.0673411832
1 4 0 3  0.0030728456
1 4 6 3  -0.0027559020
1 5 1 3  0.0030728456
1 5 7 3  -0.0027559020
1 6 2 3  0.0673411832
1 6 4 3  -0.0027559020
1 7 3 3  0.0673411832
1 7 5 3  -0.0027559020
1 0 2 5  0.0030728456
1 0 4 5  0.0684902682
1 1 3 5  0.0030728456
1 1 5 5  0.0684902682
1 2 0 5  0.0030728456
1 2 6 5  0.0027559020
1 3 1 5  0.0030728456
1 3 7 5  0.0027559020
1 4 0 5  0.0684902682
1 4 6 5  -0.0673411832
1 5 1 5  0.0684902682
1 5 7 5  -0.0673411832
1 6 2 5  0.0027559020
1 6 4 5  -0.0673411832
1 7 3 5  0.0027559020
1 7 5 5  -0.0673411832
1 0 6 7  0.0388417365
1 1 7 7  0.0388417365
1 2 2 7  0.0389582626
1 3 3 7  0.0389582626
1 4 4 7  -0.0389582626
1 5 5 7  -0.0389582626
1 6 0 7  0.0388417365
1 7 1 7  0.0388417365
2 0 2 0  0.0684902682
2 0 4 0  0.0030728456
2 1 3 0  0.0684902682
2 1 5 0  0.0030728456
2 2 0 0  0.0684902682
2 2 6 0  0.0673411832
2 3 1 0  0.0684902682
2 3 7 0  0.0673411832
2 4 0 0  0.0030728456
2 4 6 0  -0.0027559020
2 5 1 0  0.0030728456
2 5 7 0  -0.0027559020
2 6 2 0  0.0673411832
2 6 4 0  -0.0027559020
2 7 3 0  0.0673411832
2 7 5 0  -0.0027559020
2 0 0 2  0.2581950385
2 0 6 2  0.0389582626
2 1 1 2  0.2581950385
2 1 7 2  0.0389582626
2 2 2 2  0.2964793009
2 2 4 2  0.0005741394
2 3 3 2  0.2964793009
2 3 5 2  0.0005741394
2 4 2 2  0.0005741394
2 4 4 2  0.2182799215
2 5 3 2  0.0005741394
2 5 5 2  0.2182799215
2 6 0 2  0.0389582626
2 6 6 2  0.2640867976
2 7 1 2  0.0389582626
2 7 7 2  0.2640867976
2 0 0 4  0.0007302578
2 1 1 4  0.0007302578
2 2 2 4  0.0005741394
2 2 4 4  0.0054746580
2 3 3 4  0.0005741394
2 3 5 4  0.0054746580
2 4 2 4  0.0054746580
2 4 4 4  0.0005741394
2 5 3 4  0.0054746580
2 5 5 4  0.0005741394
2 6 6 4  0.0002036832
2 7 7 4  0.0002036832
2 0 2 6  0.0673411832
2 0 4 6  0.0027559020
2 1 3 6  0.0673411832
2 1 5 6  0.0027559020
2 2 0 6  0.0673411832
2 2 6 6  0.0739429054
2 3 1 6  0.0673411832
2 3 7 6  0.0739429054
2 4 0 6  0.0027559020
2 4 6 6  -0.0030337674
2 5 1 6  0.0027559020
2 5 7 6  -0.0030337674
2 6 2 6  0.0739429054
2 6 4 6  -0.0030337674
2 7 3 6  0.0739429054
2 7 5 6  -0.0030337674
3 0 2 1  0.0684902682
3 0 4 1  0.0030728456
3 1 3 1  0.0684902682
3 1 5 1  0.0030728456
3 2 0 1  0.0684902682
3 2 6 1  0.0673411832
3 3 1 1  0.0684902682
3 3 7 1  0.0673411832
3 4 0 1  0.0030728456
3 4 6 1  -0.0027559020
3 5 1 1  0.0030728456
3 5 7 1  -0.0027559020
3 6 2 1  0.0673411832
3 6 4 1  -0.0027559020
3 7 3 1  0.0673411832
3 7 5 1  -0.0027559020
3 0 0 3  0.2581950385
3 0 6 3  0.0389582626
3 1 1 3  0.2581950385
3 1 7 3  0.0389582626
3 2 2 3  0.2964793009
3 2 4 3  0.0005741394
3 3 3 3  0.2964793009
3 3 5 3  0.0005741394
3 4 2 3  0.0005741394
3 4 4 3  0.2182799215
3 5 3 3  0.0005741394
3 5 5 3  0.2182799215
3 6 0 3  0.0389582626
3 6 6 3  0.2640867976
3 7 1 3  0.0389582626
3 7 7 3  0.2640867976
3 0 0 5  0.0007302578
3 1 1 5  0.0007302578
3 2 2 5  0.0005741394
3 2 4 5  0.0054746580
3 3 3 5  0.0005741394
3 3 5 5  0.0054746580
3 4 2 5  0.0054746580
3 4 4 5  0.0005741394
3 5 3 5  0.0054746580
3 5 5 5  0.0005741394
3 6 6 5  0.0002036832
3 7 7 5  0.0002036832
3 0 2 7  0.0673411832
3 0 4 7  0.0027559020
3 1 3 7  0.0673411832
3 1 5 7  0.0027559020
3 2 0 7  0.0673411832
3 2 6 7  0.0739429054
3 3 1 7  0.0673411832
3 3 7 7  0.0739429054
3 4 0 7  0.0027559020
3 4 6 7  -0.0030337674
3 5 1 7  0.0027559020
3 5 7 7  -0.0030337674
3 6 2 7  0.0739429054
3 6 4 7  -0.0030337674
3 7 3 7  0.0739429054
3 7 5 7  -0.0030337674
4 0 2 0  0.0030728456
4 0 4 0  0.0684902682
4 1 3 0  0.0030728456
4 1 5 0  0.0684902682
4 2 0 0  0.0030728456
4 2 6 0  0.0027559020
4 3 1 0  0.0030728456
4 3 7 0  0.0027559020
4 4 0 0  0.0684902682
4 4 6 0  -0.0673411832
4 5 1 0  0.0684902682
4 5 7 0  -0.0673411832
4 6 2 0  0.0027559020
4 6 4 0  -0.0673411832
4 7 3 0  0.0027559020
4 7 5 0  -0.0673411832
4 0 0 2  0.0007302578
4 1 1 2  0.0007302578
4 2 2 2  0.0005741394
4 2 4 2  0.0054746580
4 3 3 2  0.0005741394
4 3 5 2  0.0054746580
4 4 2 2  0.0054746580
4 4 4 2  0.0005741394
4 5 3 2  0.0054746580
4 5 5 2  0.0005741394
4 6 6 2  0.0002036832
4 7 7 2  0.0002036832
4 0 0 4  0.2581950385
4 0 6 4  -0.0389582626
4 1 1 4  0.2581950385
4 1 7 4  -0.0389582626
4 2 2 4  0.2182799215
4 2 4 4  0.0005741394
4 3 3 4  0.2182799215
4 3 5 4  0.0005741394
4 4 2 4  0.0005741394
4 4 4 4  0.2964793009
4 5 3 4  0.0005741394
4 5 5 4  0.2964793009
4 6 0 4  -0.0389582626
4 6 6 4  0.2640867976
4 7 1 4  -0.0389582626
4 7 7 4  0.2640867976
4 0 2 6  -0.0027559020
4 0 4 6  -0.0673411832
4 1 3 6  -0.0027559020
4 1 5 6  -0.0673411832
4 2 0 6  -0.0027559020
4 2 6 6  -0.0030337674
4 3 1 6  -0.0027559020
4 3 7 6  -0.0030337674
4 4 0 6  -0.0673411832
4 4 6 6  0.0739429054
4 5 1 6  -0.0673411832
4 5 7 6  0.0739429054
4 6 2 6  -0.0030337674
4 6 4 6  0.0739429054
4 7 3 6  -0.0030337674
4 7 5 6  0.0739429054
5 0 2 1  0.0030728456
5 0 4 1  0.0684902682
5 1 3 1  0.0030728456
5 1 5 1  0.0684902682
5 2 0 1  0.0030728456
5 2 6 1  0.0027559020
5 3 1 1  0.0030728456
5 3 7 1  0.0027559020
5 4 0 1  0.0684902682
5 4 6 1  -0.0673411832
5 5 1 1  0.0684902682
5 5 7 1  -0.0673411832
5 6 2 1  0.0027559020
5 6 4 1  -0.0673411832
5 7 3 1  0.0027559020
5 7 5 1  -0.0673411832
5 0 0 3  0.0007302578
5 1 1 3  0.0007302578
5 2 2 3  0.0005741394
5 2 4 3  0.0054746580
5 3 3 3  0.0005741394
5 3 5 3  0.0054746580
5 4 2 3  0.0054746580
5 4 4 3  0.0005741394
5 5 3 3  0.0054746580
5 5 5 3  0.0005741394
5 6 6 3  0.0002036832
5 7 7 3  0.0002036832
5 0 0 5  0.2581950385
5 0 6 5  -0.0389582626
5 1 1 5  0.2581950385
5 1 7 5  -0.0389582626
5 2 2 5  0.2182799215
5 2 4 5  0.0005741394
5 3 3 5  0.2182799215
5 3 5 5  0.0005741394
5 4 2 5  0.0005741394
5 4 4 5  0.2964793009
5 5 3 5  0.0005741394
5 5 5 5  0.2964793009
5 6 0 5  -0.0389582626
5 6 6 5  0.2640867976
5 7 1 5  -0.0389582626
5 7 7 5  0.2640867976
5 0 2 7  -0.0027559020
5 0 4 7  -0.0673411832
5 1 3 7  -0.0027559020
5 1 5 7  -0.0673411832
5 2 0 7  -0.0027559020
5 2 6 7  -0.0030337674
5 3 1 7  -0.0027559020
5 3 7 7  -0.0030337674
5 4 0 7  -0.0673411832
5 4 6 7  0.0739429054
5 5 1 7  -0.0673411832
5 5 7 7  0.0739429054
5 6 2 7  -0.0030337674
5 6 4 7  0.0739429054
5 7 3 7  -0.0030337674
5 7 5 7  0.0739429054
6 0 6 0  0.0388417365
6 1 7 0  0.0388417365
6 2 2 0  0.0389582626
6 3 3 0  0.0389582626
6 4 4 0  -0.0389582626
6 5 5 0  -0.0389582626
6 6 0 0  0.0388417365
6 7 1 0  0.0388417365
6 0 2 2  0.0673411832
6 0 4 2  0.0027559020
6 1 3 2  0.0673411832
6 1 5 2  0.0027559020
6 2 0 2  0.0673411832
6 2 6 2  0.0739429054
6 3 1 2  0.0673411832
6 3 7 2  0.0739429054
6 4 0 2  0.0027559020
6 4 6 2  -0.0030337674
6 5 1 2  0.0027559020
6 5 7 2  -0.0030337674
6 6 2 2  0.0739429054
6 6 4 2  -0.0030337674
6 7 3 2  0.0739429054
6 7 5 2  -0.0030337674
6 0 2 4  -0.0027559020
6 0 4 4  -0.0673411832
6 1 3 4  -0.0027559020
6 1 5 4  -0.0673411832
6 2 0 4  -0.0027559020
6 2 6 4  -0.0030337674
6 3 1 4  -0.0027559020
6 3 7 4  -0.0030337674
6 4 0 4  -0.0673411832
6 4 6 4  0.0739429054
6 5 1 4  -0.0673411832
6 5 7 4  0.0739429054
6 6 2 4  -0.0030337674
6 6 4 4  0.0739429054
6 7 3 4  -0.0030337674
6 7 5 4  0.0739429054
6 0 0 6  0.2605447566
6 1 1 6  0.2605447566
6 2 2 6  0.2640867976
6 2 4 6  0.0002036832
6 3 3 6  0.2640867976
6 3 5 6  0.0002036832
6 4 2 6  0.0002036832
6 4 4 6  0.2640867976
6 5 3 6  0.0002036832
6 5 5 6  0.2640867976
6 6 6 6  0.2760442889
6 7 7 6  0.2760442889
7 0 6 1  0.0388417365
7 1 7 1  0.0388417365
7 2 2 1  0.0389582626
7 3 3 1  0.0389582626
7 4 4 1  -0.0389582626
7 5 5 1  -0.0389582626
7 6 0 1  0.0388417365
7 7 1 1  0.0388417365
7 0 2 3  0.0673411832
7 0 4 3  0.0027559020
7 1 3 3  0.0673411832
7 1 5 3  0.0027559020
7 2 0 3  0.0673411832
7 2 6 3  0.0739429054
7 3 1 3  0.0673411832
7 3 7 3  0.0739429054
7 4 0 3  0.0027559020
7 4 6 3  -0.0030337674
7 5 1 3  0.0027559020
7 5 7 3  -0.0030337674
7 6 2 3  0.0739429054
7 6 4 3  -0.0030337674
7 7 3 3  0.0739429054
7 7 5 3  -0.0030337674
7 0 2 5  -0.0027559020
7 0 4 5  -0.0673411832
7 1 3 5  -0.0027559020
7 1 5 5  -0.0673411832
7 2 0 5  -0.0027559020
7 2 6 5  -0.0030337674
7 3 1 5  -0.0027559020
7 3 7 5  -0.0030337674
7 4 0 5  -0.0673411832
7 4 6 5  0.0739429054
7 5 1 5  -0.0673411832
7 5 7 5  0.0739429054
7 6 2 5  -0.0030337674
7 6 4 5  0.0739429054
7 7 3 5  -0.0030337674
7 7 5 5  0.0739429054
7 0 0 7  0.2605447566
7 1 1 7  0.2605447566
7 2 2 7  0.2640867976
7 2 4 7  0.0002036832
7 3 3 7  0.2640867976
7 3 5 7  0.0002036832
7 4 2 7  0.0002036832
7 4 4 7  0.2640867976
7 5 3 7  0.0002036832
7 5 5 7  0.2640867976
7 6 6 7  0.2760442889
7 7 7 7  0.2760442889

 E(FCI) = -1.9492531326

 E(HF)  = -1.6900694399
