2.7139018779
0 0  -2.0532553404
1 1  -2.0532553404
2 2  -1.5845360430
3 3  -1.5845360430
4 4  -1.5804225556
5 5  -1.5804225556
6 6  -1.0663837035
7 7  -1.0663837035
0 0 0 0  0.2597111501
0 1 1 0  0.2597111501
0 2 2 0  0.2525974168
0 3 3 0  0.2525974168
0 4 4 0  0.2525273430
0 5 5 0  0.2525273430
0 6 6 0  0.2547453884
0 7 7 0  0.2547453884
0 0 2 2  0.0682959437
0 1 3 2  0.0682959437
0 2 0 2  0.0682959437
0 3 1 2  0.0682959437
0 4 6 2  0.0676442766
0 5 7 2  0.0676442766
0 6 4 2  0.0676442766
0 7 5 2  0.0676442766
0 0 4 4  0.0679940843
0 1 5 4  0.0679940843
0 2 6 4  0.0673735030
0 3 7 4  0.0673735030
0 4 0 4  0.0679940843
0 5 1 4  0.0679940843
0 6 2 4  0.0673735030
0 7 3 4  0.0673735030
0 0 6 6  0.0394488318
0 1 7 6  0.0394488318
0 2 4 6  0.0397618725
0 3 5 6  0.0397618725
0 4 2 6  0.0397618725
0 5 3 6  0.0397618725
0 6 0 6  0.0394488318
0 7 1 6  0.0394488318
1 0 0 1  0.2597111501
1 1 1 1  0.2597111501
1 2 2 1  0.2525974168
1 3 3 1  0.2525974168
1 4 4 1  0.2525273430
1 5 5 1  0.2525273430
1 6 6 1  0.2547453884
1 7 7 1  0.2547453884
1 0 2 3  0.0682959437
1 1 3 3  0.0682959437
1 2 0 3  0.0682959437
1 3 1 3  0.0682959437
1 4 6 3  0.0676442766
1 5 7 3  0.0676442766
1 6 4 3  0.0676442766
1 7 5 3  0.0676442766
1 0 4 5  0.0679940843
1 1 5 5  0.0679940843
1 2 6 5  0.0673735030
1 3 7 5  0.0673735030
1 4 0 5  0.0679940843
1 5 1 5  0.0679940843
1 6 2 5  0.0673735030
1 7 3 5  0.0673735030
1 0 6 7  0.0394488318
1 1 7 7  0.0394488318
1 2 4 7  0.0397618725
1 3 5 7  0.0397618725
1 4 2 7  0.0397618725
1 5 3 7  0.0397618725
1 6 0 7  0.0394488318
1 7 1 7  0.0394488318
2 0 2 0  0.0682959437
2 1 3 0  0.0682959437
2 2 0 0  0.0682959437
2 3 1 0  0.0682959437
2 4 6 0  0.0676442766
2 5 7 0  0.0676442766
2 6 4 0  0.0676442766
2 7 5 0  0.0676442766
2 0 0 2  0.2525974168
2 1 1 2  0.2525974168
2 2 2 2  0.2570392102
2 3 3 2  0.2570392102
2 4 4 2  0.2470594148
2 5 5 2  0.2470594148
2 6 6 2  0.2584414986
2 7 7 2  0.2584414986
2 0 6 4  0.0397618725
2 1 7 4  0.0397618725
2 2 4 4  0.0401012658
2 3 5 4  0.0401012658
2 4 2 4  0.0401012658
2 5 3 4  0.0401012658
2 6 0 4  0.0397618725
2 7 1 4  0.0397618725
2 0 4 6  0.0673735030
2 1 5 6  0.0673735030
2 2 6 6  0.0740227012
2 3 7 6  0.0740227012
2 4 0 6  0.0673735030
2 5 1 6  0.0673735030
2 6 2 6  0.0740227012
2 7 3 6  0.0740227012
3 0 2 1  0.0682959437
3 1 3 1  0.0682959437
3 2 0 1  0.0682959437
3 3 1 1  0.0682959437
3 4 6 1  0.0676442766
3 5 7 1  0.0676442766
3 6 4 1  0.0676442766
3 7 5 1  0.0676442766
3 0 0 3  0.2525974168
3 1 1 3  0.2525974168
3 2 2 3  0.2570392102
3 3 3 3  0.2570392102
3 4 4 3  0.2470594148
3 5 5 3  0.2470594148
3 6 6 3  0.2584414986
3 7 7 3  0.2584414986
3 0 6 5  0.0397618725
3 1 7 5  0.0397618725
3 2 4 5  0.0401012658
3 3 5 5  0.0401012658
3 4 2 5  0.0401012658
3 5 3 5  0.0401012658
3 6 0 5  0.0397618725
3 7 1 5  0.0397618725
3 0 4 7  0.0673735030
3 1 5 7  0.0673735030
3 2 6 7  0.0740227012
3 3 7 7  0.0740227012
3 4 0 7  0.0673735030
3 5 1 7  0.0673735030
3 6 2 7  0.0740227012
3 7 3 7  0.0740227012
4 0 4 0  0.0679940843
4 1 5 0  0.0679940843
4 2 6 0  0.0673735030
4 3 7 0  0.0673735030
4 4 0 0  0.0679940843
4 5 1 0  0.0679940843
4 6 2 0  0.0673735030
4 7 3 0  0.0673735030
4 0 6 2  0.0397618725
4 1 7 2  0.0397618725
4 2 4 2  0.0401012658
4 3 5 2  0.0401012658
4 4 2 2  0.0401012658
4 5 3 2  0.0401012658
4 6 0 2  0.0397618725
4 7 1 2  0.0397618725
4 0 0 4  0.2525273430
4 1 1 4  0.2525273430
4 2 2 4  0.2470594148
4 3 3 4  0.2470594148
4 4 4 4  0.2569342931
4 5 5 4  0.2569342931
4 6 6 4  0.2584264527
4 7 7 4  0.2584264527
4 0 2 6  0.0676442766
4 1 3 6  0.0676442766
4 2 0 6  0.0676442766
4 3 1 6  0.0676442766
4 4 6 6  0.0743227124
4 5 7 6  0.0743227124
4 6 4 6  0.0743227124
4 7 5 6  0.0743227124
5 0 4 1  0.0679940843
5 1 5 1  0.0679940843
5 2 6 1  0.0673735030
5 3 7 1  0.0673735030
5 4 0 1  0.0679940843
5 5 1 1  0.0679940843
5 6 2 1  0.0673735030
5 7 3 1  0.0673735030
5 0 6 3  0.0397618725
5 1 7 3  0.0397618725
5 2 4 3  0.0401012658
5 3 5 3  0.0401012658
5 4 2 3  0.0401012658
5 5 3 3  0.0401012658
5 6 0 3  0.0397618725
5 7 1 3  0.0397618725
5 0 0 5  0.2525273430
5 1 1 5  0.2525273430
5 2 2 5  0.2470594148
5 3 3 5  0.2470594148
5 4 4 5  0.2569342931
5 5 5 5  0.2569342931
5 6 6 5  0.2584264527
5 7 7 5  0.2584264527
5 0 2 7  0.0676442766
5 1 3 7  0.0676442766
5 2 0 7  0.0676442766
5 3 1 7  0.0676442766
5 4 6 7  0.0743227124
5 5 7 7  0.0743227124
5 6 4 7  0.0743227124
5 7 5 7  0.0743227124
6 0 6 0  0.0394488318
6 1 7 0  0.0394488318
6 2 4 0  0.0397618725
6 3 5 0  0.0397618725
6 4 2 0  0.0397618725
6 5 3 0  0.0397618725
6 6 0 0  0.0394488318
6 7 1 0  0.0394488318
6 0 4 2  0.0673735030
6 1 5 2  0.0673735030
6 2 6 2  0.0740227012
6 3 7 2  0.0740227012
6 4 0 2  0.0673735030
6 5 1 2  0.0673735030
6 6 2 2  0.0740227012
6 7 3 2  0.0740227012
6 0 2 4  0.0676442766
6 1 3 4  0.0676442766
6 2 0 4  0.0676442766
6 3 1 4  0.0676442766
6 4 6 4  0.0743227124
6 5 7 4  0.0743227124
6 6 4 4  0.0743227124
6 7 5 4  0.0743227124
6 0 0 6  0.2547453884
6 1 1 6  0.2547453884
6 2 2 6  0.2584414986
6 3 3 6  0.2584414986
6 4 4 6  0.2584264527
6 5 5 6  0.2584264527
6 6 6 6  0.2697504306
6 7 7 6  0.2697504306
7 0 6 1  0.0394488318
7 1 7 1  0.0394488318
7 2 4 1  0.0397618725
7 3 5 1  0.0397618725
7 4 2 1  0.0397618725
7 5 3 1  0.0397618725
7 6 0 1  0.0394488318
7 7 1 1  0.0394488318
7 0 4 3  0.0673735030
7 1 5 3  0.0673735030
7 2 6 3  0.0740227012
7 3 7 3  0.0740227012
7 4 0 3  0.0673735030
7 5 1 3  0.0673735030
7 6 2 3  0.0740227012
7 7 3 3  0.0740227012
7 0 2 5  0.0676442766
7 1 3 5  0.0676442766
7 2 0 5  0.0676442766
7 3 1 5  0.0676442766
7 4 6 5  0.0743227124
7 5 7 5  0.0743227124
7 6 4 5  0.0743227124
7 7 5 5  0.0743227124
7 0 0 7  0.2547453884
7 1 1 7  0.2547453884
7 2 2 7  0.2584414986
7 3 3 7  0.2584414986
7 4 4 7  0.2584264527
7 5 5 7  0.2584264527
7 6 6 7  0.2697504306
7 7 7 7  0.2697504306
