2.6936791395
0 0  -2.0433222320
1 1  -2.0433222320
2 2  -1.5818154328
3 3  -1.5818154328
4 4  -1.5736825691
5 5  -1.5736825691
6 6  -1.0690135829
7 7  -1.0690135829
0 0 0 0  0.2587397741
0 1 1 0  0.2587397741
0 2 2 0  0.2517635200
0 3 3 0  0.2517635200
0 4 4 0  0.2516245035
0 5 5 0  0.2516245035
0 6 6 0  0.2538561959
0 7 7 0  0.2538561959
0 0 2 2  0.0684091587
0 1 3 2  0.0684091587
0 2 0 2  0.0684091587
0 3 1 2  0.0684091587
0 4 6 2  0.0678211215
0 5 7 2  0.0678211215
0 6 4 2  0.0678211215
0 7 5 2  0.0678211215
0 0 4 4  0.0678073784
0 1 5 4  0.0678073784
0 2 6 4  0.0672811594
0 3 7 4  0.0672811594
0 4 0 4  0.0678073784
0 5 1 4  0.0678073784
0 6 2 4  0.0672811594
0 7 3 4  0.0672811594
0 0 6 6  0.0395461069
0 1 7 6  0.0395461069
0 2 4 6  0.0398887149
0 3 5 6  0.0398887149
0 4 2 6  0.0398887149
0 5 3 6  0.0398887149
0 6 0 6  0.0395461069
0 7 1 6  0.0395461069
1 0 0 1  0.2587397741
1 1 1 1  0.2587397741
1 2 2 1  0.2517635200
1 3 3 1  0.2517635200
1 4 4 1  0.2516245035
1 5 5 1  0.2516245035
1 6 6 1  0.2538561959
1 7 7 1  0.2538561959
1 0 2 3  0.0684091587
1 1 3 3  0.0684091587
1 2 0 3  0.0684091587
1 3 1 3  0.0684091587
1 4 6 3  0.0678211215
1 5 7 3  0.0678211215
1 6 4 3  0.0678211215
1 7 5 3  0.0678211215
1 0 4 5  0.0678073784
1 1 5 5  0.0678073784
1 2 6 5  0.0672811594
1 3 7 5  0.0672811594
1 4 0 5  0.0678073784
1 5 1 5  0.0678073784
1 6 2 5  0.0672811594
1 7 3 5  0.0672811594
1 0 6 7  0.0395461069
1 1 7 7  0.0395461069
1 2 4 7  0.0398887149
1 3 5 7  0.0398887149
1 4 2 7  0.0398887149
1 5 3 7  0.0398887149
1 6 0 7  0.0395461069
1 7 1 7  0.0395461069
2 0 2 0  0.0684091587
2 1 3 0  0.0684091587
2 2 0 0  0.0684091587
2 3 1 0  0.0684091587
2 4 6 0  0.0678211215
2 5 7 0  0.0678211215
2 6 4 0  0.0678211215
2 7 5 0  0.0678211215
2 0 0 2  0.2517635200
2 1 1 2  0.2517635200
2 2 2 2  0.2561914232
2 3 3 2  0.2561914232
2 4 4 2  0.2463198994
2 5 5 2  0.2463198994
2 6 6 2  0.2575842300
2 7 7 2  0.2575842300
2 0 6 4  0.0398887149
2 1 7 4  0.0398887149
2 2 4 4  0.0402581286
2 3 5 4  0.0402581286
2 4 2 4  0.0402581286
2 5 3 4  0.0402581286
2 6 0 4  0.0398887149
2 7 1 4  0.0398887149
2 0 4 6  0.0672811594
2 1 5 6  0.0672811594
2 2 6 6  0.0739220437
2 3 7 6  0.0739220437
2 4 0 6  0.0672811594
2 5 1 6  0.0672811594
2 6 2 6  0.0739220437
2 7 3 6  0.0739220437
3 0 2 1  0.0684091587
3 1 3 1  0.0684091587
3 2 0 1  0.0684091587
3 3 1 1  0.0684091587
3 4 6 1  0.0678211215
3 5 7 1  0.0678211215
3 6 4 1  0.0678211215
3 7 5 1  0.0678211215
3 0 0 3  0.2517635200
3 1 1 3  0.2517635200
3 2 2 3  0.2561914232
3 3 3 3  0.2561914232
3 4 4 3  0.2463198994
3 5 5 3  0.2463198994
3 6 6 3  0.2575842300
3 7 7 3  0.2575842300
3 0 6 5  0.0398887149
3 1 7 5  0.0398887149
3 2 4 5  0.0402581286
3 3 5 5  0.0402581286
3 4 2 5  0.0402581286
3 5 3 5  0.0402581286
3 6 0 5  0.0398887149
3 7 1 5  0.0398887149
3 0 4 7  0.0672811594
3 1 5 7  0.0672811594
3 2 6 7  0.0739220437
3 3 7 7  0.0739220437
3 4 0 7  0.0672811594
3 5 1 7  0.0672811594
3 6 2 7  0.0739220437
3 7 3 7  0.0739220437
4 0 4 0  0.0678073784
4 1 5 0  0.0678073784
4 2 6 0  0.0672811594
4 3 7 0  0.0672811594
4 4 0 0  0.0678073784
4 5 1 0  0.0678073784
4 6 2 0  0.0672811594
4 7 3 0  0.0672811594
4 0 6 2  0.0398887149
4 1 7 2  0.0398887149
4 2 4 2  0.0402581286
4 3 5 2  0.0402581286
4 4 2 2  0.0402581286
4 5 3 2  0.0402581286
4 6 0 2  0.0398887149
4 7 1 2  0.0398887149
4 0 0 4  0.2516245035
4 1 1 4  0.2516245035
4 2 2 4  0.2463198994
4 3 3 4  0.2463198994
4 4 4 4  0.2559849580
4 5 5 4  0.2559849580
4 6 6 4  0.2575557825
4 7 7 4  0.2575557825
4 0 2 6  0.0678211215
4 1 3 6  0.0678211215
4 2 0 6  0.0678211215
4 3 1 6  0.0678211215
4 4 6 6  0.0745209166
4 5 7 6  0.0745209166
4 6 4 6  0.0745209166
4 7 5 6  0.0745209166
5 0 4 1  0.0678073784
5 1 5 1  0.0678073784
5 2 6 1  0.0672811594
5 3 7 1  0.0672811594
5 4 0 1  0.0678073784
5 5 1 1  0.0678073784
5 6 2 1  0.0672811594
5 7 3 1  0.0672811594
5 0 6 3  0.0398887149
5 1 7 3  0.0398887149
5 2 4 3  0.0402581286
5 3 5 3  0.0402581286
5 4 2 3  0.0402581286
5 5 3 3  0.0402581286
5 6 0 3  0.0398887149
5 7 1 3  0.0398887149
5 0 0 5  0.2516245035
5 1 1 5  0.2516245035
5 2 2 5  0.2463198994
5 3 3 5  0.2463198994
5 4 4 5  0.2559849580
5 5 5 5  0.2559849580
5 6 6 5  0.2575557825
5 7 7 5  0.2575557825
5 0 2 7  0.0678211215
5 1 3 7  0.0678211215
5 2 0 7  0.0678211215
5 3 1 7  0.0678211215
5 4 6 7  0.0745209166
5 5 7 7  0.0745209166
5 6 4 7  0.0745209166
5 7 5 7  0.0745209166
6 0 6 0  0.0395461069
6 1 7 0  0.0395461069
6 2 4 0  0.0398887149
6 3 5 0  0.0398887149
6 4 2 0  0.0398887149
6 5 3 0  0.0398887149
6 6 0 0  0.0395461069
6 7 1 0  0.0395461069
6 0 4 2  0.0672811594
6 1 5 2  0.0672811594
6 2 6 2  0.0739220437
6 3 7 2  0.0739220437
6 4 0 2  0.0672811594
6 5 1 2  0.0672811594
6 6 2 2  0.0739220437
6 7 3 2  0.0739220437
6 0 2 4  0.0678211215
6 1 3 4  0.0678211215
6 2 0 4  0.0678211215
6 3 1 4  0.0678211215
6 4 6 4  0.0745209166
6 5 7 4  0.0745209166
6 6 4 4  0.0745209166
6 7 5 4  0.0745209166
6 0 0 6  0.2538561959
6 1 1 6  0.2538561959
6 2 2 6  0.2575842300
6 3 3 6  0.2575842300
6 4 4 6  0.2575557825
6 5 5 6  0.2575557825
6 6 6 6  0.2687852507
6 7 7 6  0.2687852507
7 0 6 1  0.0395461069
7 1 7 1  0.0395461069
7 2 4 1  0.0398887149
7 3 5 1  0.0398887149
7 4 2 1  0.0398887149
7 5 3 1  0.0398887149
7 6 0 1  0.0395461069
7 7 1 1  0.0395461069
7 0 4 3  0.0672811594
7 1 5 3  0.0672811594
7 2 6 3  0.0739220437
7 3 7 3  0.0739220437
7 4 0 3  0.0672811594
7 5 1 3  0.0672811594
7 6 2 3  0.0739220437
7 7 3 3  0.0739220437
7 0 2 5  0.0678211215
7 1 3 5  0.0678211215
7 2 0 5  0.0678211215
7 3 1 5  0.0678211215
7 4 6 5  0.0745209166
7 5 7 5  0.0745209166
7 6 4 5  0.0745209166
7 7 5 5  0.0745209166
7 0 0 7  0.2538561959
7 1 1 7  0.2538561959
7 2 2 7  0.2575842300
7 3 3 7  0.2575842300
7 4 4 7  0.2575557825
7 5 5 7  0.2575557825
7 6 6 7  0.2687852507
7 7 7 7  0.2687852507
