2.6936791395
0 0  -2.0433222320
1 1  -2.0433222320
2 2  -1.5777490012
2 4  0.0040664294
3 3  -1.5777490012
3 5  0.0040664294
4 2  0.0040664294
4 4  -1.5777490012
5 3  0.0040664294
5 5  -1.5777490012
6 6  -1.0690135829
7 7  -1.0690135829
0 0 0 0  0.2587397741
0 1 1 0  0.2587397741
0 2 2 0  0.2516940118
0 2 4 0  -0.0000695079
0 3 3 0  0.2516940118
0 3 5 0  -0.0000695079
0 4 2 0  -0.0000695079
0 4 4 0  0.2516940118
0 5 3 0  -0.0000695079
0 5 5 0  0.2516940118
0 6 6 0  0.2538561959
0 7 7 0  0.2538561959
0 0 2 2  0.0681082686
0 0 4 2  -0.0003008901
0 1 3 2  0.0681082686
0 1 5 2  -0.0003008901
0 2 0 2  0.0681082686
0 2 6 2  -0.0675511405
0 3 1 2  0.0681082686
0 3 7 2  -0.0675511405
0 4 0 2  -0.0003008901
0 4 6 2  -0.0002699811
0 5 1 2  -0.0003008901
0 5 7 2  -0.0002699811
0 6 2 2  -0.0675511405
0 6 4 2  -0.0002699811
0 7 3 2  -0.0675511405
0 7 5 2  -0.0002699811
0 0 2 4  -0.0003008901
0 0 4 4  0.0681082686
0 1 3 4  -0.0003008901
0 1 5 4  0.0681082686
0 2 0 4  -0.0003008901
0 2 6 4  0.0002699811
0 3 1 4  -0.0003008901
0 3 7 4  0.0002699811
0 4 0 4  0.0681082686
0 4 6 4  0.0675511405
0 5 1 4  0.0681082686
0 5 7 4  0.0675511405
0 6 2 4  0.0002699811
0 6 4 4  0.0675511405
0 7 3 4  0.0002699811
0 7 5 4  0.0675511405
0 0 6 6  0.0395461069
0 1 7 6  0.0395461069
0 2 2 6  -0.0398887150
0 3 3 6  -0.0398887150
0 4 4 6  0.0398887150
0 5 5 6  0.0398887150
0 6 0 6  0.0395461069
0 7 1 6  0.0395461069
1 0 0 1  0.2587397741
1 1 1 1  0.2587397741
1 2 2 1  0.2516940118
1 2 4 1  -0.0000695079
1 3 3 1  0.2516940118
1 3 5 1  -0.0000695079
1 4 2 1  -0.0000695079
1 4 4 1  0.2516940118
1 5 3 1  -0.0000695079
1 5 5 1  0.2516940118
1 6 6 1  0.2538561959
1 7 7 1  0.2538561959
1 0 2 3  0.0681082686
1 0 4 3  -0.0003008901
1 1 3 3  0.0681082686
1 1 5 3  -0.0003008901
1 2 0 3  0.0681082686
1 2 6 3  -0.0675511405
1 3 1 3  0.0681082686
1 3 7 3  -0.0675511405
1 4 0 3  -0.0003008901
1 4 6 3  -0.0002699811
1 5 1 3  -0.0003008901
1 5 7 3  -0.0002699811
1 6 2 3  -0.0675511405
1 6 4 3  -0.0002699811
1 7 3 3  -0.0675511405
1 7 5 3  -0.0002699811
1 0 2 5  -0.0003008901
1 0 4 5  0.0681082686
1 1 3 5  -0.0003008901
1 1 5 5  0.0681082686
1 2 0 5  -0.0003008901
1 2 6 5  0.0002699811
1 3 1 5  -0.0003008901
1 3 7 5  0.0002699811
1 4 0 5  0.0681082686
1 4 6 5  0.0675511405
1 5 1 5  0.0681082686
1 5 7 5  0.0675511405
1 6 2 5  0.0002699811
1 6 4 5  0.0675511405
1 7 3 5  0.0002699811
1 7 5 5  0.0675511405
1 0 6 7  0.0395461069
1 1 7 7  0.0395461069
1 2 2 7  -0.0398887150
1 3 3 7  -0.0398887150
1 4 4 7  0.0398887150
1 5 5 7  0.0398887150
1 6 0 7  0.0395461069
1 7 1 7  0.0395461069
2 0 2 0  0.0681082686
2 0 4 0  -0.0003008901
2 1 3 0  0.0681082686
2 1 5 0  -0.0003008901
2 2 0 0  0.0681082686
2 2 6 0  -0.0675511405
2 3 1 0  0.0681082686
2 3 7 0  -0.0675511405
2 4 0 0  -0.0003008901
2 4 6 0  -0.0002699811
2 5 1 0  -0.0003008901
2 5 7 0  -0.0002699811
2 6 2 0  -0.0675511405
2 6 4 0  -0.0002699811
2 7 3 0  -0.0675511405
2 7 5 0  -0.0002699811
2 0 0 2  0.2516940118
2 0 6 2  -0.0398887150
2 1 1 2  0.2516940118
2 1 7 2  -0.0398887150
2 2 2 2  0.2914621737
2 2 4 2  -0.0000516159
2 3 3 2  0.2914621737
2 3 5 2  -0.0000516159
2 4 2 2  -0.0000516159
2 4 4 2  0.2109459164
2 5 3 2  -0.0000516159
2 5 5 2  0.2109459164
2 6 0 2  -0.0398887150
2 6 6 2  0.2575700063
2 7 1 2  -0.0398887150
2 7 7 2  0.2575700063
2 0 0 4  -0.0000695079
2 1 1 4  -0.0000695079
2 2 2 4  -0.0000516159
2 2 4 4  0.0048841456
2 3 3 4  -0.0000516159
2 3 5 4  0.0048841456
2 4 2 4  0.0048841456
2 4 4 4  -0.0000516159
2 5 3 4  0.0048841456
2 5 5 4  -0.0000516159
2 6 6 4  -0.0000142234
2 7 7 4  -0.0000142234
2 0 2 6  -0.0675511405
2 0 4 6  0.0002699811
2 1 3 6  -0.0675511405
2 1 5 6  0.0002699811
2 2 0 6  -0.0675511405
2 2 6 6  0.0742214802
2 3 1 6  -0.0675511405
2 3 7 6  0.0742214802
2 4 0 6  0.0002699811
2 4 6 6  0.0002994366
2 5 1 6  0.0002699811
2 5 7 6  0.0002994366
2 6 2 6  0.0742214802
2 6 4 6  0.0002994366
2 7 3 6  0.0742214802
2 7 5 6  0.0002994366
3 0 2 1  0.0681082686
3 0 4 1  -0.0003008901
3 1 3 1  0.0681082686
3 1 5 1  -0.0003008901
3 2 0 1  0.0681082686
3 2 6 1  -0.0675511405
3 3 1 1  0.0681082686
3 3 7 1  -0.0675511405
3 4 0 1  -0.0003008901
3 4 6 1  -0.0002699811
3 5 1 1  -0.0003008901
3 5 7 1  -0.0002699811
3 6 2 1  -0.0675511405
3 6 4 1  -0.0002699811
3 7 3 1  -0.0675511405
3 7 5 1  -0.0002699811
3 0 0 3  0.2516940118
3 0 6 3  -0.0398887150
3 1 1 3  0.2516940118
3 1 7 3  -0.0398887150
3 2 2 3  0.2914621737
3 2 4 3  -0.0000516159
3 3 3 3  0.2914621737
3 3 5 3  -0.0000516159
3 4 2 3  -0.0000516159
3 4 4 3  0.2109459164
3 5 3 3  -0.0000516159
3 5 5 3  0.2109459164
3 6 0 3  -0.0398887150
3 6 6 3  0.2575700063
3 7 1 3  -0.0398887150
3 7 7 3  0.2575700063
3 0 0 5  -0.0000695079
3 1 1 5  -0.0000695079
3 2 2 5  -0.0000516159
3 2 4 5  0.0048841456
3 3 3 5  -0.0000516159
3 3 5 5  0.0048841456
3 4 2 5  0.0048841456
3 4 4 5  -0.0000516159
3 5 3 5  0.0048841456
3 5 5 5  -0.0000516159
3 6 6 5  -0.0000142234
3 7 7 5  -0.0000142234
3 0 2 7  -0.0675511405
3 0 4 7  0.0002699811
3 1 3 7  -0.0675511405
3 1 5 7  0.0002699811
3 2 0 7  -0.0675511405
3 2 6 7  0.0742214802
3 3 1 7  -0.0675511405
3 3 7 7  0.0742214802
3 4 0 7  0.0002699811
3 4 6 7  0.0002994366
3 5 1 7  0.0002699811
3 5 7 7  0.0002994366
3 6 2 7  0.0742214802
3 6 4 7  0.0002994366
3 7 3 7  0.0742214802
3 7 5 7  0.0002994366
4 0 2 0  -0.0003008901
4 0 4 0  0.0681082686
4 1 3 0  -0.0003008901
4 1 5 0  0.0681082686
4 2 0 0  -0.0003008901
4 2 6 0  0.0002699811
4 3 1 0  -0.0003008901
4 3 7 0  0.0002699811
4 4 0 0  0.0681082686
4 4 6 0  0.0675511405
4 5 1 0  0.0681082686
4 5 7 0  0.0675511405
4 6 2 0  0.0002699811
4 6 4 0  0.0675511405
4 7 3 0  0.0002699811
4 7 5 0  0.0675511405
4 0 0 2  -0.0000695079
4 1 1 2  -0.0000695079
4 2 2 2  -0.0000516159
4 2 4 2  0.0048841456
4 3 3 2  -0.0000516159
4 3 5 2  0.0048841456
4 4 2 2  0.0048841456
4 4 4 2  -0.0000516159
4 5 3 2  0.0048841456
4 5 5 2  -0.0000516159
4 6 6 2  -0.0000142234
4 7 7 2  -0.0000142234
4 0 0 4  0.2516940118
4 0 6 4  0.0398887150
4 1 1 4  0.2516940118
4 1 7 4  0.0398887150
4 2 2 4  0.2109459164
4 2 4 4  -0.0000516159
4 3 3 4  0.2109459164
4 3 5 4  -0.0000516159
4 4 2 4  -0.0000516159
4 4 4 4  0.2914621737
4 5 3 4  -0.0000516159
4 5 5 4  0.2914621737
4 6 0 4  0.0398887150
4 6 6 4  0.2575700063
4 7 1 4  0.0398887150
4 7 7 4  0.2575700063
4 0 2 6  -0.0002699811
4 0 4 6  0.0675511405
4 1 3 6  -0.0002699811
4 1 5 6  0.0675511405
4 2 0 6  -0.0002699811
4 2 6 6  0.0002994366
4 3 1 6  -0.0002699811
4 3 7 6  0.0002994366
4 4 0 6  0.0675511405
4 4 6 6  0.0742214802
4 5 1 6  0.0675511405
4 5 7 6  0.0742214802
4 6 2 6  0.0002994366
4 6 4 6  0.0742214802
4 7 3 6  0.0002994366
4 7 5 6  0.0742214802
5 0 2 1  -0.0003008901
5 0 4 1  0.0681082686
5 1 3 1  -0.0003008901
5 1 5 1  0.0681082686
5 2 0 1  -0.0003008901
5 2 6 1  0.0002699811
5 3 1 1  -0.0003008901
5 3 7 1  0.0002699811
5 4 0 1  0.0681082686
5 4 6 1  0.0675511405
5 5 1 1  0.0681082686
5 5 7 1  0.0675511405
5 6 2 1  0.0002699811
5 6 4 1  0.0675511405
5 7 3 1  0.0002699811
5 7 5 1  0.0675511405
5 0 0 3  -0.0000695079
5 1 1 3  -0.0000695079
5 2 2 3  -0.0000516159
5 2 4 3  0.0048841456
5 3 3 3  -0.0000516159
5 3 5 3  0.0048841456
5 4 2 3  0.0048841456
5 4 4 3  -0.0000516159
5 5 3 3  0.0048841456
5 5 5 3  -0.0000516159
5 6 6 3  -0.0000142234
5 7 7 3  -0.0000142234
5 0 0 5  0.2516940118
5 0 6 5  0.0398887150
5 1 1 5  0.2516940118
5 1 7 5  0.0398887150
5 2 2 5  0.2109459164
5 2 4 5  -0.0000516159
5 3 3 5  0.2109459164
5 3 5 5  -0.0000516159
5 4 2 5  -0.0000516159
5 4 4 5  0.2914621737
5 5 3 5  -0.0000516159
5 5 5 5  0.2914621737
5 6 0 5  0.0398887150
5 6 6 5  0.2575700063
5 7 1 5  0.0398887150
5 7 7 5  0.2575700063
5 0 2 7  -0.0002699811
5 0 4 7  0.0675511405
5 1 3 7  -0.0002699811
5 1 5 7  0.0675511405
5 2 0 7  -0.0002699811
5 2 6 7  0.0002994366
5 3 1 7  -0.0002699811
5 3 7 7  0.0002994366
5 4 0 7  0.0675511405
5 4 6 7  0.0742214802
5 5 1 7  0.0675511405
5 5 7 7  0.0742214802
5 6 2 7  0.0002994366
5 6 4 7  0.0742214802
5 7 3 7  0.0002994366
5 7 5 7  0.0742214802
6 0 6 0  0.0395461069
6 1 7 0  0.0395461069
6 2 2 0  -0.0398887150
6 3 3 0  -0.0398887150
6 4 4 0  0.0398887150
6 5 5 0  0.0398887150
6 6 0 0  0.0395461069
6 7 1 0  0.0395461069
6 0 2 2  -0.0675511405
6 0 4 2  0.0002699811
6 1 3 2  -0.0675511405
6 1 5 2  0.0002699811
6 2 0 2  -0.0675511405
6 2 6 2  0.0742214802
6 3 1 2  -0.0675511405
6 3 7 2  0.0742214802
6 4 0 2  0.0002699811
6 4 6 2  0.0002994366
6 5 1 2  0.0002699811
6 5 7 2  0.0002994366
6 6 2 2  0.0742214802
6 6 4 2  0.0002994366
6 7 3 2  0.0742214802
6 7 5 2  0.0002994366
6 0 2 4  -0.0002699811
6 0 4 4  0.0675511405
6 1 3 4  -0.0002699811
6 1 5 4  0.0675511405
6 2 0 4  -0.0002699811
6 2 6 4  0.0002994366
6 3 1 4  -0.0002699811
6 3 7 4  0.0002994366
6 4 0 4  0.0675511405
6 4 6 4  0.0742214802
6 5 1 4  0.0675511405
6 5 7 4  0.0742214802
6 6 2 4  0.0002994366
6 6 4 4  0.0742214802
6 7 3 4  0.0002994366
6 7 5 4  0.0742214802
6 0 0 6  0.2538561959
6 1 1 6  0.2538561959
6 2 2 6  0.2575700063
6 2 4 6  -0.0000142234
6 3 3 6  0.2575700063
6 3 5 6  -0.0000142234
6 4 2 6  -0.0000142234
6 4 4 6  0.2575700063
6 5 3 6  -0.0000142234
6 5 5 6  0.2575700063
6 6 6 6  0.2687852507
6 7 7 6  0.2687852507
7 0 6 1  0.0395461069
7 1 7 1  0.0395461069
7 2 2 1  -0.0398887150
7 3 3 1  -0.0398887150
7 4 4 1  0.0398887150
7 5 5 1  0.0398887150
7 6 0 1  0.0395461069
7 7 1 1  0.0395461069
7 0 2 3  -0.0675511405
7 0 4 3  0.0002699811
7 1 3 3  -0.0675511405
7 1 5 3  0.0002699811
7 2 0 3  -0.0675511405
7 2 6 3  0.0742214802
7 3 1 3  -0.0675511405
7 3 7 3  0.0742214802
7 4 0 3  0.0002699811
7 4 6 3  0.0002994366
7 5 1 3  0.0002699811
7 5 7 3  0.0002994366
7 6 2 3  0.0742214802
7 6 4 3  0.0002994366
7 7 3 3  0.0742214802
7 7 5 3  0.0002994366
7 0 2 5  -0.0002699811
7 0 4 5  0.0675511405
7 1 3 5  -0.0002699811
7 1 5 5  0.0675511405
7 2 0 5  -0.0002699811
7 2 6 5  0.0002994366
7 3 1 5  -0.0002699811
7 3 7 5  0.0002994366
7 4 0 5  0.0675511405
7 4 6 5  0.0742214802
7 5 1 5  0.0675511405
7 5 7 5  0.0742214802
7 6 2 5  0.0002994366
7 6 4 5  0.0742214802
7 7 3 5  0.0002994366
7 7 5 5  0.0742214802
7 0 0 7  0.2538561959
7 1 1 7  0.2538561959
7 2 2 7  0.2575700063
7 2 4 7  -0.0000142234
7 3 3 7  0.2575700063
7 3 5 7  -0.0000142234
7 4 2 7  -0.0000142234
7 4 4 7  0.2575700063
7 5 3 7  -0.0000142234
7 5 5 7  0.2575700063
7 6 6 7  0.2687852507
7 7 7 7  0.2687852507
