2.700366105
0 0  -2.0466223155
1 1  -2.0466223155
2 2  -1.5813674322
3 3  -1.5813674322
4 4  -1.5772854496
5 5  -1.5772854496
6 6  -1.0681616438
7 7  -1.0681616438
0 0 0 0  0.2590630916
0 1 1 0  0.2590630916
0 2 2 0  0.2520176212
0 3 3 0  0.2520176212
0 4 4 0  0.2519479219
0 5 5 0  0.2519479219
0 6 6 0  0.2541517789
0 7 7 0  0.2541517789
0 0 2 2  0.0682705785
0 1 3 2  0.0682705785
0 2 0 2  0.0682705785
0 3 1 2  0.0682705785
0 4 6 2  0.0676717259
0 5 7 2  0.0676717259
0 6 4 2  0.0676717259
0 7 5 2  0.0676717259
0 0 4 4  0.0679693620
0 1 5 4  0.0679693620
0 2 6 4  0.0674014800
0 3 7 4  0.0674014800
0 4 0 4  0.0679693620
0 5 1 4  0.0679693620
0 6 2 4  0.0674014800
0 7 3 4  0.0674014800
0 0 6 6  0.0395136440
0 1 7 6  0.0395136440
0 2 4 6  0.0398464479
0 3 5 6  0.0398464479
0 4 2 6  0.0398464479
0 5 3 6  0.0398464479
0 6 0 6  0.0395136440
0 7 1 6  0.0395136440
1 0 0 1  0.2590630916
1 1 1 1  0.2590630916
1 2 2 1  0.2520176212
1 3 3 1  0.2520176212
1 4 4 1  0.2519479219
1 5 5 1  0.2519479219
1 6 6 1  0.2541517789
1 7 7 1  0.2541517789
1 0 2 3  0.0682705785
1 1 3 3  0.0682705785
1 2 0 3  0.0682705785
1 3 1 3  0.0682705785
1 4 6 3  0.0676717259
1 5 7 3  0.0676717259
1 6 4 3  0.0676717259
1 7 5 3  0.0676717259
1 0 4 5  0.0679693620
1 1 5 5  0.0679693620
1 2 6 5  0.0674014800
1 3 7 5  0.0674014800
1 4 0 5  0.0679693620
1 5 1 5  0.0679693620
1 6 2 5  0.0674014800
1 7 3 5  0.0674014800
1 0 6 7  0.0395136440
1 1 7 7  0.0395136440
1 2 4 7  0.0398464479
1 3 5 7  0.0398464479
1 4 2 7  0.0398464479
1 5 3 7  0.0398464479
1 6 0 7  0.0395136440
1 7 1 7  0.0395136440
2 0 2 0  0.0682705785
2 1 3 0  0.0682705785
2 2 0 0  0.0682705785
2 3 1 0  0.0682705785
2 4 6 0  0.0676717259
2 5 7 0  0.0676717259
2 6 4 0  0.0676717259
2 7 5 0  0.0676717259
2 0 0 2  0.2520176212
2 1 1 2  0.2520176212
2 2 2 2  0.2564387081
2 3 3 2  0.2564387081
2 4 4 2  0.2465656203
2 5 5 2  0.2465656203
2 6 6 2  0.2578643827
2 7 7 2  0.2578643827
2 0 6 4  0.0398464479
2 1 7 4  0.0398464479
2 2 4 4  0.0402059011
2 3 5 4  0.0402059011
2 4 2 4  0.0402059011
2 5 3 4  0.0402059011
2 6 0 4  0.0398464479
2 7 1 4  0.0398464479
2 0 4 6  0.0674014800
2 1 5 6  0.0674014800
2 2 6 6  0.0740550588
2 3 7 6  0.0740550588
2 4 0 6  0.0674014800
2 5 1 6  0.0674014800
2 6 2 6  0.0740550588
2 7 3 6  0.0740550588
3 0 2 1  0.0682705785
3 1 3 1  0.0682705785
3 2 0 1  0.0682705785
3 3 1 1  0.0682705785
3 4 6 1  0.0676717259
3 5 7 1  0.0676717259
3 6 4 1  0.0676717259
3 7 5 1  0.0676717259
3 0 0 3  0.2520176212
3 1 1 3  0.2520176212
3 2 2 3  0.2564387081
3 3 3 3  0.2564387081
3 4 4 3  0.2465656203
3 5 5 3  0.2465656203
3 6 6 3  0.2578643827
3 7 7 3  0.2578643827
3 0 6 5  0.0398464479
3 1 7 5  0.0398464479
3 2 4 5  0.0402059011
3 3 5 5  0.0402059011
3 4 2 5  0.0402059011
3 5 3 5  0.0402059011
3 6 0 5  0.0398464479
3 7 1 5  0.0398464479
3 0 4 7  0.0674014800
3 1 5 7  0.0674014800
3 2 6 7  0.0740550588
3 3 7 7  0.0740550588
3 4 0 7  0.0674014800
3 5 1 7  0.0674014800
3 6 2 7  0.0740550588
3 7 3 7  0.0740550588
4 0 4 0  0.0679693620
4 1 5 0  0.0679693620
4 2 6 0  0.0674014800
4 3 7 0  0.0674014800
4 4 0 0  0.0679693620
4 5 1 0  0.0679693620
4 6 2 0  0.0674014800
4 7 3 0  0.0674014800
4 0 6 2  0.0398464479
4 1 7 2  0.0398464479
4 2 4 2  0.0402059011
4 3 5 2  0.0402059011
4 4 2 2  0.0402059011
4 5 3 2  0.0402059011
4 6 0 2  0.0398464479
4 7 1 2  0.0398464479
4 0 0 4  0.2519479219
4 1 1 4  0.2519479219
4 2 2 4  0.2465656203
4 3 3 4  0.2465656203
4 4 4 4  0.2563349091
4 5 5 4  0.2563349091
4 6 6 4  0.2578498845
4 7 7 4  0.2578498845
4 0 2 6  0.0676717259
4 1 3 6  0.0676717259
4 2 0 6  0.0676717259
4 3 1 6  0.0676717259
4 4 6 6  0.0743546884
4 5 7 6  0.0743546884
4 6 4 6  0.0743546884
4 7 5 6  0.0743546884
5 0 4 1  0.0679693620
5 1 5 1  0.0679693620
5 2 6 1  0.0674014800
5 3 7 1  0.0674014800
5 4 0 1  0.0679693620
5 5 1 1  0.0679693620
5 6 2 1  0.0674014800
5 7 3 1  0.0674014800
5 0 6 3  0.0398464479
5 1 7 3  0.0398464479
5 2 4 3  0.0402059011
5 3 5 3  0.0402059011
5 4 2 3  0.0402059011
5 5 3 3  0.0402059011
5 6 0 3  0.0398464479
5 7 1 3  0.0398464479
5 0 0 5  0.2519479219
5 1 1 5  0.2519479219
5 2 2 5  0.2465656203
5 3 3 5  0.2465656203
5 4 4 5  0.2563349091
5 5 5 5  0.2563349091
5 6 6 5  0.2578498845
5 7 7 5  0.2578498845
5 0 2 7  0.0676717259
5 1 3 7  0.0676717259
5 2 0 7  0.0676717259
5 3 1 7  0.0676717259
5 4 6 7  0.0743546884
5 5 7 7  0.0743546884
5 6 4 7  0.0743546884
5 7 5 7  0.0743546884
6 0 6 0  0.0395136440
6 1 7 0  0.0395136440
6 2 4 0  0.0398464479
6 3 5 0  0.0398464479
6 4 2 0  0.0398464479
6 5 3 0  0.0398464479
6 6 0 0  0.0395136440
6 7 1 0  0.0395136440
6 0 4 2  0.0674014800
6 1 5 2  0.0674014800
6 2 6 2  0.0740550588
6 3 7 2  0.0740550588
6 4 0 2  0.0674014800
6 5 1 2  0.0674014800
6 6 2 2  0.0740550588
6 7 3 2  0.0740550588
6 0 2 4  0.0676717259
6 1 3 4  0.0676717259
6 2 0 4  0.0676717259
6 3 1 4  0.0676717259
6 4 6 4  0.0743546884
6 5 7 4  0.0743546884
6 6 4 4  0.0743546884
6 7 5 4  0.0743546884
6 0 0 6  0.2541517789
6 1 1 6  0.2541517789
6 2 2 6  0.2578643827
6 3 3 6  0.2578643827
6 4 4 6  0.2578498845
6 5 5 6  0.2578498845
6 6 6 6  0.2691061254
6 7 7 6  0.2691061254
7 0 6 1  0.0395136440
7 1 7 1  0.0395136440
7 2 4 1  0.0398464479
7 3 5 1  0.0398464479
7 4 2 1  0.0398464479
7 5 3 1  0.0398464479
7 6 0 1  0.0395136440
7 7 1 1  0.0395136440
7 0 4 3  0.0674014800
7 1 5 3  0.0674014800
7 2 6 3  0.0740550588
7 3 7 3  0.0740550588
7 4 0 3  0.0674014800
7 5 1 3  0.0674014800
7 6 2 3  0.0740550588
7 7 3 3  0.0740550588
7 0 2 5  0.0676717259
7 1 3 5  0.0676717259
7 2 0 5  0.0676717259
7 3 1 5  0.0676717259
7 4 6 5  0.0743546884
7 5 7 5  0.0743546884
7 6 4 5  0.0743546884
7 7 5 5  0.0743546884
7 0 0 7  0.2541517789
7 1 1 7  0.2541517789
7 2 2 7  0.2578643827
7 3 3 7  0.2578643827
7 4 4 7  0.2578498845
7 5 5 7  0.2578498845
7 6 6 7  0.2691061254
7 7 7 7  0.2691061254