 MO Integrals

2.7207521191
0 0  -2.0565887240
1 1  -2.0565887240
2 2  -1.5881820336
3 3  -1.5881820336
4 4  -1.5799231188
5 5  -1.5799231188
6 6  -1.0654597396
7 7  -1.0654597396
0 0 0 0  0.2600358643
0 1 1 0  0.2600358643
0 2 2 0  0.2529234694
0 3 3 0  0.2529234694
0 4 4 0  0.2527829556
0 5 5 0  0.2527829556
0 6 6 0  0.2550434132
0 7 7 0  0.2550434132
0 0 2 2  0.0684605300
0 1 3 2  0.0684605300
0 2 0 2  0.0684605300
0 3 1 2  0.0684605300
0 4 6 2  0.0677667571
0 5 7 2  0.0677667571
0 6 4 2  0.0677667571
0 7 5 2  0.0677667571
0 0 4 4  0.0678561787
0 1 5 4  0.0678561787
0 2 6 4  0.0672246858
0 3 7 4  0.0672246858
0 4 0 4  0.0678561787
0 5 1 4  0.0678561787
0 6 2 4  0.0672246858
0 7 3 4  0.0672246858
0 0 6 6  0.0394164837
0 1 7 6  0.0394164837
0 2 4 6  0.0397195672
0 3 5 6  0.0397195672
0 4 2 6  0.0397195672
0 5 3 6  0.0397195672
0 6 0 6  0.0394164837
0 7 1 6  0.0394164837
1 0 0 1  0.2600358643
1 1 1 1  0.2600358643
1 2 2 1  0.2529234694
1 3 3 1  0.2529234694
1 4 4 1  0.2527829556
1 5 5 1  0.2527829556
1 6 6 1  0.2550434132
1 7 7 1  0.2550434132
1 0 2 3  0.0684605300
1 1 3 3  0.0684605300
1 2 0 3  0.0684605300
1 3 1 3  0.0684605300
1 4 6 3  0.0677667571
1 5 7 3  0.0677667571
1 6 4 3  0.0677667571
1 7 5 3  0.0677667571
1 0 4 5  0.0678561787
1 1 5 5  0.0678561787
1 2 6 5  0.0672246858
1 3 7 5  0.0672246858
1 4 0 5  0.0678561787
1 5 1 5  0.0678561787
1 6 2 5  0.0672246858
1 7 3 5  0.0672246858
1 0 6 7  0.0394164837
1 1 7 7  0.0394164837
1 2 4 7  0.0397195672
1 3 5 7  0.0397195672
1 4 2 7  0.0397195672
1 5 3 7  0.0397195672
1 6 0 7  0.0394164837
1 7 1 7  0.0394164837
2 0 2 0  0.0684605300
2 1 3 0  0.0684605300
2 2 0 0  0.0684605300
2 3 1 0  0.0684605300
2 4 6 0  0.0677667571
2 5 7 0  0.0677667571
2 6 4 0  0.0677667571
2 7 5 0  0.0677667571
2 0 0 2  0.2529234694
2 1 1 2  0.2529234694
2 2 2 2  0.2573935329
2 3 3 2  0.2573935329
2 4 4 2  0.2473074846
2 5 5 2  0.2473074846
2 6 6 2  0.2587390176
2 7 7 2  0.2587390176
2 0 6 4  0.0397195672
2 1 7 4  0.0397195672
2 2 4 4  0.0400488646
2 3 5 4  0.0400488646
2 4 2 4  0.0400488646
2 5 3 4  0.0400488646
2 6 0 4  0.0397195672
2 7 1 4  0.0397195672
2 0 4 6  0.0672246858
2 1 5 6  0.0672246858
2 2 6 6  0.0738569553
2 3 7 6  0.0738569553
2 4 0 6  0.0672246858
2 5 1 6  0.0672246858
2 6 2 6  0.0738569553
2 7 3 6  0.0738569553
3 0 2 1  0.0684605300
3 1 3 1  0.0684605300
3 2 0 1  0.0684605300
3 3 1 1  0.0684605300
3 4 6 1  0.0677667571
3 5 7 1  0.0677667571
3 6 4 1  0.0677667571
3 7 5 1  0.0677667571
3 0 0 3  0.2529234694
3 1 1 3  0.2529234694
3 2 2 3  0.2573935329
3 3 3 3  0.2573935329
3 4 4 3  0.2473074846
3 5 5 3  0.2473074846
3 6 6 3  0.2587390176
3 7 7 3  0.2587390176
3 0 6 5  0.0397195672
3 1 7 5  0.0397195672
3 2 4 5  0.0400488646
3 3 5 5  0.0400488646
3 4 2 5  0.0400488646
3 5 3 5  0.0400488646
3 6 0 5  0.0397195672
3 7 1 5  0.0397195672
3 0 4 7  0.0672246858
3 1 5 7  0.0672246858
3 2 6 7  0.0738569553
3 3 7 7  0.0738569553
3 4 0 7  0.0672246858
3 5 1 7  0.0672246858
3 6 2 7  0.0738569553
3 7 3 7  0.0738569553
4 0 4 0  0.0678561787
4 1 5 0  0.0678561787
4 2 6 0  0.0672246858
4 3 7 0  0.0672246858
4 4 0 0  0.0678561787
4 5 1 0  0.0678561787
4 6 2 0  0.0672246858
4 7 3 0  0.0672246858
4 0 6 2  0.0397195672
4 1 7 2  0.0397195672
4 2 4 2  0.0400488646
4 3 5 2  0.0400488646
4 4 2 2  0.0400488646
4 5 3 2  0.0400488646
4 6 0 2  0.0397195672
4 7 1 2  0.0397195672
4 0 0 4  0.2527829556
4 1 1 4  0.2527829556
4 2 2 4  0.2473074846
4 3 3 4  0.2473074846
4 4 4 4  0.2571825943
4 5 5 4  0.2571825943
4 6 6 4  0.2587083686
4 7 7 4  0.2587083686
4 0 2 6  0.0677667571
4 1 3 6  0.0677667571
4 2 0 6  0.0677667571
4 3 1 6  0.0677667571
4 4 6 6  0.0744573592
4 5 7 6  0.0744573592
4 6 4 6  0.0744573592
4 7 5 6  0.0744573592
5 0 4 1  0.0678561787
5 1 5 1  0.0678561787
5 2 6 1  0.0672246858
5 3 7 1  0.0672246858
5 4 0 1  0.0678561787
5 5 1 1  0.0678561787
5 6 2 1  0.0672246858
5 7 3 1  0.0672246858
5 0 6 3  0.0397195672
5 1 7 3  0.0397195672
5 2 4 3  0.0400488646
5 3 5 3  0.0400488646
5 4 2 3  0.0400488646
5 5 3 3  0.0400488646
5 6 0 3  0.0397195672
5 7 1 3  0.0397195672
5 0 0 5  0.2527829556
5 1 1 5  0.2527829556
5 2 2 5  0.2473074846
5 3 3 5  0.2473074846
5 4 4 5  0.2571825943
5 5 5 5  0.2571825943
5 6 6 5  0.2587083686
5 7 7 5  0.2587083686
5 0 2 7  0.0677667571
5 1 3 7  0.0677667571
5 2 0 7  0.0677667571
5 3 1 7  0.0677667571
5 4 6 7  0.0744573592
5 5 7 7  0.0744573592
5 6 4 7  0.0744573592
5 7 5 7  0.0744573592
6 0 6 0  0.0394164837
6 1 7 0  0.0394164837
6 2 4 0  0.0397195672
6 3 5 0  0.0397195672
6 4 2 0  0.0397195672
6 5 3 0  0.0397195672
6 6 0 0  0.0394164837
6 7 1 0  0.0394164837
6 0 4 2  0.0672246858
6 1 5 2  0.0672246858
6 2 6 2  0.0738569553
6 3 7 2  0.0738569553
6 4 0 2  0.0672246858
6 5 1 2  0.0672246858
6 6 2 2  0.0738569553
6 7 3 2  0.0738569553
6 0 2 4  0.0677667571
6 1 3 4  0.0677667571
6 2 0 4  0.0677667571
6 3 1 4  0.0677667571
6 4 6 4  0.0744573592
6 5 7 4  0.0744573592
6 6 4 4  0.0744573592
6 7 5 4  0.0744573592
6 0 0 6  0.2550434132
6 1 1 6  0.2550434132
6 2 2 6  0.2587390176
6 3 3 6  0.2587390176
6 4 4 6  0.2587083686
6 5 5 6  0.2587083686
6 6 6 6  0.2700738613
6 7 7 6  0.2700738613
7 0 6 1  0.0394164837
7 1 7 1  0.0394164837
7 2 4 1  0.0397195672
7 3 5 1  0.0397195672
7 4 2 1  0.0397195672
7 5 3 1  0.0397195672
7 6 0 1  0.0394164837
7 7 1 1  0.0394164837
7 0 4 3  0.0672246858
7 1 5 3  0.0672246858
7 2 6 3  0.0738569553
7 3 7 3  0.0738569553
7 4 0 3  0.0672246858
7 5 1 3  0.0672246858
7 6 2 3  0.0738569553
7 7 3 3  0.0738569553
7 0 2 5  0.0677667571
7 1 3 5  0.0677667571
7 2 0 5  0.0677667571
7 3 1 5  0.0677667571
7 4 6 5  0.0744573592
7 5 7 5  0.0744573592
7 6 4 5  0.0744573592
7 7 5 5  0.0744573592
7 0 0 7  0.2550434132
7 1 1 7  0.2550434132
7 2 2 7  0.2587390176
7 3 3 7  0.2587390176
7 4 4 7  0.2587083686
7 5 5 7  0.2587083686
7 6 6 7  0.2700738613
7 7 7 7  0.2700738613

 E(FCI) = -1.9379421361

 E(HF)  = -1.7843849666
