 MO Integrals

3.0308688094
0 0  -2.1913748959
1 1  -2.1913748959
2 2  -1.6414057180
2 4  -0.0965131538
3 3  -1.6414057180
3 5  -0.0965131538
4 2  -0.0965131538
4 4  -1.6414057180
5 3  -0.0965131538
5 5  -1.6414057180
6 6  -1.0079074397
7 7  -1.0079074397
0 0 0 0  0.2725635435
0 1 1 0  0.2725635435
0 2 2 0  0.2643189950
0 2 4 0  0.0014954417
0 3 3 0  0.2643189950
0 3 5 0  0.0014954417
0 4 2 0  0.0014954417
0 4 4 0  0.2643189950
0 5 3 0  0.0014954417
0 5 5 0  0.2643189950
0 6 6 0  0.2669499269
0 7 7 0  0.2669499269
0 0 2 2  0.0690522830
0 0 4 2  0.0062303457
0 1 3 2  0.0690522830
0 1 5 2  0.0062303457
0 2 0 2  0.0690522830
0 2 6 2  0.0673679640
0 3 1 2  0.0690522830
0 3 7 2  0.0673679640
0 4 0 2  0.0062303457
0 4 6 2  -0.0056063051
0 5 1 2  0.0062303457
0 5 7 2  -0.0056063051
0 6 2 2  0.0673679640
0 6 4 2  -0.0056063051
0 7 3 2  0.0673679640
0 7 5 2  -0.0056063051
0 0 2 4  0.0062303457
0 0 4 4  0.0690522830
0 1 3 4  0.0062303457
0 1 5 4  0.0690522830
0 2 0 4  0.0062303457
0 2 6 4  0.0056063051
0 3 1 4  0.0062303457
0 3 7 4  0.0056063051
0 4 0 4  0.0690522830
0 4 6 4  -0.0673679640
0 5 1 4  0.0690522830
0 5 7 4  -0.0673679640
0 6 2 4  0.0056063051
0 6 4 4  -0.0673679640
0 7 3 4  0.0056063051
0 7 5 4  -0.0673679640
0 0 6 6  0.0382212444
0 1 7 6  0.0382212444
0 2 2 6  0.0381207134
0 3 3 6  0.0381207134
0 4 4 6  -0.0381207134
0 5 5 6  -0.0381207134
0 6 0 6  0.0382212444
0 7 1 6  0.0382212444
1 0 0 1  0.2725635435
1 1 1 1  0.2725635435
1 2 2 1  0.2643189950
1 2 4 1  0.0014954417
1 3 3 1  0.2643189950
1 3 5 1  0.0014954417
1 4 2 1  0.0014954417
1 4 4 1  0.2643189950
1 5 3 1  0.0014954417
1 5 5 1  0.2643189950
1 6 6 1  0.2669499269
1 7 7 1  0.2669499269
1 0 2 3  0.0690522830
1 0 4 3  0.0062303457
1 1 3 3  0.0690522830
1 1 5 3  0.0062303457
1 2 0 3  0.0690522830
1 2 6 3  0.0673679640
1 3 1 3  0.0690522830
1 3 7 3  0.0673679640
1 4 0 3  0.0062303457
1 4 6 3  -0.0056063051
1 5 1 3  0.0062303457
1 5 7 3  -0.0056063051
1 6 2 3  0.0673679640
1 6 4 3  -0.0056063051
1 7 3 3  0.0673679640
1 7 5 3  -0.0056063051
1 0 2 5  0.0062303457
1 0 4 5  0.0690522830
1 1 3 5  0.0062303457
1 1 5 5  0.0690522830
1 2 0 5  0.0062303457
1 2 6 5  0.0056063051
1 3 1 5  0.0062303457
1 3 7 5  0.0056063051
1 4 0 5  0.0690522830
1 4 6 5  -0.0673679640
1 5 1 5  0.0690522830
1 5 7 5  -0.0673679640
1 6 2 5  0.0056063051
1 6 4 5  -0.0673679640
1 7 3 5  0.0056063051
1 7 5 5  -0.0673679640
1 0 6 7  0.0382212444
1 1 7 7  0.0382212444
1 2 2 7  0.0381207134
1 3 3 7  0.0381207134
1 4 4 7  -0.0381207134
1 5 5 7  -0.0381207134
1 6 0 7  0.0382212444
1 7 1 7  0.0382212444
2 0 2 0  0.0690522830
2 0 4 0  0.0062303457
2 1 3 0  0.0690522830
2 1 5 0  0.0062303457
2 2 0 0  0.0690522830
2 2 6 0  0.0673679640
2 3 1 0  0.0690522830
2 3 7 0  0.0673679640
2 4 0 0  0.0062303457
2 4 6 0  -0.0056063051
2 5 1 0  0.0062303457
2 5 7 0  -0.0056063051
2 6 2 0  0.0673679640
2 6 4 0  -0.0056063051
2 7 3 0  0.0673679640
2 7 5 0  -0.0056063051
2 0 0 2  0.2643189950
2 0 6 2  0.0381207134
2 1 1 2  0.2643189950
2 1 7 2  0.0381207134
2 2 2 2  0.3013508278
2 2 4 2  0.0012342767
2 3 3 2  0.3013508278
2 3 5 2  0.0012342767
2 4 2 2  0.0012342767
2 4 4 2  0.2252570385
2 5 3 2  0.0012342767
2 5 5 2  0.2252570385
2 6 0 2  0.0381207134
2 6 6 2  0.2703790345
2 7 1 2  0.0381207134
2 7 7 2  0.2703790345
2 0 0 4  0.0014954417
2 1 1 4  0.0014954417
2 2 2 4  0.0012342767
2 2 4 4  0.0060053994
2 3 3 4  0.0012342767
2 3 5 4  0.0060053994
2 4 2 4  0.0060053994
2 4 4 4  0.0012342767
2 5 3 4  0.0060053994
2 5 5 4  0.0012342767
2 6 6 4  0.0005181360
2 7 7 4  0.0005181360
2 0 2 6  0.0673679640
2 0 4 6  0.0056063051
2 1 3 6  0.0673679640
2 1 5 6  0.0056063051
2 2 0 6  0.0673679640
2 2 6 6  0.0738726296
2 3 1 6  0.0673679640
2 3 7 6  0.0738726296
2 4 0 6  0.0056063051
2 4 6 6  -0.0061322950
2 5 1 6  0.0056063051
2 5 7 6  -0.0061322950
2 6 2 6  0.0738726296
2 6 4 6  -0.0061322950
2 7 3 6  0.0738726296
2 7 5 6  -0.0061322950
3 0 2 1  0.0690522830
3 0 4 1  0.0062303457
3 1 3 1  0.0690522830
3 1 5 1  0.0062303457
3 2 0 1  0.0690522830
3 2 6 1  0.0673679640
3 3 1 1  0.0690522830
3 3 7 1  0.0673679640
3 4 0 1  0.0062303457
3 4 6 1  -0.0056063051
3 5 1 1  0.0062303457
3 5 7 1  -0.0056063051
3 6 2 1  0.0673679640
3 6 4 1  -0.0056063051
3 7 3 1  0.0673679640
3 7 5 1  -0.0056063051
3 0 0 3  0.2643189950
3 0 6 3  0.0381207134
3 1 1 3  0.2643189950
3 1 7 3  0.0381207134
3 2 2 3  0.3013508278
3 2 4 3  0.0012342767
3 3 3 3  0.3013508278
3 3 5 3  0.0012342767
3 4 2 3  0.0012342767
3 4 4 3  0.2252570385
3 5 3 3  0.0012342767
3 5 5 3  0.2252570385
3 6 0 3  0.0381207134
3 6 6 3  0.2703790345
3 7 1 3  0.0381207134
3 7 7 3  0.2703790345
3 0 0 5  0.0014954417
3 1 1 5  0.0014954417
3 2 2 5  0.0012342767
3 2 4 5  0.0060053994
3 3 3 5  0.0012342767
3 3 5 5  0.0060053994
3 4 2 5  0.0060053994
3 4 4 5  0.0012342767
3 5 3 5  0.0060053994
3 5 5 5  0.0012342767
3 6 6 5  0.0005181360
3 7 7 5  0.0005181360
3 0 2 7  0.0673679640
3 0 4 7  0.0056063051
3 1 3 7  0.0673679640
3 1 5 7  0.0056063051
3 2 0 7  0.0673679640
3 2 6 7  0.0738726296
3 3 1 7  0.0673679640
3 3 7 7  0.0738726296
3 4 0 7  0.0056063051
3 4 6 7  -0.0061322950
3 5 1 7  0.0056063051
3 5 7 7  -0.0061322950
3 6 2 7  0.0738726296
3 6 4 7  -0.0061322950
3 7 3 7  0.0738726296
3 7 5 7  -0.0061322950
4 0 2 0  0.0062303457
4 0 4 0  0.0690522830
4 1 3 0  0.0062303457
4 1 5 0  0.0690522830
4 2 0 0  0.0062303457
4 2 6 0  0.0056063051
4 3 1 0  0.0062303457
4 3 7 0  0.0056063051
4 4 0 0  0.0690522830
4 4 6 0  -0.0673679640
4 5 1 0  0.0690522830
4 5 7 0  -0.0673679640
4 6 2 0  0.0056063051
4 6 4 0  -0.0673679640
4 7 3 0  0.0056063051
4 7 5 0  -0.0673679640
4 0 0 2  0.0014954417
4 1 1 2  0.0014954417
4 2 2 2  0.0012342767
4 2 4 2  0.0060053994
4 3 3 2  0.0012342767
4 3 5 2  0.0060053994
4 4 2 2  0.0060053994
4 4 4 2  0.0012342767
4 5 3 2  0.0060053994
4 5 5 2  0.0012342767
4 6 6 2  0.0005181360
4 7 7 2  0.0005181360
4 0 0 4  0.2643189950
4 0 6 4  -0.0381207134
4 1 1 4  0.2643189950
4 1 7 4  -0.0381207134
4 2 2 4  0.2252570385
4 2 4 4  0.0012342767
4 3 3 4  0.2252570385
4 3 5 4  0.0012342767
4 4 2 4  0.0012342767
4 4 4 4  0.3013508278
4 5 3 4  0.0012342767
4 5 5 4  0.3013508278
4 6 0 4  -0.0381207134
4 6 6 4  0.2703790345
4 7 1 4  -0.0381207134
4 7 7 4  0.2703790345
4 0 2 6  -0.0056063051
4 0 4 6  -0.0673679640
4 1 3 6  -0.0056063051
4 1 5 6  -0.0673679640
4 2 0 6  -0.0056063051
4 2 6 6  -0.0061322950
4 3 1 6  -0.0056063051
4 3 7 6  -0.0061322950
4 4 0 6  -0.0673679640
4 4 6 6  0.0738726296
4 5 1 6  -0.0673679640
4 5 7 6  0.0738726296
4 6 2 6  -0.0061322950
4 6 4 6  0.0738726296
4 7 3 6  -0.0061322950
4 7 5 6  0.0738726296
5 0 2 1  0.0062303457
5 0 4 1  0.0690522830
5 1 3 1  0.0062303457
5 1 5 1  0.0690522830
5 2 0 1  0.0062303457
5 2 6 1  0.0056063051
5 3 1 1  0.0062303457
5 3 7 1  0.0056063051
5 4 0 1  0.0690522830
5 4 6 1  -0.0673679640
5 5 1 1  0.0690522830
5 5 7 1  -0.0673679640
5 6 2 1  0.0056063051
5 6 4 1  -0.0673679640
5 7 3 1  0.0056063051
5 7 5 1  -0.0673679640
5 0 0 3  0.0014954417
5 1 1 3  0.0014954417
5 2 2 3  0.0012342767
5 2 4 3  0.0060053994
5 3 3 3  0.0012342767
5 3 5 3  0.0060053994
5 4 2 3  0.0060053994
5 4 4 3  0.0012342767
5 5 3 3  0.0060053994
5 5 5 3  0.0012342767
5 6 6 3  0.0005181360
5 7 7 3  0.0005181360
5 0 0 5  0.2643189950
5 0 6 5  -0.0381207134
5 1 1 5  0.2643189950
5 1 7 5  -0.0381207134
5 2 2 5  0.2252570385
5 2 4 5  0.0012342767
5 3 3 5  0.2252570385
5 3 5 5  0.0012342767
5 4 2 5  0.0012342767
5 4 4 5  0.3013508278
5 5 3 5  0.0012342767
5 5 5 5  0.3013508278
5 6 0 5  -0.0381207134
5 6 6 5  0.2703790345
5 7 1 5  -0.0381207134
5 7 7 5  0.2703790345
5 0 2 7  -0.0056063051
5 0 4 7  -0.0673679640
5 1 3 7  -0.0056063051
5 1 5 7  -0.0673679640
5 2 0 7  -0.0056063051
5 2 6 7  -0.0061322950
5 3 1 7  -0.0056063051
5 3 7 7  -0.0061322950
5 4 0 7  -0.0673679640
5 4 6 7  0.0738726296
5 5 1 7  -0.0673679640
5 5 7 7  0.0738726296
5 6 2 7  -0.0061322950
5 6 4 7  0.0738726296
5 7 3 7  -0.0061322950
5 7 5 7  0.0738726296
6 0 6 0  0.0382212444
6 1 7 0  0.0382212444
6 2 2 0  0.0381207134
6 3 3 0  0.0381207134
6 4 4 0  -0.0381207134
6 5 5 0  -0.0381207134
6 6 0 0  0.0382212444
6 7 1 0  0.0382212444
6 0 2 2  0.0673679640
6 0 4 2  0.0056063051
6 1 3 2  0.0673679640
6 1 5 2  0.0056063051
6 2 0 2  0.0673679640
6 2 6 2  0.0738726296
6 3 1 2  0.0673679640
6 3 7 2  0.0738726296
6 4 0 2  0.0056063051
6 4 6 2  -0.0061322950
6 5 1 2  0.0056063051
6 5 7 2  -0.0061322950
6 6 2 2  0.0738726296
6 6 4 2  -0.0061322950
6 7 3 2  0.0738726296
6 7 5 2  -0.0061322950
6 0 2 4  -0.0056063051
6 0 4 4  -0.0673679640
6 1 3 4  -0.0056063051
6 1 5 4  -0.0673679640
6 2 0 4  -0.0056063051
6 2 6 4  -0.0061322950
6 3 1 4  -0.0056063051
6 3 7 4  -0.0061322950
6 4 0 4  -0.0673679640
6 4 6 4  0.0738726296
6 5 1 4  -0.0673679640
6 5 7 4  0.0738726296
6 6 2 4  -0.0061322950
6 6 4 4  0.0738726296
6 7 3 4  -0.0061322950
6 7 5 4  0.0738726296
6 0 0 6  0.2669499269
6 1 1 6  0.2669499269
6 2 2 6  0.2703790345
6 2 4 6  0.0005181360
6 3 3 6  0.2703790345
6 3 5 6  0.0005181360
6 4 2 6  0.0005181360
6 4 4 6  0.2703790345
6 5 3 6  0.0005181360
6 5 5 6  0.2703790345
6 6 6 6  0.2830337026
6 7 7 6  0.2830337026
7 0 6 1  0.0382212444
7 1 7 1  0.0382212444
7 2 2 1  0.0381207134
7 3 3 1  0.0381207134
7 4 4 1  -0.0381207134
7 5 5 1  -0.0381207134
7 6 0 1  0.0382212444
7 7 1 1  0.0382212444
7 0 2 3  0.0673679640
7 0 4 3  0.0056063051
7 1 3 3  0.0673679640
7 1 5 3  0.0056063051
7 2 0 3  0.0673679640
7 2 6 3  0.0738726296
7 3 1 3  0.0673679640
7 3 7 3  0.0738726296
7 4 0 3  0.0056063051
7 4 6 3  -0.0061322950
7 5 1 3  0.0056063051
7 5 7 3  -0.0061322950
7 6 2 3  0.0738726296
7 6 4 3  -0.0061322950
7 7 3 3  0.0738726296
7 7 5 3  -0.0061322950
7 0 2 5  -0.0056063051
7 0 4 5  -0.0673679640
7 1 3 5  -0.0056063051
7 1 5 5  -0.0673679640
7 2 0 5  -0.0056063051
7 2 6 5  -0.0061322950
7 3 1 5  -0.0056063051
7 3 7 5  -0.0061322950
7 4 0 5  -0.0673679640
7 4 6 5  0.0738726296
7 5 1 5  -0.0673679640
7 5 7 5  0.0738726296
7 6 2 5  -0.0061322950
7 6 4 5  0.0738726296
7 7 3 5  -0.0061322950
7 7 5 5  0.0738726296
7 0 0 7  0.2669499269
7 1 1 7  0.2669499269
7 2 2 7  0.2703790345
7 2 4 7  0.0005181360
7 3 3 7  0.2703790345
7 3 5 7  0.0005181360
7 4 2 7  0.0005181360
7 4 4 7  0.2703790345
7 5 3 7  0.0005181360
7 5 5 7  0.2703790345
7 6 6 7  0.2830337026
7 7 7 7  0.2830337026

 E(FCI) = -1.9842497311

 E(HF)  = -1.6485208482
