 MO Integrals

2.6420361248
0 0  -2.0173255586
1 1  -2.0173255586
2 2  -1.5848111139
3 3  -1.5848111139
4 4  -1.5453626802
5 5  -1.5453626802
6 6  -1.0750769136
7 7  -1.0750769136
0 0 0 0  0.2561720934
0 1 1 0  0.2561720934
0 2 2 0  0.2497494726
0 3 3 0  0.2497494726
0 4 4 0  0.2490706515
0 5 5 0  0.2490706515
0 6 6 0  0.2515211500
0 7 7 0  0.2515211500
0 0 2 2  0.0695252635
0 1 3 2  0.0695252635
0 2 0 2  0.0695252635
0 3 1 2  0.0695252635
0 4 6 2  0.0690224440
0 5 7 2  0.0690224440
0 6 4 2  0.0690224440
0 7 5 2  0.0690224440
0 0 4 4  0.0665435709
0 1 5 4  0.0665435709
0 2 6 4  0.0663441968
0 3 7 4  0.0663441968
0 4 0 4  0.0665435709
0 5 1 4  0.0665435709
0 6 2 4  0.0663441968
0 7 3 4  0.0663441968
0 0 6 6  0.0398070480
0 1 7 6  0.0398070480
0 2 4 6  0.0402261071
0 3 5 6  0.0402261071
0 4 2 6  0.0402261071
0 5 3 6  0.0402261071
0 6 0 6  0.0398070480
0 7 1 6  0.0398070480
1 0 0 1  0.2561720934
1 1 1 1  0.2561720934
1 2 2 1  0.2497494726
1 3 3 1  0.2497494726
1 4 4 1  0.2490706515
1 5 5 1  0.2490706515
1 6 6 1  0.2515211500
1 7 7 1  0.2515211500
1 0 2 3  0.0695252635
1 1 3 3  0.0695252635
1 2 0 3  0.0695252635
1 3 1 3  0.0695252635
1 4 6 3  0.0690224440
1 5 7 3  0.0690224440
1 6 4 3  0.0690224440
1 7 5 3  0.0690224440
1 0 4 5  0.0665435709
1 1 5 5  0.0665435709
1 2 6 5  0.0663441968
1 3 7 5  0.0663441968
1 4 0 5  0.0665435709
1 5 1 5  0.0665435709
1 6 2 5  0.0663441968
1 7 3 5  0.0663441968
1 0 6 7  0.0398070480
1 1 7 7  0.0398070480
1 2 4 7  0.0402261071
1 3 5 7  0.0402261071
1 4 2 7  0.0402261071
1 5 3 7  0.0402261071
1 6 0 7  0.0398070480
1 7 1 7  0.0398070480
2 0 2 0  0.0695252635
2 1 3 0  0.0695252635
2 2 0 0  0.0695252635
2 3 1 0  0.0695252635
2 4 6 0  0.0690224440
2 5 7 0  0.0690224440
2 6 4 0  0.0690224440
2 7 5 0  0.0690224440
2 0 0 2  0.2497494726
2 1 1 2  0.2497494726
2 2 2 2  0.2542258884
2 3 3 2  0.2542258884
2 4 4 2  0.2443824456
2 5 5 2  0.2443824456
2 6 6 2  0.2553643576
2 7 7 2  0.2553643576
2 0 6 4  0.0402261071
2 1 7 4  0.0402261071
2 2 4 4  0.0406733969
2 3 5 4  0.0406733969
2 4 2 4  0.0406733969
2 5 3 4  0.0406733969
2 6 0 4  0.0402261071
2 7 1 4  0.0402261071
2 0 4 6  0.0663441968
2 1 5 6  0.0663441968
2 2 6 6  0.0728773165
2 3 7 6  0.0728773165
2 4 0 6  0.0663441968
2 5 1 6  0.0663441968
2 6 2 6  0.0728773165
2 7 3 6  0.0728773165
3 0 2 1  0.0695252635
3 1 3 1  0.0695252635
3 2 0 1  0.0695252635
3 3 1 1  0.0695252635
3 4 6 1  0.0690224440
3 5 7 1  0.0690224440
3 6 4 1  0.0690224440
3 7 5 1  0.0690224440
3 0 0 3  0.2497494726
3 1 1 3  0.2497494726
3 2 2 3  0.2542258884
3 3 3 3  0.2542258884
3 4 4 3  0.2443824456
3 5 5 3  0.2443824456
3 6 6 3  0.2553643576
3 7 7 3  0.2553643576
3 0 6 5  0.0402261071
3 1 7 5  0.0402261071
3 2 4 5  0.0406733969
3 3 5 5  0.0406733969
3 4 2 5  0.0406733969
3 5 3 5  0.0406733969
3 6 0 5  0.0402261071
3 7 1 5  0.0402261071
3 0 4 7  0.0663441968
3 1 5 7  0.0663441968
3 2 6 7  0.0728773165
3 3 7 7  0.0728773165
3 4 0 7  0.0663441968
3 5 1 7  0.0663441968
3 6 2 7  0.0728773165
3 7 3 7  0.0728773165
4 0 4 0  0.0665435709
4 1 5 0  0.0665435709
4 2 6 0  0.0663441968
4 3 7 0  0.0663441968
4 4 0 0  0.0665435709
4 5 1 0  0.0665435709
4 6 2 0  0.0663441968
4 7 3 0  0.0663441968
4 0 6 2  0.0402261071
4 1 7 2  0.0402261071
4 2 4 2  0.0406733969
4 3 5 2  0.0406733969
4 4 2 2  0.0406733969
4 5 3 2  0.0406733969
4 6 0 2  0.0402261071
4 7 1 2  0.0402261071
4 0 0 4  0.2490706515
4 1 1 4  0.2490706515
4 2 2 4  0.2443824456
4 3 3 4  0.2443824456
4 4 4 4  0.2532396286
4 5 5 4  0.2532396286
4 6 6 4  0.2552438230
4 7 7 4  0.2552438230
4 0 2 6  0.0690224440
4 1 3 6  0.0690224440
4 2 0 6  0.0690224440
4 3 1 6  0.0690224440
4 4 6 6  0.0758555593
4 5 7 6  0.0758555593
4 6 4 6  0.0758555593
4 7 5 6  0.0758555593
5 0 4 1  0.0665435709
5 1 5 1  0.0665435709
5 2 6 1  0.0663441968
5 3 7 1  0.0663441968
5 4 0 1  0.0665435709
5 5 1 1  0.0665435709
5 6 2 1  0.0663441968
5 7 3 1  0.0663441968
5 0 6 3  0.0402261071
5 1 7 3  0.0402261071
5 2 4 3  0.0406733969
5 3 5 3  0.0406733969
5 4 2 3  0.0406733969
5 5 3 3  0.0406733969
5 6 0 3  0.0402261071
5 7 1 3  0.0402261071
5 0 0 5  0.2490706515
5 1 1 5  0.2490706515
5 2 2 5  0.2443824456
5 3 3 5  0.2443824456
5 4 4 5  0.2532396286
5 5 5 5  0.2532396286
5 6 6 5  0.2552438230
5 7 7 5  0.2552438230
5 0 2 7  0.0690224440
5 1 3 7  0.0690224440
5 2 0 7  0.0690224440
5 3 1 7  0.0690224440
5 4 6 7  0.0758555593
5 5 7 7  0.0758555593
5 6 4 7  0.0758555593
5 7 5 7  0.0758555593
6 0 6 0  0.0398070480
6 1 7 0  0.0398070480
6 2 4 0  0.0402261071
6 3 5 0  0.0402261071
6 4 2 0  0.0402261071
6 5 3 0  0.0402261071
6 6 0 0  0.0398070480
6 7 1 0  0.0398070480
6 0 4 2  0.0663441968
6 1 5 2  0.0663441968
6 2 6 2  0.0728773165
6 3 7 2  0.0728773165
6 4 0 2  0.0663441968
6 5 1 2  0.0663441968
6 6 2 2  0.0728773165
6 7 3 2  0.0728773165
6 0 2 4  0.0690224440
6 1 3 4  0.0690224440
6 2 0 4  0.0690224440
6 3 1 4  0.0690224440
6 4 6 4  0.0758555593
6 5 7 4  0.0758555593
6 6 4 4  0.0758555593
6 7 5 4  0.0758555593
6 0 0 6  0.2515211500
6 1 1 6  0.2515211500
6 2 2 6  0.2553643576
6 3 3 6  0.2553643576
6 4 4 6  0.2552438230
6 5 5 6  0.2552438230
6 6 6 6  0.2662485594
6 7 7 6  0.2662485594
7 0 6 1  0.0398070480
7 1 7 1  0.0398070480
7 2 4 1  0.0402261071
7 3 5 1  0.0402261071
7 4 2 1  0.0402261071
7 5 3 1  0.0402261071
7 6 0 1  0.0398070480
7 7 1 1  0.0398070480
7 0 4 3  0.0663441968
7 1 5 3  0.0663441968
7 2 6 3  0.0728773165
7 3 7 3  0.0728773165
7 4 0 3  0.0663441968
7 5 1 3  0.0663441968
7 6 2 3  0.0728773165
7 7 3 3  0.0728773165
7 0 2 5  0.0690224440
7 1 3 5  0.0690224440
7 2 0 5  0.0690224440
7 3 1 5  0.0690224440
7 4 6 5  0.0758555593
7 5 7 5  0.0758555593
7 6 4 5  0.0758555593
7 7 5 5  0.0758555593
7 0 0 7  0.2515211500
7 1 1 7  0.2515211500
7 2 2 7  0.2553643576
7 3 3 7  0.2553643576
7 4 4 7  0.2552438230
7 5 5 7  0.2552438230
7 6 6 7  0.2662485594
7 7 7 7  0.2662485594

 E(FCI) = -1.9548321926

 E(HF)  = -1.8215465302
