 MO Integrals

2.5817637031
0 0  -1.9858395564
1 1  -1.9858395564
2 2  -1.5492186696
2 4  0.0379992847
3 3  -1.5492186696
3 5  0.0379992847
4 2  0.0379992847
4 4  -1.5492186696
5 3  0.0379992847
5 5  -1.5492186696
6 6  -1.0808852133
7 7  -1.0808852133
0 0 0 0  0.2530165372
0 1 1 0  0.2530165372
0 2 2 0  0.2466244576
0 2 4 0  -0.0006564097
0 3 3 0  0.2466244576
0 3 5 0  -0.0006564097
0 4 2 0  -0.0006564097
0 4 4 0  0.2466244576
0 5 3 0  -0.0006564097
0 5 5 0  0.2466244576
0 6 6 0  0.2486772417
0 7 7 0  0.2486772417
0 0 2 2  0.0679915484
0 0 4 2  -0.0029451332
0 1 3 2  0.0679915484
0 1 5 2  -0.0029451332
0 2 0 2  0.0679915484
0 2 6 2  -0.0678861814
0 3 1 2  0.0679915484
0 3 7 2  -0.0678861814
0 4 0 2  -0.0029451332
0 4 6 2  -0.0026503835
0 5 1 2  -0.0029451332
0 5 7 2  -0.0026503835
0 6 2 2  -0.0678861814
0 6 4 2  -0.0026503835
0 7 3 2  -0.0678861814
0 7 5 2  -0.0026503835
0 0 2 4  -0.0029451332
0 0 4 4  0.0679915484
0 1 3 4  -0.0029451332
0 1 5 4  0.0679915484
0 2 0 4  -0.0029451332
0 2 6 4  0.0026503835
0 3 1 4  -0.0029451332
0 3 7 4  0.0026503835
0 4 0 4  0.0679915484
0 4 6 4  0.0678861814
0 5 1 4  0.0679915484
0 5 7 4  0.0678861814
0 6 2 4  0.0026503835
0 6 4 4  0.0678861814
0 7 3 4  0.0026503835
0 7 5 4  0.0678861814
0 0 6 6  0.0401357089
0 1 7 6  0.0401357089
0 2 2 6  -0.0406449186
0 3 3 6  -0.0406449186
0 4 4 6  0.0406449186
0 5 5 6  0.0406449186
0 6 0 6  0.0401357089
0 7 1 6  0.0401357089
1 0 0 1  0.2530165372
1 1 1 1  0.2530165372
1 2 2 1  0.2466244576
1 2 4 1  -0.0006564097
1 3 3 1  0.2466244576
1 3 5 1  -0.0006564097
1 4 2 1  -0.0006564097
1 4 4 1  0.2466244576
1 5 3 1  -0.0006564097
1 5 5 1  0.2466244576
1 6 6 1  0.2486772417
1 7 7 1  0.2486772417
1 0 2 3  0.0679915484
1 0 4 3  -0.0029451332
1 1 3 3  0.0679915484
1 1 5 3  -0.0029451332
1 2 0 3  0.0679915484
1 2 6 3  -0.0678861814
1 3 1 3  0.0679915484
1 3 7 3  -0.0678861814
1 4 0 3  -0.0029451332
1 4 6 3  -0.0026503835
1 5 1 3  -0.0029451332
1 5 7 3  -0.0026503835
1 6 2 3  -0.0678861814
1 6 4 3  -0.0026503835
1 7 3 3  -0.0678861814
1 7 5 3  -0.0026503835
1 0 2 5  -0.0029451332
1 0 4 5  0.0679915484
1 1 3 5  -0.0029451332
1 1 5 5  0.0679915484
1 2 0 5  -0.0029451332
1 2 6 5  0.0026503835
1 3 1 5  -0.0029451332
1 3 7 5  0.0026503835
1 4 0 5  0.0679915484
1 4 6 5  0.0678861814
1 5 1 5  0.0679915484
1 5 7 5  0.0678861814
1 6 2 5  0.0026503835
1 6 4 5  0.0678861814
1 7 3 5  0.0026503835
1 7 5 5  0.0678861814
1 0 6 7  0.0401357089
1 1 7 7  0.0401357089
1 2 2 7  -0.0406449186
1 3 3 7  -0.0406449186
1 4 4 7  0.0406449186
1 5 5 7  0.0406449186
1 6 0 7  0.0401357089
1 7 1 7  0.0401357089
2 0 2 0  0.0679915484
2 0 4 0  -0.0029451332
2 1 3 0  0.0679915484
2 1 5 0  -0.0029451332
2 2 0 0  0.0679915484
2 2 6 0  -0.0678861814
2 3 1 0  0.0679915484
2 3 7 0  -0.0678861814
2 4 0 0  -0.0029451332
2 4 6 0  -0.0026503835
2 5 1 0  -0.0029451332
2 5 7 0  -0.0026503835
2 6 2 0  -0.0678861814
2 6 4 0  -0.0026503835
2 7 3 0  -0.0678861814
2 7 5 0  -0.0026503835
2 0 0 2  0.2466244576
2 0 6 2  -0.0406449186
2 1 1 2  0.2466244576
2 1 7 2  -0.0406449186
2 2 2 2  0.2876384013
2 2 4 2  -0.0004634073
2 3 3 2  0.2876384013
2 3 5 2  -0.0004634073
2 4 2 2  -0.0004634073
2 4 4 2  0.2052694282
2 5 3 2  -0.0004634073
2 5 5 2  0.2052694282
2 6 0 2  -0.0406449186
2 6 6 2  0.2525495077
2 7 1 2  -0.0406449186
2 7 7 2  0.2525495077
2 0 0 4  -0.0006564097
2 1 1 4  -0.0006564097
2 2 2 4  -0.0004634073
2 2 4 4  0.0044221015
2 3 3 4  -0.0004634073
2 3 5 4  0.0044221015
2 4 2 4  0.0044221015
2 4 4 4  -0.0004634073
2 5 3 4  0.0044221015
2 5 5 4  -0.0004634073
2 6 6 4  -0.0000942825
2 7 7 4  -0.0000942825
2 0 2 6  -0.0678861814
2 0 4 6  0.0026503835
2 1 3 6  -0.0678861814
2 1 5 6  0.0026503835
2 2 0 6  -0.0678861814
2 2 6 6  0.0745757725
2 3 1 6  -0.0678861814
2 3 7 6  0.0745757725
2 4 0 6  0.0026503835
2 4 6 6  0.0029564041
2 5 1 6  0.0026503835
2 5 7 6  0.0029564041
2 6 2 6  0.0745757725
2 6 4 6  0.0029564041
2 7 3 6  0.0745757725
2 7 5 6  0.0029564041
3 0 2 1  0.0679915484
3 0 4 1  -0.0029451332
3 1 3 1  0.0679915484
3 1 5 1  -0.0029451332
3 2 0 1  0.0679915484
3 2 6 1  -0.0678861814
3 3 1 1  0.0679915484
3 3 7 1  -0.0678861814
3 4 0 1  -0.0029451332
3 4 6 1  -0.0026503835
3 5 1 1  -0.0029451332
3 5 7 1  -0.0026503835
3 6 2 1  -0.0678861814
3 6 4 1  -0.0026503835
3 7 3 1  -0.0678861814
3 7 5 1  -0.0026503835
3 0 0 3  0.2466244576
3 0 6 3  -0.0406449186
3 1 1 3  0.2466244576
3 1 7 3  -0.0406449186
3 2 2 3  0.2876384013
3 2 4 3  -0.0004634073
3 3 3 3  0.2876384013
3 3 5 3  -0.0004634073
3 4 2 3  -0.0004634073
3 4 4 3  0.2052694282
3 5 3 3  -0.0004634073
3 5 5 3  0.2052694282
3 6 0 3  -0.0406449186
3 6 6 3  0.2525495077
3 7 1 3  -0.0406449186
3 7 7 3  0.2525495077
3 0 0 5  -0.0006564097
3 1 1 5  -0.0006564097
3 2 2 5  -0.0004634073
3 2 4 5  0.0044221015
3 3 3 5  -0.0004634073
3 3 5 5  0.0044221015
3 4 2 5  0.0044221015
3 4 4 5  -0.0004634073
3 5 3 5  0.0044221015
3 5 5 5  -0.0004634073
3 6 6 5  -0.0000942825
3 7 7 5  -0.0000942825
3 0 2 7  -0.0678861814
3 0 4 7  0.0026503835
3 1 3 7  -0.0678861814
3 1 5 7  0.0026503835
3 2 0 7  -0.0678861814
3 2 6 7  0.0745757725
3 3 1 7  -0.0678861814
3 3 7 7  0.0745757725
3 4 0 7  0.0026503835
3 4 6 7  0.0029564041
3 5 1 7  0.0026503835
3 5 7 7  0.0029564041
3 6 2 7  0.0745757725
3 6 4 7  0.0029564041
3 7 3 7  0.0745757725
3 7 5 7  0.0029564041
4 0 2 0  -0.0029451332
4 0 4 0  0.0679915484
4 1 3 0  -0.0029451332
4 1 5 0  0.0679915484
4 2 0 0  -0.0029451332
4 2 6 0  0.0026503835
4 3 1 0  -0.0029451332
4 3 7 0  0.0026503835
4 4 0 0  0.0679915484
4 4 6 0  0.0678861814
4 5 1 0  0.0679915484
4 5 7 0  0.0678861814
4 6 2 0  0.0026503835
4 6 4 0  0.0678861814
4 7 3 0  0.0026503835
4 7 5 0  0.0678861814
4 0 0 2  -0.0006564097
4 1 1 2  -0.0006564097
4 2 2 2  -0.0004634073
4 2 4 2  0.0044221015
4 3 3 2  -0.0004634073
4 3 5 2  0.0044221015
4 4 2 2  0.0044221015
4 4 4 2  -0.0004634073
4 5 3 2  0.0044221015
4 5 5 2  -0.0004634073
4 6 6 2  -0.0000942825
4 7 7 2  -0.0000942825
4 0 0 4  0.2466244576
4 0 6 4  0.0406449186
4 1 1 4  0.2466244576
4 1 7 4  0.0406449186
4 2 2 4  0.2052694282
4 2 4 4  -0.0004634073
4 3 3 4  0.2052694282
4 3 5 4  -0.0004634073
4 4 2 4  -0.0004634073
4 4 4 4  0.2876384013
4 5 3 4  -0.0004634073
4 5 5 4  0.2876384013
4 6 0 4  0.0406449186
4 6 6 4  0.2525495077
4 7 1 4  0.0406449186
4 7 7 4  0.2525495077
4 0 2 6  -0.0026503835
4 0 4 6  0.0678861814
4 1 3 6  -0.0026503835
4 1 5 6  0.0678861814
4 2 0 6  -0.0026503835
4 2 6 6  0.0029564041
4 3 1 6  -0.0026503835
4 3 7 6  0.0029564041
4 4 0 6  0.0678861814
4 4 6 6  0.0745757725
4 5 1 6  0.0678861814
4 5 7 6  0.0745757725
4 6 2 6  0.0029564041
4 6 4 6  0.0745757725
4 7 3 6  0.0029564041
4 7 5 6  0.0745757725
5 0 2 1  -0.0029451332
5 0 4 1  0.0679915484
5 1 3 1  -0.0029451332
5 1 5 1  0.0679915484
5 2 0 1  -0.0029451332
5 2 6 1  0.0026503835
5 3 1 1  -0.0029451332
5 3 7 1  0.0026503835
5 4 0 1  0.0679915484
5 4 6 1  0.0678861814
5 5 1 1  0.0679915484
5 5 7 1  0.0678861814
5 6 2 1  0.0026503835
5 6 4 1  0.0678861814
5 7 3 1  0.0026503835
5 7 5 1  0.0678861814
5 0 0 3  -0.0006564097
5 1 1 3  -0.0006564097
5 2 2 3  -0.0004634073
5 2 4 3  0.0044221015
5 3 3 3  -0.0004634073
5 3 5 3  0.0044221015
5 4 2 3  0.0044221015
5 4 4 3  -0.0004634073
5 5 3 3  0.0044221015
5 5 5 3  -0.0004634073
5 6 6 3  -0.0000942825
5 7 7 3  -0.0000942825
5 0 0 5  0.2466244576
5 0 6 5  0.0406449186
5 1 1 5  0.2466244576
5 1 7 5  0.0406449186
5 2 2 5  0.2052694282
5 2 4 5  -0.0004634073
5 3 3 5  0.2052694282
5 3 5 5  -0.0004634073
5 4 2 5  -0.0004634073
5 4 4 5  0.2876384013
5 5 3 5  -0.0004634073
5 5 5 5  0.2876384013
5 6 0 5  0.0406449186
5 6 6 5  0.2525495077
5 7 1 5  0.0406449186
5 7 7 5  0.2525495077
5 0 2 7  -0.0026503835
5 0 4 7  0.0678861814
5 1 3 7  -0.0026503835
5 1 5 7  0.0678861814
5 2 0 7  -0.0026503835
5 2 6 7  0.0029564041
5 3 1 7  -0.0026503835
5 3 7 7  0.0029564041
5 4 0 7  0.0678861814
5 4 6 7  0.0745757725
5 5 1 7  0.0678861814
5 5 7 7  0.0745757725
5 6 2 7  0.0029564041
5 6 4 7  0.0745757725
5 7 3 7  0.0029564041
5 7 5 7  0.0745757725
6 0 6 0  0.0401357089
6 1 7 0  0.0401357089
6 2 2 0  -0.0406449186
6 3 3 0  -0.0406449186
6 4 4 0  0.0406449186
6 5 5 0  0.0406449186
6 6 0 0  0.0401357089
6 7 1 0  0.0401357089
6 0 2 2  -0.0678861814
6 0 4 2  0.0026503835
6 1 3 2  -0.0678861814
6 1 5 2  0.0026503835
6 2 0 2  -0.0678861814
6 2 6 2  0.0745757725
6 3 1 2  -0.0678861814
6 3 7 2  0.0745757725
6 4 0 2  0.0026503835
6 4 6 2  0.0029564041
6 5 1 2  0.0026503835
6 5 7 2  0.0029564041
6 6 2 2  0.0745757725
6 6 4 2  0.0029564041
6 7 3 2  0.0745757725
6 7 5 2  0.0029564041
6 0 2 4  -0.0026503835
6 0 4 4  0.0678861814
6 1 3 4  -0.0026503835
6 1 5 4  0.0678861814
6 2 0 4  -0.0026503835
6 2 6 4  0.0029564041
6 3 1 4  -0.0026503835
6 3 7 4  0.0029564041
6 4 0 4  0.0678861814
6 4 6 4  0.0745757725
6 5 1 4  0.0678861814
6 5 7 4  0.0745757725
6 6 2 4  0.0029564041
6 6 4 4  0.0745757725
6 7 3 4  0.0029564041
6 7 5 4  0.0745757725
6 0 0 6  0.2486772417
6 1 1 6  0.2486772417
6 2 2 6  0.2525495077
6 2 4 6  -0.0000942825
6 3 3 6  0.2525495077
6 3 5 6  -0.0000942825
6 4 2 6  -0.0000942825
6 4 4 6  0.2525495077
6 5 3 6  -0.0000942825
6 5 5 6  0.2525495077
6 6 6 6  0.2631533145
6 7 7 6  0.2631533145
7 0 6 1  0.0401357089
7 1 7 1  0.0401357089
7 2 2 1  -0.0406449186
7 3 3 1  -0.0406449186
7 4 4 1  0.0406449186
7 5 5 1  0.0406449186
7 6 0 1  0.0401357089
7 7 1 1  0.0401357089
7 0 2 3  -0.0678861814
7 0 4 3  0.0026503835
7 1 3 3  -0.0678861814
7 1 5 3  0.0026503835
7 2 0 3  -0.0678861814
7 2 6 3  0.0745757725
7 3 1 3  -0.0678861814
7 3 7 3  0.0745757725
7 4 0 3  0.0026503835
7 4 6 3  0.0029564041
7 5 1 3  0.0026503835
7 5 7 3  0.0029564041
7 6 2 3  0.0745757725
7 6 4 3  0.0029564041
7 7 3 3  0.0745757725
7 7 5 3  0.0029564041
7 0 2 5  -0.0026503835
7 0 4 5  0.0678861814
7 1 3 5  -0.0026503835
7 1 5 5  0.0678861814
7 2 0 5  -0.0026503835
7 2 6 5  0.0029564041
7 3 1 5  -0.0026503835
7 3 7 5  0.0029564041
7 4 0 5  0.0678861814
7 4 6 5  0.0745757725
7 5 1 5  0.0678861814
7 5 7 5  0.0745757725
7 6 2 5  0.0029564041
7 6 4 5  0.0745757725
7 7 3 5  0.0029564041
7 7 5 5  0.0745757725
7 0 0 7  0.2486772417
7 1 1 7  0.2486772417
7 2 2 7  0.2525495077
7 2 4 7  -0.0000942825
7 3 3 7  0.2525495077
7 3 5 7  -0.0000942825
7 4 2 7  -0.0000942825
7 4 4 7  0.2525495077
7 5 3 7  -0.0000942825
7 5 5 7  0.2525495077
7 6 6 7  0.2631533145
7 7 7 7  0.2631533145

 E(FCI) = -1.9777029857

 E(HF)  = -1.7060134046
