 MO Integrals

2.7416411653
0 0  -2.0666554576
1 1  -2.0666554576
2 2  -1.5992060105
3 3  -1.5992060105
4 4  -1.5783172205
5 5  -1.5783172205
6 6  -1.0625418139
7 7  -1.0625418139
0 0 0 0  0.2610125951
0 1 1 0  0.2610125951
0 2 2 0  0.2539067030
0 3 3 0  0.2539067030
0 4 4 0  0.2535527569
0 5 5 0  0.2535527569
0 6 6 0  0.2559423503
0 7 7 0  0.2559423503
0 0 2 2  0.0689594041
0 1 3 2  0.0689594041
0 2 0 2  0.0689594041
0 3 1 2  0.0689594041
0 4 6 2  0.0681385506
0 5 7 2  0.0681385506
0 6 4 2  0.0681385506
0 7 5 2  0.0681385506
0 0 4 4  0.0674438751
0 1 5 4  0.0674438751
0 2 6 4  0.0667794708
0 3 7 4  0.0667794708
0 4 0 4  0.0674438751
0 5 1 4  0.0674438751
0 6 2 4  0.0667794708
0 7 3 4  0.0667794708
0 0 6 6  0.0393196858
0 1 7 6  0.0393196858
0 2 4 6  0.0395926052
0 3 5 6  0.0395926052
0 4 2 6  0.0395926052
0 5 3 6  0.0395926052
0 6 0 6  0.0393196858
0 7 1 6  0.0393196858
1 0 0 1  0.2610125951
1 1 1 1  0.2610125951
1 2 2 1  0.2539067030
1 3 3 1  0.2539067030
1 4 4 1  0.2535527569
1 5 5 1  0.2535527569
1 6 6 1  0.2559423503
1 7 7 1  0.2559423503
1 0 2 3  0.0689594041
1 1 3 3  0.0689594041
1 2 0 3  0.0689594041
1 3 1 3  0.0689594041
1 4 6 3  0.0681385506
1 5 7 3  0.0681385506
1 6 4 3  0.0681385506
1 7 5 3  0.0681385506
1 0 4 5  0.0674438751
1 1 5 5  0.0674438751
1 2 6 5  0.0667794708
1 3 7 5  0.0667794708
1 4 0 5  0.0674438751
1 5 1 5  0.0674438751
1 6 2 5  0.0667794708
1 7 3 5  0.0667794708
1 0 6 7  0.0393196858
1 1 7 7  0.0393196858
1 2 4 7  0.0395926052
1 3 5 7  0.0395926052
1 4 2 7  0.0395926052
1 5 3 7  0.0395926052
1 6 0 7  0.0393196858
1 7 1 7  0.0393196858
2 0 2 0  0.0689594041
2 1 3 0  0.0689594041
2 2 0 0  0.0689594041
2 3 1 0  0.0689594041
2 4 6 0  0.0681385506
2 5 7 0  0.0681385506
2 6 4 0  0.0681385506
2 7 5 0  0.0681385506
2 0 0 2  0.2539067030
2 1 1 2  0.2539067030
2 2 2 2  0.2584650509
2 3 3 2  0.2584650509
2 4 4 2  0.2480563753
2 5 5 2  0.2480563753
2 6 6 2  0.2596384322
2 7 7 2  0.2596384322
2 0 6 4  0.0395926052
2 1 7 4  0.0395926052
2 2 4 4  0.0398913599
2 3 5 4  0.0398913599
2 4 2 4  0.0398913599
2 5 3 4  0.0398913599
2 6 0 4  0.0395926052
2 7 1 4  0.0395926052
2 0 4 6  0.0667794708
2 1 5 6  0.0667794708
2 2 6 6  0.0733607849
2 3 7 6  0.0733607849
2 4 0 6  0.0667794708
2 5 1 6  0.0667794708
2 6 2 6  0.0733607849
2 7 3 6  0.0733607849
3 0 2 1  0.0689594041
3 1 3 1  0.0689594041
3 2 0 1  0.0689594041
3 3 1 1  0.0689594041
3 4 6 1  0.0681385506
3 5 7 1  0.0681385506
3 6 4 1  0.0681385506
3 7 5 1  0.0681385506
3 0 0 3  0.2539067030
3 1 1 3  0.2539067030
3 2 2 3  0.2584650509
3 3 3 3  0.2584650509
3 4 4 3  0.2480563753
3 5 5 3  0.2480563753
3 6 6 3  0.2596384322
3 7 7 3  0.2596384322
3 0 6 5  0.0395926052
3 1 7 5  0.0395926052
3 2 4 5  0.0398913599
3 3 5 5  0.0398913599
3 4 2 5  0.0398913599
3 5 3 5  0.0398913599
3 6 0 5  0.0395926052
3 7 1 5  0.0395926052
3 0 4 7  0.0667794708
3 1 5 7  0.0667794708
3 2 6 7  0.0733607849
3 3 7 7  0.0733607849
3 4 0 7  0.0667794708
3 5 1 7  0.0667794708
3 6 2 7  0.0733607849
3 7 3 7  0.0733607849
4 0 4 0  0.0674438751
4 1 5 0  0.0674438751
4 2 6 0  0.0667794708
4 3 7 0  0.0667794708
4 4 0 0  0.0674438751
4 5 1 0  0.0674438751
4 6 2 0  0.0667794708
4 7 3 0  0.0667794708
4 0 6 2  0.0395926052
4 1 7 2  0.0395926052
4 2 4 2  0.0398913599
4 3 5 2  0.0398913599
4 4 2 2  0.0398913599
4 5 3 2  0.0398913599
4 6 0 2  0.0395926052
4 7 1 2  0.0395926052
4 0 0 4  0.2535527569
4 1 1 4  0.2535527569
4 2 2 4  0.2480563753
4 3 3 4  0.2480563753
4 4 4 4  0.2579294727
4 5 5 4  0.2579294727
4 6 6 4  0.2595576405
4 7 7 4  0.2595576405
4 0 2 6  0.0681385506
4 1 3 6  0.0681385506
4 2 0 6  0.0681385506
4 3 1 6  0.0681385506
4 4 6 6  0.0748645881
4 5 7 6  0.0748645881
4 6 4 6  0.0748645881
4 7 5 6  0.0748645881
5 0 4 1  0.0674438751
5 1 5 1  0.0674438751
5 2 6 1  0.0667794708
5 3 7 1  0.0667794708
5 4 0 1  0.0674438751
5 5 1 1  0.0674438751
5 6 2 1  0.0667794708
5 7 3 1  0.0667794708
5 0 6 3  0.0395926052
5 1 7 3  0.0395926052
5 2 4 3  0.0398913599
5 3 5 3  0.0398913599
5 4 2 3  0.0398913599
5 5 3 3  0.0398913599
5 6 0 3  0.0395926052
5 7 1 3  0.0395926052
5 0 0 5  0.2535527569
5 1 1 5  0.2535527569
5 2 2 5  0.2480563753
5 3 3 5  0.2480563753
5 4 4 5  0.2579294727
5 5 5 5  0.2579294727
5 6 6 5  0.2595576405
5 7 7 5  0.2595576405
5 0 2 7  0.0681385506
5 1 3 7  0.0681385506
5 2 0 7  0.0681385506
5 3 1 7  0.0681385506
5 4 6 7  0.0748645881
5 5 7 7  0.0748645881
5 6 4 7  0.0748645881
5 7 5 7  0.0748645881
6 0 6 0  0.0393196858
6 1 7 0  0.0393196858
6 2 4 0  0.0395926052
6 3 5 0  0.0395926052
6 4 2 0  0.0395926052
6 5 3 0  0.0395926052
6 6 0 0  0.0393196858
6 7 1 0  0.0393196858
6 0 4 2  0.0667794708
6 1 5 2  0.0667794708
6 2 6 2  0.0733607849
6 3 7 2  0.0733607849
6 4 0 2  0.0667794708
6 5 1 2  0.0667794708
6 6 2 2  0.0733607849
6 7 3 2  0.0733607849
6 0 2 4  0.0681385506
6 1 3 4  0.0681385506
6 2 0 4  0.0681385506
6 3 1 4  0.0681385506
6 4 6 4  0.0748645881
6 5 7 4  0.0748645881
6 6 4 4  0.0748645881
6 7 5 4  0.0748645881
6 0 0 6  0.2559423503
6 1 1 6  0.2559423503
6 2 2 6  0.2596384322
6 3 3 6  0.2596384322
6 4 4 6  0.2595576405
6 5 5 6  0.2595576405
6 6 6 6  0.2710492626
6 7 7 6  0.2710492626
7 0 6 1  0.0393196858
7 1 7 1  0.0393196858
7 2 4 1  0.0395926052
7 3 5 1  0.0395926052
7 4 2 1  0.0395926052
7 5 3 1  0.0395926052
7 6 0 1  0.0393196858
7 7 1 1  0.0393196858
7 0 4 3  0.0667794708
7 1 5 3  0.0667794708
7 2 6 3  0.0733607849
7 3 7 3  0.0733607849
7 4 0 3  0.0667794708
7 5 1 3  0.0667794708
7 6 2 3  0.0733607849
7 7 3 3  0.0733607849
7 0 2 5  0.0681385506
7 1 3 5  0.0681385506
7 2 0 5  0.0681385506
7 3 1 5  0.0681385506
7 4 6 5  0.0748645881
7 5 7 5  0.0748645881
7 6 4 5  0.0748645881
7 7 5 5  0.0748645881
7 0 0 7  0.2559423503
7 1 1 7  0.2559423503
7 2 2 7  0.2596384322
7 3 3 7  0.2596384322
7 4 4 7  0.2595576405
7 5 5 7  0.2595576405
7 6 6 7  0.2710492626
7 7 7 7  0.2710492626

 E(FCI) = -1.9368737725

 E(HF)  = -1.7957104716
