 MO Integrals

2.7776310125
0 0  -2.0836552308
1 1  -2.0836552308
2 2  -1.6178728985
3 3  -1.6178728985
4 4  -1.5752670564
5 5  -1.5752670564
6 6  -1.0571739977
7 7  -1.0571739977
0 0 0 0  0.2626482372
0 1 1 0  0.2626482372
0 2 2 0  0.2555615400
0 3 3 0  0.2555615400
0 4 4 0  0.2548453837
0 5 5 0  0.2548453837
0 6 6 0  0.2574566729
0 7 7 0  0.2574566729
0 0 2 2  0.0698075267
0 1 3 2  0.0698075267
0 2 0 2  0.0698075267
0 3 1 2  0.0698075267
0 4 6 2  0.0687728309
0 5 7 2  0.0687728309
0 6 4 2  0.0687728309
0 7 5 2  0.0687728309
0 0 4 4  0.0667616466
0 1 5 4  0.0667616466
0 2 6 4  0.0660418580
0 3 7 4  0.0660418580
0 4 0 4  0.0667616466
0 5 1 4  0.0667616466
0 6 2 4  0.0660418580
0 7 3 4  0.0660418580
0 0 6 6  0.0391592140
0 1 7 6  0.0391592140
0 2 4 6  0.0393809554
0 3 5 6  0.0393809554
0 4 2 6  0.0393809554
0 5 3 6  0.0393809554
0 6 0 6  0.0391592140
0 7 1 6  0.0391592140
1 0 0 1  0.2626482372
1 1 1 1  0.2626482372
1 2 2 1  0.2555615400
1 3 3 1  0.2555615400
1 4 4 1  0.2548453837
1 5 5 1  0.2548453837
1 6 6 1  0.2574566729
1 7 7 1  0.2574566729
1 0 2 3  0.0698075267
1 1 3 3  0.0698075267
1 2 0 3  0.0698075267
1 3 1 3  0.0698075267
1 4 6 3  0.0687728309
1 5 7 3  0.0687728309
1 6 4 3  0.0687728309
1 7 5 3  0.0687728309
1 0 4 5  0.0667616466
1 1 5 5  0.0667616466
1 2 6 5  0.0660418580
1 3 7 5  0.0660418580
1 4 0 5  0.0667616466
1 5 1 5  0.0667616466
1 6 2 5  0.0660418580
1 7 3 5  0.0660418580
1 0 6 7  0.0391592140
1 1 7 7  0.0391592140
1 2 4 7  0.0393809554
1 3 5 7  0.0393809554
1 4 2 7  0.0393809554
1 5 3 7  0.0393809554
1 6 0 7  0.0391592140
1 7 1 7  0.0391592140
2 0 2 0  0.0698075267
2 1 3 0  0.0698075267
2 2 0 0  0.0698075267
2 3 1 0  0.0698075267
2 4 6 0  0.0687728309
2 5 7 0  0.0687728309
2 6 4 0  0.0687728309
2 7 5 0  0.0687728309
2 0 0 2  0.2555615400
2 1 1 2  0.2555615400
2 2 2 2  0.2602785701
2 3 3 2  0.2602785701
2 4 4 2  0.2493200460
2 5 5 2  0.2493200460
2 6 6 2  0.2611603561
2 7 7 2  0.2611603561
2 0 6 4  0.0393809554
2 1 7 4  0.0393809554
2 2 4 4  0.0396280330
2 3 5 4  0.0396280330
2 4 2 4  0.0396280330
2 5 3 4  0.0396280330
2 6 0 4  0.0393809554
2 7 1 4  0.0393809554
2 0 4 6  0.0660418580
2 1 5 6  0.0660418580
2 2 6 6  0.0725377665
2 3 7 6  0.0725377665
2 4 0 6  0.0660418580
2 5 1 6  0.0660418580
2 6 2 6  0.0725377665
2 7 3 6  0.0725377665
3 0 2 1  0.0698075267
3 1 3 1  0.0698075267
3 2 0 1  0.0698075267
3 3 1 1  0.0698075267
3 4 6 1  0.0687728309
3 5 7 1  0.0687728309
3 6 4 1  0.0687728309
3 7 5 1  0.0687728309
3 0 0 3  0.2555615400
3 1 1 3  0.2555615400
3 2 2 3  0.2602785701
3 3 3 3  0.2602785701
3 4 4 3  0.2493200460
3 5 5 3  0.2493200460
3 6 6 3  0.2611603561
3 7 7 3  0.2611603561
3 0 6 5  0.0393809554
3 1 7 5  0.0393809554
3 2 4 5  0.0396280330
3 3 5 5  0.0396280330
3 4 2 5  0.0396280330
3 5 3 5  0.0396280330
3 6 0 5  0.0393809554
3 7 1 5  0.0393809554
3 0 4 7  0.0660418580
3 1 5 7  0.0660418580
3 2 6 7  0.0725377665
3 3 7 7  0.0725377665
3 4 0 7  0.0660418580
3 5 1 7  0.0660418580
3 6 2 7  0.0725377665
3 7 3 7  0.0725377665
4 0 4 0  0.0667616466
4 1 5 0  0.0667616466
4 2 6 0  0.0660418580
4 3 7 0  0.0660418580
4 4 0 0  0.0667616466
4 5 1 0  0.0667616466
4 6 2 0  0.0660418580
4 7 3 0  0.0660418580
4 0 6 2  0.0393809554
4 1 7 2  0.0393809554
4 2 4 2  0.0396280330
4 3 5 2  0.0396280330
4 4 2 2  0.0396280330
4 5 3 2  0.0396280330
4 6 0 2  0.0393809554
4 7 1 2  0.0393809554
4 0 0 4  0.2548453837
4 1 1 4  0.2548453837
4 2 2 4  0.2493200460
4 3 3 4  0.2493200460
4 4 4 4  0.2591806988
4 5 5 4  0.2591806988
4 6 6 4  0.2609847974
4 7 7 4  0.2609847974
4 0 2 6  0.0687728309
4 1 3 6  0.0687728309
4 2 0 6  0.0687728309
4 3 1 6  0.0687728309
4 4 6 6  0.0755543910
4 5 7 6  0.0755543910
4 6 4 6  0.0755543910
4 7 5 6  0.0755543910
5 0 4 1  0.0667616466
5 1 5 1  0.0667616466
5 2 6 1  0.0660418580
5 3 7 1  0.0660418580
5 4 0 1  0.0667616466
5 5 1 1  0.0667616466
5 6 2 1  0.0660418580
5 7 3 1  0.0660418580
5 0 6 3  0.0393809554
5 1 7 3  0.0393809554
5 2 4 3  0.0396280330
5 3 5 3  0.0396280330
5 4 2 3  0.0396280330
5 5 3 3  0.0396280330
5 6 0 3  0.0393809554
5 7 1 3  0.0393809554
5 0 0 5  0.2548453837
5 1 1 5  0.2548453837
5 2 2 5  0.2493200460
5 3 3 5  0.2493200460
5 4 4 5  0.2591806988
5 5 5 5  0.2591806988
5 6 6 5  0.2609847974
5 7 7 5  0.2609847974
5 0 2 7  0.0687728309
5 1 3 7  0.0687728309
5 2 0 7  0.0687728309
5 3 1 7  0.0687728309
5 4 6 7  0.0755543910
5 5 7 7  0.0755543910
5 6 4 7  0.0755543910
5 7 5 7  0.0755543910
6 0 6 0  0.0391592140
6 1 7 0  0.0391592140
6 2 4 0  0.0393809554
6 3 5 0  0.0393809554
6 4 2 0  0.0393809554
6 5 3 0  0.0393809554
6 6 0 0  0.0391592140
6 7 1 0  0.0391592140
6 0 4 2  0.0660418580
6 1 5 2  0.0660418580
6 2 6 2  0.0725377665
6 3 7 2  0.0725377665
6 4 0 2  0.0660418580
6 5 1 2  0.0660418580
6 6 2 2  0.0725377665
6 7 3 2  0.0725377665
6 0 2 4  0.0687728309
6 1 3 4  0.0687728309
6 2 0 4  0.0687728309
6 3 1 4  0.0687728309
6 4 6 4  0.0755543910
6 5 7 4  0.0755543910
6 6 4 4  0.0755543910
6 7 5 4  0.0755543910
6 0 0 6  0.2574566729
6 1 1 6  0.2574566729
6 2 2 6  0.2611603561
6 3 3 6  0.2611603561
6 4 4 6  0.2609847974
6 5 5 6  0.2609847974
6 6 6 6  0.2726921744
6 7 7 6  0.2726921744
7 0 6 1  0.0391592140
7 1 7 1  0.0391592140
7 2 4 1  0.0393809554
7 3 5 1  0.0393809554
7 4 2 1  0.0393809554
7 5 3 1  0.0393809554
7 6 0 1  0.0391592140
7 7 1 1  0.0391592140
7 0 4 3  0.0660418580
7 1 5 3  0.0660418580
7 2 6 3  0.0725377665
7 3 7 3  0.0725377665
7 4 0 3  0.0660418580
7 5 1 3  0.0660418580
7 6 2 3  0.0725377665
7 7 3 3  0.0725377665
7 0 2 5  0.0687728309
7 1 3 5  0.0687728309
7 2 0 5  0.0687728309
7 3 1 5  0.0687728309
7 4 6 5  0.0755543910
7 5 7 5  0.0755543910
7 6 4 5  0.0755543910
7 7 5 5  0.0755543910
7 0 0 7  0.2574566729
7 1 1 7  0.2574566729
7 2 2 7  0.2611603561
7 3 3 7  0.2611603561
7 4 4 7  0.2609847974
7 5 5 7  0.2609847974
7 6 6 7  0.2726921744
7 7 7 7  0.2726921744

 E(FCI) = -1.9381157132

 E(HF)  = -1.8143094187
