 MO Integrals

3.0308688094
0 0  -2.1913748959
1 1  -2.1913748959
2 2  -1.7379188700
3 3  -1.7379188700
4 4  -1.5448925610
5 5  -1.5448925610
6 6  -1.0079074397
7 7  -1.0079074397
0 0 0 0  0.2725635435
0 1 1 0  0.2725635435
0 2 2 0  0.2658144364
0 3 3 0  0.2658144364
0 4 4 0  0.2628235527
0 5 5 0  0.2628235527
0 6 6 0  0.2669499269
0 7 7 0  0.2669499269
0 0 2 2  0.0752826286
0 1 3 2  0.0752826286
0 2 0 2  0.0752826286
0 3 1 2  0.0752826286
0 4 6 2  0.0729742690
0 5 7 2  0.0729742690
0 6 4 2  0.0729742690
0 7 5 2  0.0729742690
0 0 4 4  0.0628219371
0 1 5 4  0.0628219371
0 2 6 4  0.0617616588
0 3 7 4  0.0617616588
0 4 0 4  0.0628219371
0 5 1 4  0.0628219371
0 6 2 4  0.0617616588
0 7 3 4  0.0617616588
0 0 6 6  0.0382212444
0 1 7 6  0.0382212444
0 2 4 6  0.0381207134
0 3 5 6  0.0381207134
0 4 2 6  0.0381207134
0 5 3 6  0.0381207134
0 6 0 6  0.0382212444
0 7 1 6  0.0382212444
1 0 0 1  0.2725635435
1 1 1 1  0.2725635435
1 2 2 1  0.2658144364
1 3 3 1  0.2658144364
1 4 4 1  0.2628235527
1 5 5 1  0.2628235527
1 6 6 1  0.2669499269
1 7 7 1  0.2669499269
1 0 2 3  0.0752826286
1 1 3 3  0.0752826286
1 2 0 3  0.0752826286
1 3 1 3  0.0752826286
1 4 6 3  0.0729742690
1 5 7 3  0.0729742690
1 6 4 3  0.0729742690
1 7 5 3  0.0729742690
1 0 4 5  0.0628219371
1 1 5 5  0.0628219371
1 2 6 5  0.0617616588
1 3 7 5  0.0617616588
1 4 0 5  0.0628219371
1 5 1 5  0.0628219371
1 6 2 5  0.0617616588
1 7 3 5  0.0617616588
1 0 6 7  0.0382212444
1 1 7 7  0.0382212444
1 2 4 7  0.0381207134
1 3 5 7  0.0381207134
1 4 2 7  0.0381207134
1 5 3 7  0.0381207134
1 6 0 7  0.0382212444
1 7 1 7  0.0382212444
2 0 2 0  0.0752826286
2 1 3 0  0.0752826286
2 2 0 0  0.0752826286
2 3 1 0  0.0752826286
2 4 6 0  0.0729742690
2 5 7 0  0.0729742690
2 6 4 0  0.0729742690
2 7 5 0  0.0729742690
2 0 0 2  0.2658144364
2 1 1 2  0.2658144364
2 2 2 2  0.2717778853
2 3 3 2  0.2717778853
2 4 4 2  0.2572985329
2 5 5 2  0.2572985329
2 6 6 2  0.2708971702
2 7 7 2  0.2708971702
2 0 6 4  0.0381207134
2 1 7 4  0.0381207134
2 2 4 4  0.0380468945
2 3 5 4  0.0380468945
2 4 2 4  0.0380468945
2 5 3 4  0.0380468945
2 6 0 4  0.0381207134
2 7 1 4  0.0381207134
2 0 4 6  0.0617616588
2 1 5 6  0.0617616588
2 2 6 6  0.0677403345
2 3 7 6  0.0677403345
2 4 0 6  0.0617616588
2 5 1 6  0.0617616588
2 6 2 6  0.0677403345
2 7 3 6  0.0677403345
3 0 2 1  0.0752826286
3 1 3 1  0.0752826286
3 2 0 1  0.0752826286
3 3 1 1  0.0752826286
3 4 6 1  0.0729742690
3 5 7 1  0.0729742690
3 6 4 1  0.0729742690
3 7 5 1  0.0729742690
3 0 0 3  0.2658144364
3 1 1 3  0.2658144364
3 2 2 3  0.2717778853
3 3 3 3  0.2717778853
3 4 4 3  0.2572985329
3 5 5 3  0.2572985329
3 6 6 3  0.2708971702
3 7 7 3  0.2708971702
3 0 6 5  0.0381207134
3 1 7 5  0.0381207134
3 2 4 5  0.0380468945
3 3 5 5  0.0380468945
3 4 2 5  0.0380468945
3 5 3 5  0.0380468945
3 6 0 5  0.0381207134
3 7 1 5  0.0381207134
3 0 4 7  0.0617616588
3 1 5 7  0.0617616588
3 2 6 7  0.0677403345
3 3 7 7  0.0677403345
3 4 0 7  0.0617616588
3 5 1 7  0.0617616588
3 6 2 7  0.0677403345
3 7 3 7  0.0677403345
4 0 4 0  0.0628219371
4 1 5 0  0.0628219371
4 2 6 0  0.0617616588
4 3 7 0  0.0617616588
4 4 0 0  0.0628219371
4 5 1 0  0.0628219371
4 6 2 0  0.0617616588
4 7 3 0  0.0617616588
4 0 6 2  0.0381207134
4 1 7 2  0.0381207134
4 2 4 2  0.0380468945
4 3 5 2  0.0380468945
4 4 2 2  0.0380468945
4 5 3 2  0.0380468945
4 6 0 2  0.0381207134
4 7 1 2  0.0381207134
4 0 0 4  0.2628235527
4 1 1 4  0.2628235527
4 2 2 4  0.2572985329
4 3 3 4  0.2572985329
4 4 4 4  0.2668407780
4 5 5 4  0.2668407780
4 6 6 4  0.2698608979
4 7 7 4  0.2698608979
4 0 2 6  0.0729742690
4 1 3 6  0.0729742690
4 2 0 6  0.0729742690
4 3 1 6  0.0729742690
4 4 6 6  0.0800049244
4 5 7 6  0.0800049244
4 6 4 6  0.0800049244
4 7 5 6  0.0800049244
5 0 4 1  0.0628219371
5 1 5 1  0.0628219371
5 2 6 1  0.0617616588
5 3 7 1  0.0617616588
5 4 0 1  0.0628219371
5 5 1 1  0.0628219371
5 6 2 1  0.0617616588
5 7 3 1  0.0617616588
5 0 6 3  0.0381207134
5 1 7 3  0.0381207134
5 2 4 3  0.0380468945
5 3 5 3  0.0380468945
5 4 2 3  0.0380468945
5 5 3 3  0.0380468945
5 6 0 3  0.0381207134
5 7 1 3  0.0381207134
5 0 0 5  0.2628235527
5 1 1 5  0.2628235527
5 2 2 5  0.2572985329
5 3 3 5  0.2572985329
5 4 4 5  0.2668407780
5 5 5 5  0.2668407780
5 6 6 5  0.2698608979
5 7 7 5  0.2698608979
5 0 2 7  0.0729742690
5 1 3 7  0.0729742690
5 2 0 7  0.0729742690
5 3 1 7  0.0729742690
5 4 6 7  0.0800049244
5 5 7 7  0.0800049244
5 6 4 7  0.0800049244
5 7 5 7  0.0800049244
6 0 6 0  0.0382212444
6 1 7 0  0.0382212444
6 2 4 0  0.0381207134
6 3 5 0  0.0381207134
6 4 2 0  0.0381207134
6 5 3 0  0.0381207134
6 6 0 0  0.0382212444
6 7 1 0  0.0382212444
6 0 4 2  0.0617616588
6 1 5 2  0.0617616588
6 2 6 2  0.0677403345
6 3 7 2  0.0677403345
6 4 0 2  0.0617616588
6 5 1 2  0.0617616588
6 6 2 2  0.0677403345
6 7 3 2  0.0677403345
6 0 2 4  0.0729742690
6 1 3 4  0.0729742690
6 2 0 4  0.0729742690
6 3 1 4  0.0729742690
6 4 6 4  0.0800049244
6 5 7 4  0.0800049244
6 6 4 4  0.0800049244
6 7 5 4  0.0800049244
6 0 0 6  0.2669499269
6 1 1 6  0.2669499269
6 2 2 6  0.2708971702
6 3 3 6  0.2708971702
6 4 4 6  0.2698608979
6 5 5 6  0.2698608979
6 6 6 6  0.2830337026
6 7 7 6  0.2830337026
7 0 6 1  0.0382212444
7 1 7 1  0.0382212444
7 2 4 1  0.0381207134
7 3 5 1  0.0381207134
7 4 2 1  0.0381207134
7 5 3 1  0.0381207134
7 6 0 1  0.0382212444
7 7 1 1  0.0382212444
7 0 4 3  0.0617616588
7 1 5 3  0.0617616588
7 2 6 3  0.0677403345
7 3 7 3  0.0677403345
7 4 0 3  0.0617616588
7 5 1 3  0.0617616588
7 6 2 3  0.0677403345
7 7 3 3  0.0677403345
7 0 2 5  0.0729742690
7 1 3 5  0.0729742690
7 2 0 5  0.0729742690
7 3 1 5  0.0729742690
7 4 6 5  0.0800049244
7 5 7 5  0.0800049244
7 6 4 5  0.0800049244
7 7 5 5  0.0800049244
7 0 0 7  0.2669499269
7 1 1 7  0.2669499269
7 2 2 7  0.2708971702
7 3 3 7  0.2708971702
7 4 4 7  0.2698608979
7 5 5 7  0.2698608979
7 6 6 7  0.2830337026
7 7 7 7  0.2830337026

 E(FCI) = -1.9842497303

 E(HF)  = -1.9136508885
