2.7071067812
0 0  -2.0499328923
1 1  -2.0499328923
2 2  -1.5809028857
3 3  -1.5809028857
4 4  -1.5809028857
5 5  -1.5809028857
6 6  -1.0672861848
7 7  -1.0672861848
0 0 0 0  0.2593868869
0 1 1 0  0.2593868869
0 2 2 0  0.2522722296
0 3 3 0  0.2522722296
0 4 4 0  0.2522722296
0 5 5 0  0.2522722296
0 6 6 0  0.2544481761
0 7 7 0  0.2544481761
0 0 2 2  0.0681322188
0 1 3 2  0.0681322188
0 2 0 2  0.0681322188
0 2 6 2  -0.0675224792
0 3 1 2  0.0681322188
0 3 7 2  -0.0675224792
0 4 6 2  0.0000726051
0 5 7 2  0.0000726051
0 6 2 2  -0.0675224792
0 6 4 2  0.0000726051
0 7 3 2  -0.0675224792
0 7 5 2  0.0000726051
0 0 4 4  0.0681322188
0 1 5 4  0.0681322188
0 2 6 4  0.0000726051
0 3 7 4  0.0000726051
0 4 0 4  0.0681322188
0 4 6 4  0.0675224792
0 5 1 4  0.0681322188
0 5 7 4  0.0675224792
0 6 2 4  0.0000726051
0 6 4 4  0.0675224792
0 7 3 4  0.0000726051
0 7 5 4  0.0675224792
0 0 6 6  0.0394812190
0 1 7 6  0.0394812190
0 2 2 6  -0.0398041431
0 2 4 6  0.0000428003
0 3 3 6  -0.0398041431
0 3 5 6  0.0000428003
0 4 2 6  0.0000428003
0 4 4 6  0.0398041431
0 5 3 6  0.0000428003
0 5 5 6  0.0398041431
0 6 0 6  0.0394812190
0 7 1 6  0.0394812190
1 0 0 1  0.2593868869
1 1 1 1  0.2593868869
1 2 2 1  0.2522722296
1 3 3 1  0.2522722296
1 4 4 1  0.2522722296
1 5 5 1  0.2522722296
1 6 6 1  0.2544481761
1 7 7 1  0.2544481761
1 0 2 3  0.0681322188
1 1 3 3  0.0681322188
1 2 0 3  0.0681322188
1 2 6 3  -0.0675224792
1 3 1 3  0.0681322188
1 3 7 3  -0.0675224792
1 4 6 3  0.0000726051
1 5 7 3  0.0000726051
1 6 2 3  -0.0675224792
1 6 4 3  0.0000726051
1 7 3 3  -0.0675224792
1 7 5 3  0.0000726051
1 0 4 5  0.0681322188
1 1 5 5  0.0681322188
1 2 6 5  0.0000726051
1 3 7 5  0.0000726051
1 4 0 5  0.0681322188
1 4 6 5  0.0675224792
1 5 1 5  0.0681322188
1 5 7 5  0.0675224792
1 6 2 5  0.0000726051
1 6 4 5  0.0675224792
1 7 3 5  0.0000726051
1 7 5 5  0.0675224792
1 0 6 7  0.0394812190
1 1 7 7  0.0394812190
1 2 2 7  -0.0398041431
1 2 4 7  0.0000428003
1 3 3 7  -0.0398041431
1 3 5 7  0.0000428003
1 4 2 7  0.0000428003
1 4 4 7  0.0398041431
1 5 3 7  0.0000428003
1 5 5 7  0.0398041431
1 6 0 7  0.0394812190
1 7 1 7  0.0394812190
2 0 2 0  0.0681322188
2 1 3 0  0.0681322188
2 2 0 0  0.0681322188
2 2 6 0  -0.0675224792
2 3 1 0  0.0681322188
2 3 7 0  -0.0675224792
2 4 6 0  0.0000726051
2 5 7 0  0.0000726051
2 6 2 0  -0.0675224792
2 6 4 0  0.0000726051
2 7 3 0  -0.0675224792
2 7 5 0  0.0000726051
2 0 0 2  0.2522722296
2 0 6 2  -0.0398041431
2 1 1 2  0.2522722296
2 1 7 2  -0.0398041431
2 2 2 2  0.2919027996
2 2 4 2  -0.0000378673
2 3 3 2  0.2919027996
2 3 5 2  -0.0000378673
2 4 2 2  -0.0000378673
2 4 4 2  0.2115956559
2 5 3 2  -0.0000378673
2 5 5 2  0.2115956559
2 6 0 2  -0.0398041431
2 6 6 2  0.2581451200
2 7 1 2  -0.0398041431
2 7 7 2  0.2581451200
2 0 6 4  0.0000428003
2 1 7 4  0.0000428003
2 2 2 4  -0.0000378673
2 2 4 4  0.0049371435
2 3 3 4  -0.0000378673
2 3 5 4  0.0049371435
2 4 2 4  0.0049371435
2 4 4 4  0.0000378673
2 5 3 4  0.0049371435
2 5 5 4  0.0000378673
2 6 0 4  0.0000428003
2 7 1 4  0.0000428003
2 0 2 6  -0.0675224792
2 0 4 6  0.0000726051
2 1 3 6  -0.0675224792
2 1 5 6  0.0000726051
2 2 0 6  -0.0675224792
2 2 6 6  0.0741886139
2 3 1 6  -0.0675224792
2 3 7 6  0.0741886139
2 4 0 6  0.0000726051
2 5 1 6  0.0000726051
2 6 2 6  0.0741886139
2 7 3 6  0.0741886139
3 0 2 1  0.0681322188
3 1 3 1  0.0681322188
3 2 0 1  0.0681322188
3 2 6 1  -0.0675224792
3 3 1 1  0.0681322188
3 3 7 1  -0.0675224792
3 4 6 1  0.0000726051
3 5 7 1  0.0000726051
3 6 2 1  -0.0675224792
3 6 4 1  0.0000726051
3 7 3 1  -0.0675224792
3 7 5 1  0.0000726051
3 0 0 3  0.2522722296
3 0 6 3  -0.0398041431
3 1 1 3  0.2522722296
3 1 7 3  -0.0398041431
3 2 2 3  0.2919027996
3 2 4 3  -0.0000378673
3 3 3 3  0.2919027996
3 3 5 3  -0.0000378673
3 4 2 3  -0.0000378673
3 4 4 3  0.2115956559
3 5 3 3  -0.0000378673
3 5 5 3  0.2115956559
3 6 0 3  -0.0398041431
3 6 6 3  0.2581451200
3 7 1 3  -0.0398041431
3 7 7 3  0.2581451200
3 0 6 5  0.0000428003
3 1 7 5  0.0000428003
3 2 2 5  -0.0000378673
3 2 4 5  0.0049371435
3 3 3 5  -0.0000378673
3 3 5 5  0.0049371435
3 4 2 5  0.0049371435
3 4 4 5  0.0000378673
3 5 3 5  0.0049371435
3 5 5 5  0.0000378673
3 6 0 5  0.0000428003
3 7 1 5  0.0000428003
3 0 2 7  -0.0675224792
3 0 4 7  0.0000726051
3 1 3 7  -0.0675224792
3 1 5 7  0.0000726051
3 2 0 7  -0.0675224792
3 2 6 7  0.0741886139
3 3 1 7  -0.0675224792
3 3 7 7  0.0741886139
3 4 0 7  0.0000726051
3 5 1 7  0.0000726051
3 6 2 7  0.0741886139
3 7 3 7  0.0741886139
4 0 4 0  0.0681322188
4 1 5 0  0.0681322188
4 2 6 0  0.0000726051
4 3 7 0  0.0000726051
4 4 0 0  0.0681322188
4 4 6 0  0.0675224792
4 5 1 0  0.0681322188
4 5 7 0  0.0675224792
4 6 2 0  0.0000726051
4 6 4 0  0.0675224792
4 7 3 0  0.0000726051
4 7 5 0  0.0675224792
4 0 6 2  0.0000428003
4 1 7 2  0.0000428003
4 2 2 2  -0.0000378673
4 2 4 2  0.0049371435
4 3 3 2  -0.0000378673
4 3 5 2  0.0049371435
4 4 2 2  0.0049371435
4 4 4 2  0.0000378673
4 5 3 2  0.0049371435
4 5 5 2  0.0000378673
4 6 0 2  0.0000428003
4 7 1 2  0.0000428003
4 0 0 4  0.2522722296
4 0 6 4  0.0398041431
4 1 1 4  0.2522722296
4 1 7 4  0.0398041431
4 2 2 4  0.2115956559
4 2 4 4  0.0000378673
4 3 3 4  0.2115956559
4 3 5 4  0.0000378673
4 4 2 4  0.0000378673
4 4 4 4  0.2919027996
4 5 3 4  0.0000378673
4 5 5 4  0.2919027996
4 6 0 4  0.0398041431
4 6 6 4  0.2581451200
4 7 1 4  0.0398041431
4 7 7 4  0.2581451200
4 0 2 6  0.0000726051
4 0 4 6  0.0675224792
4 1 3 6  0.0000726051
4 1 5 6  0.0675224792
4 2 0 6  0.0000726051
4 3 1 6  0.0000726051
4 4 0 6  0.0675224792
4 4 6 6  0.0741886139
4 5 1 6  0.0675224792
4 5 7 6  0.0741886139
4 6 4 6  0.0741886139
4 7 5 6  0.0741886139
5 0 4 1  0.0681322188
5 1 5 1  0.0681322188
5 2 6 1  0.0000726051
5 3 7 1  0.0000726051
5 4 0 1  0.0681322188
5 4 6 1  0.0675224792
5 5 1 1  0.0681322188
5 5 7 1  0.0675224792
5 6 2 1  0.0000726051
5 6 4 1  0.0675224792
5 7 3 1  0.0000726051
5 7 5 1  0.0675224792
5 0 6 3  0.0000428003
5 1 7 3  0.0000428003
5 2 2 3  -0.0000378673
5 2 4 3  0.0049371435
5 3 3 3  -0.0000378673
5 3 5 3  0.0049371435
5 4 2 3  0.0049371435
5 4 4 3  0.0000378673
5 5 3 3  0.0049371435
5 5 5 3  0.0000378673
5 6 0 3  0.0000428003
5 7 1 3  0.0000428003
5 0 0 5  0.2522722296
5 0 6 5  0.0398041431
5 1 1 5  0.2522722296
5 1 7 5  0.0398041431
5 2 2 5  0.2115956559
5 2 4 5  0.0000378673
5 3 3 5  0.2115956559
5 3 5 5  0.0000378673
5 4 2 5  0.0000378673
5 4 4 5  0.2919027996
5 5 3 5  0.0000378673
5 5 5 5  0.2919027996
5 6 0 5  0.0398041431
5 6 6 5  0.2581451200
5 7 1 5  0.0398041431
5 7 7 5  0.2581451200
5 0 2 7  0.0000726051
5 0 4 7  0.0675224792
5 1 3 7  0.0000726051
5 1 5 7  0.0675224792
5 2 0 7  0.0000726051
5 3 1 7  0.0000726051
5 4 0 7  0.0675224792
5 4 6 7  0.0741886139
5 5 1 7  0.0675224792
5 5 7 7  0.0741886139
5 6 4 7  0.0741886139
5 7 5 7  0.0741886139
6 0 6 0  0.0394812190
6 1 7 0  0.0394812190
6 2 2 0  -0.0398041431
6 2 4 0  0.0000428003
6 3 3 0  -0.0398041431
6 3 5 0  0.0000428003
6 4 2 0  0.0000428003
6 4 4 0  0.0398041431
6 5 3 0  0.0000428003
6 5 5 0  0.0398041431
6 6 0 0  0.0394812190
6 7 1 0  0.0394812190
6 0 2 2  -0.0675224792
6 0 4 2  0.0000726051
6 1 3 2  -0.0675224792
6 1 5 2  0.0000726051
6 2 0 2  -0.0675224792
6 2 6 2  0.0741886139
6 3 1 2  -0.0675224792
6 3 7 2  0.0741886139
6 4 0 2  0.0000726051
6 5 1 2  0.0000726051
6 6 2 2  0.0741886139
6 7 3 2  0.0741886139
6 0 2 4  0.0000726051
6 0 4 4  0.0675224792
6 1 3 4  0.0000726051
6 1 5 4  0.0675224792
6 2 0 4  0.0000726051
6 3 1 4  0.0000726051
6 4 0 4  0.0675224792
6 4 6 4  0.0741886139
6 5 1 4  0.0675224792
6 5 7 4  0.0741886139
6 6 4 4  0.0741886139
6 7 5 4  0.0741886139
6 0 0 6  0.2544481761
6 1 1 6  0.2544481761
6 2 2 6  0.2581451200
6 3 3 6  0.2581451200
6 4 4 6  0.2581451200
6 5 5 6  0.2581451200
6 6 6 6  0.2694278614
6 7 7 6  0.2694278614
7 0 6 1  0.0394812190
7 1 7 1  0.0394812190
7 2 2 1  -0.0398041431
7 2 4 1  0.0000428003
7 3 3 1  -0.0398041431
7 3 5 1  0.0000428003
7 4 2 1  0.0000428003
7 4 4 1  0.0398041431
7 5 3 1  0.0000428003
7 5 5 1  0.0398041431
7 6 0 1  0.0394812190
7 7 1 1  0.0394812190
7 0 2 3  -0.0675224792
7 0 4 3  0.0000726051
7 1 3 3  -0.0675224792
7 1 5 3  0.0000726051
7 2 0 3  -0.0675224792
7 2 6 3  0.0741886139
7 3 1 3  -0.0675224792
7 3 7 3  0.0741886139
7 4 0 3  0.0000726051
7 5 1 3  0.0000726051
7 6 2 3  0.0741886139
7 7 3 3  0.0741886139
7 0 2 5  0.0000726051
7 0 4 5  0.0675224792
7 1 3 5  0.0000726051
7 1 5 5  0.0675224792
7 2 0 5  0.0000726051
7 3 1 5  0.0000726051
7 4 0 5  0.0675224792
7 4 6 5  0.0741886139
7 5 1 5  0.0675224792
7 5 7 5  0.0741886139
7 6 4 5  0.0741886139
7 7 5 5  0.0741886139
7 0 0 7  0.2544481761
7 1 1 7  0.2544481761
7 2 2 7  0.2581451200
7 3 3 7  0.2581451200
7 4 4 7  0.2581451200
7 5 5 7  0.2581451200
7 6 6 7  0.2694278614
7 7 7 7  0.2694278614