 MO Integrals

2.5817637031
0 0  -1.9858395564
1 1  -1.9858395564
2 2  -1.5872179575
3 3  -1.5872179575
4 4  -1.5112193854
5 5  -1.5112193854
6 6  -1.0808852133
7 7  -1.0808852133
0 0 0 0  0.2530165372
0 1 1 0  0.2530165372
0 2 2 0  0.2472808678
0 3 3 0  0.2472808678
0 4 4 0  0.2459680479
0 5 5 0  0.2459680479
0 6 6 0  0.2486772417
0 7 7 0  0.2486772417
0 0 2 2  0.0709366817
0 1 3 2  0.0709366817
0 2 0 2  0.0709366817
0 3 1 2  0.0709366817
0 4 6 2  0.0705365650
0 5 7 2  0.0705365650
0 6 4 2  0.0705365650
0 7 5 2  0.0705365650
0 0 4 4  0.0650464152
0 1 5 4  0.0650464152
0 2 6 4  0.0652357980
0 3 7 4  0.0652357980
0 4 0 4  0.0650464152
0 5 1 4  0.0650464152
0 6 2 4  0.0652357980
0 7 3 4  0.0652357980
0 0 6 6  0.0401357089
0 1 7 6  0.0401357089
0 2 4 6  0.0406449186
0 3 5 6  0.0406449186
0 4 2 6  0.0406449186
0 5 3 6  0.0406449186
0 6 0 6  0.0401357089
0 7 1 6  0.0401357089
1 0 0 1  0.2530165372
1 1 1 1  0.2530165372
1 2 2 1  0.2472808678
1 3 3 1  0.2472808678
1 4 4 1  0.2459680479
1 5 5 1  0.2459680479
1 6 6 1  0.2486772417
1 7 7 1  0.2486772417
1 0 2 3  0.0709366817
1 1 3 3  0.0709366817
1 2 0 3  0.0709366817
1 3 1 3  0.0709366817
1 4 6 3  0.0705365650
1 5 7 3  0.0705365650
1 6 4 3  0.0705365650
1 7 5 3  0.0705365650
1 0 4 5  0.0650464152
1 1 5 5  0.0650464152
1 2 6 5  0.0652357980
1 3 7 5  0.0652357980
1 4 0 5  0.0650464152
1 5 1 5  0.0650464152
1 6 2 5  0.0652357980
1 7 3 5  0.0652357980
1 0 6 7  0.0401357089
1 1 7 7  0.0401357089
1 2 4 7  0.0406449186
1 3 5 7  0.0406449186
1 4 2 7  0.0406449186
1 5 3 7  0.0406449186
1 6 0 7  0.0401357089
1 7 1 7  0.0401357089
2 0 2 0  0.0709366817
2 1 3 0  0.0709366817
2 2 0 0  0.0709366817
2 3 1 0  0.0709366817
2 4 6 0  0.0705365650
2 5 7 0  0.0705365650
2 6 4 0  0.0705365650
2 7 5 0  0.0705365650
2 0 0 2  0.2472808678
2 1 1 2  0.2472808678
2 2 2 2  0.2518028319
2 3 3 2  0.2518028319
2 4 4 2  0.2420318137
2 5 5 2  0.2420318137
2 6 6 2  0.2526437907
2 7 7 2  0.2526437907
2 0 6 4  0.0406449186
2 1 7 4  0.0406449186
2 2 4 4  0.0411844866
2 3 5 4  0.0411844866
2 4 2 4  0.0411844866
2 5 3 4  0.0411844866
2 6 0 4  0.0406449186
2 7 1 4  0.0406449186
2 0 4 6  0.0652357980
2 1 5 6  0.0652357980
2 2 6 6  0.0716193686
2 3 7 6  0.0716193686
2 4 0 6  0.0652357980
2 5 1 6  0.0652357980
2 6 2 6  0.0716193686
2 7 3 6  0.0716193686
3 0 2 1  0.0709366817
3 1 3 1  0.0709366817
3 2 0 1  0.0709366817
3 3 1 1  0.0709366817
3 4 6 1  0.0705365650
3 5 7 1  0.0705365650
3 6 4 1  0.0705365650
3 7 5 1  0.0705365650
3 0 0 3  0.2472808678
3 1 1 3  0.2472808678
3 2 2 3  0.2518028319
3 3 3 3  0.2518028319
3 4 4 3  0.2420318137
3 5 5 3  0.2420318137
3 6 6 3  0.2526437907
3 7 7 3  0.2526437907
3 0 6 5  0.0406449186
3 1 7 5  0.0406449186
3 2 4 5  0.0411844866
3 3 5 5  0.0411844866
3 4 2 5  0.0411844866
3 5 3 5  0.0411844866
3 6 0 5  0.0406449186
3 7 1 5  0.0406449186
3 0 4 7  0.0652357980
3 1 5 7  0.0652357980
3 2 6 7  0.0716193686
3 3 7 7  0.0716193686
3 4 0 7  0.0652357980
3 5 1 7  0.0652357980
3 6 2 7  0.0716193686
3 7 3 7  0.0716193686
4 0 4 0  0.0650464152
4 1 5 0  0.0650464152
4 2 6 0  0.0652357980
4 3 7 0  0.0652357980
4 4 0 0  0.0650464152
4 5 1 0  0.0650464152
4 6 2 0  0.0652357980
4 7 3 0  0.0652357980
4 0 6 2  0.0406449186
4 1 7 2  0.0406449186
4 2 4 2  0.0411844866
4 3 5 2  0.0411844866
4 4 2 2  0.0411844866
4 5 3 2  0.0411844866
4 6 0 2  0.0406449186
4 7 1 2  0.0406449186
4 0 0 4  0.2459680479
4 1 1 4  0.2459680479
4 2 2 4  0.2420318137
4 3 3 4  0.2420318137
4 4 4 4  0.2499492018
4 5 5 4  0.2499492018
4 6 6 4  0.2524552253
4 7 7 4  0.2524552253
4 0 2 6  0.0705365650
4 1 3 6  0.0705365650
4 2 0 6  0.0705365650
4 3 1 6  0.0705365650
4 4 6 6  0.0775321766
4 5 7 6  0.0775321766
4 6 4 6  0.0775321766
4 7 5 6  0.0775321766
5 0 4 1  0.0650464152
5 1 5 1  0.0650464152
5 2 6 1  0.0652357980
5 3 7 1  0.0652357980
5 4 0 1  0.0650464152
5 5 1 1  0.0650464152
5 6 2 1  0.0652357980
5 7 3 1  0.0652357980
5 0 6 3  0.0406449186
5 1 7 3  0.0406449186
5 2 4 3  0.0411844866
5 3 5 3  0.0411844866
5 4 2 3  0.0411844866
5 5 3 3  0.0411844866
5 6 0 3  0.0406449186
5 7 1 3  0.0406449186
5 0 0 5  0.2459680479
5 1 1 5  0.2459680479
5 2 2 5  0.2420318137
5 3 3 5  0.2420318137
5 4 4 5  0.2499492018
5 5 5 5  0.2499492018
5 6 6 5  0.2524552253
5 7 7 5  0.2524552253
5 0 2 7  0.0705365650
5 1 3 7  0.0705365650
5 2 0 7  0.0705365650
5 3 1 7  0.0705365650
5 4 6 7  0.0775321766
5 5 7 7  0.0775321766
5 6 4 7  0.0775321766
5 7 5 7  0.0775321766
6 0 6 0  0.0401357089
6 1 7 0  0.0401357089
6 2 4 0  0.0406449186
6 3 5 0  0.0406449186
6 4 2 0  0.0406449186
6 5 3 0  0.0406449186
6 6 0 0  0.0401357089
6 7 1 0  0.0401357089
6 0 4 2  0.0652357980
6 1 5 2  0.0652357980
6 2 6 2  0.0716193686
6 3 7 2  0.0716193686
6 4 0 2  0.0652357980
6 5 1 2  0.0652357980
6 6 2 2  0.0716193686
6 7 3 2  0.0716193686
6 0 2 4  0.0705365650
6 1 3 4  0.0705365650
6 2 0 4  0.0705365650
6 3 1 4  0.0705365650
6 4 6 4  0.0775321766
6 5 7 4  0.0775321766
6 6 4 4  0.0775321766
6 7 5 4  0.0775321766
6 0 0 6  0.2486772417
6 1 1 6  0.2486772417
6 2 2 6  0.2526437907
6 3 3 6  0.2526437907
6 4 4 6  0.2524552253
6 5 5 6  0.2524552253
6 6 6 6  0.2631533145
6 7 7 6  0.2631533145
7 0 6 1  0.0401357089
7 1 7 1  0.0401357089
7 2 4 1  0.0406449186
7 3 5 1  0.0406449186
7 4 2 1  0.0406449186
7 5 3 1  0.0406449186
7 6 0 1  0.0401357089
7 7 1 1  0.0401357089
7 0 4 3  0.0652357980
7 1 5 3  0.0652357980
7 2 6 3  0.0716193686
7 3 7 3  0.0716193686
7 4 0 3  0.0652357980
7 5 1 3  0.0652357980
7 6 2 3  0.0716193686
7 7 3 3  0.0716193686
7 0 2 5  0.0705365650
7 1 3 5  0.0705365650
7 2 0 5  0.0705365650
7 3 1 5  0.0705365650
7 4 6 5  0.0775321766
7 5 7 5  0.0775321766
7 6 4 5  0.0775321766
7 7 5 5  0.0775321766
7 0 0 7  0.2486772417
7 1 1 7  0.2486772417
7 2 2 7  0.2526437907
7 3 3 7  0.2526437907
7 4 4 7  0.2524552253
7 5 5 7  0.2524552253
7 6 6 7  0.2631533145
7 7 7 7  0.2631533145

 E(FCI) = -1.9777029868

 E(HF)  = -1.8602123706
