 MO Integrals

2.7416411653
0 0  -2.0666554576
1 1  -2.0666554576
2 2  -1.5887616173
2 4  -0.0104443943
3 3  -1.5887616173
3 5  -0.0104443943
4 2  -0.0104443943
4 4  -1.5887616173
5 3  -0.0104443943
5 5  -1.5887616173
6 6  -1.0625418139
7 7  -1.0625418139
0 0 0 0  0.2610125951
0 1 1 0  0.2610125951
0 2 2 0  0.2537297302
0 2 4 0  0.0001769729
0 3 3 0  0.2537297302
0 3 5 0  0.0001769729
0 4 2 0  0.0001769729
0 4 4 0  0.2537297302
0 5 3 0  0.0001769729
0 5 5 0  0.2537297302
0 6 6 0  0.2559423503
0 7 7 0  0.2559423503
0 0 2 2  0.0682016397
0 0 4 2  0.0007577645
0 1 3 2  0.0682016397
0 1 5 2  0.0007577645
0 2 0 2  0.0682016397
0 2 6 2  0.0674590108
0 3 1 2  0.0682016397
0 3 7 2  0.0674590108
0 4 0 2  0.0007577645
0 4 6 2  -0.0006795399
0 5 1 2  0.0007577645
0 5 7 2  -0.0006795399
0 6 2 2  0.0674590108
0 6 4 2  -0.0006795399
0 7 3 2  0.0674590108
0 7 5 2  -0.0006795399
0 0 2 4  0.0007577645
0 0 4 4  0.0682016397
0 1 3 4  0.0007577645
0 1 5 4  0.0682016397
0 2 0 4  0.0007577645
0 2 6 4  0.0006795399
0 3 1 4  0.0007577645
0 3 7 4  0.0006795399
0 4 0 4  0.0682016397
0 4 6 4  -0.0674590108
0 5 1 4  0.0682016397
0 5 7 4  -0.0674590108
0 6 2 4  0.0006795399
0 6 4 4  -0.0674590108
0 7 3 4  0.0006795399
0 7 5 4  -0.0674590108
0 0 6 6  0.0393196858
0 1 7 6  0.0393196858
0 2 2 6  0.0395926053
0 3 3 6  0.0395926053
0 4 4 6  -0.0395926053
0 5 5 6  -0.0395926053
0 6 0 6  0.0393196858
0 7 1 6  0.0393196858
1 0 0 1  0.2610125951
1 1 1 1  0.2610125951
1 2 2 1  0.2537297302
1 2 4 1  0.0001769729
1 3 3 1  0.2537297302
1 3 5 1  0.0001769729
1 4 2 1  0.0001769729
1 4 4 1  0.2537297302
1 5 3 1  0.0001769729
1 5 5 1  0.2537297302
1 6 6 1  0.2559423503
1 7 7 1  0.2559423503
1 0 2 3  0.0682016397
1 0 4 3  0.0007577645
1 1 3 3  0.0682016397
1 1 5 3  0.0007577645
1 2 0 3  0.0682016397
1 2 6 3  0.0674590108
1 3 1 3  0.0682016397
1 3 7 3  0.0674590108
1 4 0 3  0.0007577645
1 4 6 3  -0.0006795399
1 5 1 3  0.0007577645
1 5 7 3  -0.0006795399
1 6 2 3  0.0674590108
1 6 4 3  -0.0006795399
1 7 3 3  0.0674590108
1 7 5 3  -0.0006795399
1 0 2 5  0.0007577645
1 0 4 5  0.0682016397
1 1 3 5  0.0007577645
1 1 5 5  0.0682016397
1 2 0 5  0.0007577645
1 2 6 5  0.0006795399
1 3 1 5  0.0007577645
1 3 7 5  0.0006795399
1 4 0 5  0.0682016397
1 4 6 5  -0.0674590108
1 5 1 5  0.0682016397
1 5 7 5  -0.0674590108
1 6 2 5  0.0006795399
1 6 4 5  -0.0674590108
1 7 3 5  0.0006795399
1 7 5 5  -0.0674590108
1 0 6 7  0.0393196858
1 1 7 7  0.0393196858
1 2 2 7  0.0395926053
1 3 3 7  0.0395926053
1 4 4 7  -0.0395926053
1 5 5 7  -0.0395926053
1 6 0 7  0.0393196858
1 7 1 7  0.0393196858
2 0 2 0  0.0682016397
2 0 4 0  0.0007577645
2 1 3 0  0.0682016397
2 1 5 0  0.0007577645
2 2 0 0  0.0682016397
2 2 6 0  0.0674590108
2 3 1 0  0.0682016397
2 3 7 0  0.0674590108
2 4 0 0  0.0007577645
2 4 6 0  -0.0006795399
2 5 1 0  0.0007577645
2 5 7 0  -0.0006795399
2 6 2 0  0.0674590108
2 6 4 0  -0.0006795399
2 7 3 0  0.0674590108
2 7 5 0  -0.0006795399
2 0 0 2  0.2537297302
2 0 6 2  0.0395926053
2 1 1 2  0.2537297302
2 1 7 2  0.0395926053
2 2 2 2  0.2930181791
2 2 4 2  0.0001338944
2 3 3 2  0.2930181791
2 3 5 2  0.0001338944
2 4 2 2  0.0001338944
2 4 4 2  0.2132354592
2 5 3 2  0.0001338944
2 5 5 2  0.2132354592
2 6 0 2  0.0395926053
2 6 6 2  0.2595980366
2 7 1 2  0.0395926053
2 7 7 2  0.2595980366
2 0 0 4  0.0001769729
2 1 1 4  0.0001769729
2 2 2 4  0.0001338944
2 2 4 4  0.0050704433
2 3 3 4  0.0001338944
2 3 5 4  0.0050704433
2 4 2 4  0.0050704433
2 4 4 4  0.0001338944
2 5 3 4  0.0050704433
2 5 5 4  0.0001338944
2 6 6 4  0.0000403957
2 7 7 4  0.0000403957
2 0 2 6  0.0674590108
2 0 4 6  0.0006795399
2 1 3 6  0.0674590108
2 1 5 6  0.0006795399
2 2 0 6  0.0674590108
2 2 6 6  0.0741126866
2 3 1 6  0.0674590108
2 3 7 6  0.0741126866
2 4 0 6  0.0006795399
2 4 6 6  -0.0007519016
2 5 1 6  0.0006795399
2 5 7 6  -0.0007519016
2 6 2 6  0.0741126866
2 6 4 6  -0.0007519016
2 7 3 6  0.0741126866
2 7 5 6  -0.0007519016
3 0 2 1  0.0682016397
3 0 4 1  0.0007577645
3 1 3 1  0.0682016397
3 1 5 1  0.0007577645
3 2 0 1  0.0682016397
3 2 6 1  0.0674590108
3 3 1 1  0.0682016397
3 3 7 1  0.0674590108
3 4 0 1  0.0007577645
3 4 6 1  -0.0006795399
3 5 1 1  0.0007577645
3 5 7 1  -0.0006795399
3 6 2 1  0.0674590108
3 6 4 1  -0.0006795399
3 7 3 1  0.0674590108
3 7 5 1  -0.0006795399
3 0 0 3  0.2537297302
3 0 6 3  0.0395926053
3 1 1 3  0.2537297302
3 1 7 3  0.0395926053
3 2 2 3  0.2930181791
3 2 4 3  0.0001338944
3 3 3 3  0.2930181791
3 3 5 3  0.0001338944
3 4 2 3  0.0001338944
3 4 4 3  0.2132354592
3 5 3 3  0.0001338944
3 5 5 3  0.2132354592
3 6 0 3  0.0395926053
3 6 6 3  0.2595980366
3 7 1 3  0.0395926053
3 7 7 3  0.2595980366
3 0 0 5  0.0001769729
3 1 1 5  0.0001769729
3 2 2 5  0.0001338944
3 2 4 5  0.0050704433
3 3 3 5  0.0001338944
3 3 5 5  0.0050704433
3 4 2 5  0.0050704433
3 4 4 5  0.0001338944
3 5 3 5  0.0050704433
3 5 5 5  0.0001338944
3 6 6 5  0.0000403957
3 7 7 5  0.0000403957
3 0 2 7  0.0674590108
3 0 4 7  0.0006795399
3 1 3 7  0.0674590108
3 1 5 7  0.0006795399
3 2 0 7  0.0674590108
3 2 6 7  0.0741126866
3 3 1 7  0.0674590108
3 3 7 7  0.0741126866
3 4 0 7  0.0006795399
3 4 6 7  -0.0007519016
3 5 1 7  0.0006795399
3 5 7 7  -0.0007519016
3 6 2 7  0.0741126866
3 6 4 7  -0.0007519016
3 7 3 7  0.0741126866
3 7 5 7  -0.0007519016
4 0 2 0  0.0007577645
4 0 4 0  0.0682016397
4 1 3 0  0.0007577645
4 1 5 0  0.0682016397
4 2 0 0  0.0007577645
4 2 6 0  0.0006795399
4 3 1 0  0.0007577645
4 3 7 0  0.0006795399
4 4 0 0  0.0682016397
4 4 6 0  -0.0674590108
4 5 1 0  0.0682016397
4 5 7 0  -0.0674590108
4 6 2 0  0.0006795399
4 6 4 0  -0.0674590108
4 7 3 0  0.0006795399
4 7 5 0  -0.0674590108
4 0 0 2  0.0001769729
4 1 1 2  0.0001769729
4 2 2 2  0.0001338944
4 2 4 2  0.0050704433
4 3 3 2  0.0001338944
4 3 5 2  0.0050704433
4 4 2 2  0.0050704433
4 4 4 2  0.0001338944
4 5 3 2  0.0050704433
4 5 5 2  0.0001338944
4 6 6 2  0.0000403957
4 7 7 2  0.0000403957
4 0 0 4  0.2537297302
4 0 6 4  -0.0395926053
4 1 1 4  0.2537297302
4 1 7 4  -0.0395926053
4 2 2 4  0.2132354592
4 2 4 4  0.0001338944
4 3 3 4  0.2132354592
4 3 5 4  0.0001338944
4 4 2 4  0.0001338944
4 4 4 4  0.2930181791
4 5 3 4  0.0001338944
4 5 5 4  0.2930181791
4 6 0 4  -0.0395926053
4 6 6 4  0.2595980366
4 7 1 4  -0.0395926053
4 7 7 4  0.2595980366
4 0 2 6  -0.0006795399
4 0 4 6  -0.0674590108
4 1 3 6  -0.0006795399
4 1 5 6  -0.0674590108
4 2 0 6  -0.0006795399
4 2 6 6  -0.0007519016
4 3 1 6  -0.0006795399
4 3 7 6  -0.0007519016
4 4 0 6  -0.0674590108
4 4 6 6  0.0741126866
4 5 1 6  -0.0674590108
4 5 7 6  0.0741126866
4 6 2 6  -0.0007519016
4 6 4 6  0.0741126866
4 7 3 6  -0.0007519016
4 7 5 6  0.0741126866
5 0 2 1  0.0007577645
5 0 4 1  0.0682016397
5 1 3 1  0.0007577645
5 1 5 1  0.0682016397
5 2 0 1  0.0007577645
5 2 6 1  0.0006795399
5 3 1 1  0.0007577645
5 3 7 1  0.0006795399
5 4 0 1  0.0682016397
5 4 6 1  -0.0674590108
5 5 1 1  0.0682016397
5 5 7 1  -0.0674590108
5 6 2 1  0.0006795399
5 6 4 1  -0.0674590108
5 7 3 1  0.0006795399
5 7 5 1  -0.0674590108
5 0 0 3  0.0001769729
5 1 1 3  0.0001769729
5 2 2 3  0.0001338944
5 2 4 3  0.0050704433
5 3 3 3  0.0001338944
5 3 5 3  0.0050704433
5 4 2 3  0.0050704433
5 4 4 3  0.0001338944
5 5 3 3  0.0050704433
5 5 5 3  0.0001338944
5 6 6 3  0.0000403957
5 7 7 3  0.0000403957
5 0 0 5  0.2537297302
5 0 6 5  -0.0395926053
5 1 1 5  0.2537297302
5 1 7 5  -0.0395926053
5 2 2 5  0.2132354592
5 2 4 5  0.0001338944
5 3 3 5  0.2132354592
5 3 5 5  0.0001338944
5 4 2 5  0.0001338944
5 4 4 5  0.2930181791
5 5 3 5  0.0001338944
5 5 5 5  0.2930181791
5 6 0 5  -0.0395926053
5 6 6 5  0.2595980366
5 7 1 5  -0.0395926053
5 7 7 5  0.2595980366
5 0 2 7  -0.0006795399
5 0 4 7  -0.0674590108
5 1 3 7  -0.0006795399
5 1 5 7  -0.0674590108
5 2 0 7  -0.0006795399
5 2 6 7  -0.0007519016
5 3 1 7  -0.0006795399
5 3 7 7  -0.0007519016
5 4 0 7  -0.0674590108
5 4 6 7  0.0741126866
5 5 1 7  -0.0674590108
5 5 7 7  0.0741126866
5 6 2 7  -0.0007519016
5 6 4 7  0.0741126866
5 7 3 7  -0.0007519016
5 7 5 7  0.0741126866
6 0 6 0  0.0393196858
6 1 7 0  0.0393196858
6 2 2 0  0.0395926053
6 3 3 0  0.0395926053
6 4 4 0  -0.0395926053
6 5 5 0  -0.0395926053
6 6 0 0  0.0393196858
6 7 1 0  0.0393196858
6 0 2 2  0.0674590108
6 0 4 2  0.0006795399
6 1 3 2  0.0674590108
6 1 5 2  0.0006795399
6 2 0 2  0.0674590108
6 2 6 2  0.0741126866
6 3 1 2  0.0674590108
6 3 7 2  0.0741126866
6 4 0 2  0.0006795399
6 4 6 2  -0.0007519016
6 5 1 2  0.0006795399
6 5 7 2  -0.0007519016
6 6 2 2  0.0741126866
6 6 4 2  -0.0007519016
6 7 3 2  0.0741126866
6 7 5 2  -0.0007519016
6 0 2 4  -0.0006795399
6 0 4 4  -0.0674590108
6 1 3 4  -0.0006795399
6 1 5 4  -0.0674590108
6 2 0 4  -0.0006795399
6 2 6 4  -0.0007519016
6 3 1 4  -0.0006795399
6 3 7 4  -0.0007519016
6 4 0 4  -0.0674590108
6 4 6 4  0.0741126866
6 5 1 4  -0.0674590108
6 5 7 4  0.0741126866
6 6 2 4  -0.0007519016
6 6 4 4  0.0741126866
6 7 3 4  -0.0007519016
6 7 5 4  0.0741126866
6 0 0 6  0.2559423503
6 1 1 6  0.2559423503
6 2 2 6  0.2595980366
6 2 4 6  0.0000403957
6 3 3 6  0.2595980366
6 3 5 6  0.0000403957
6 4 2 6  0.0000403957
6 4 4 6  0.2595980366
6 5 3 6  0.0000403957
6 5 5 6  0.2595980366
6 6 6 6  0.2710492626
6 7 7 6  0.2710492626
7 0 6 1  0.0393196858
7 1 7 1  0.0393196858
7 2 2 1  0.0395926053
7 3 3 1  0.0395926053
7 4 4 1  -0.0395926053
7 5 5 1  -0.0395926053
7 6 0 1  0.0393196858
7 7 1 1  0.0393196858
7 0 2 3  0.0674590108
7 0 4 3  0.0006795399
7 1 3 3  0.0674590108
7 1 5 3  0.0006795399
7 2 0 3  0.0674590108
7 2 6 3  0.0741126866
7 3 1 3  0.0674590108
7 3 7 3  0.0741126866
7 4 0 3  0.0006795399
7 4 6 3  -0.0007519016
7 5 1 3  0.0006795399
7 5 7 3  -0.0007519016
7 6 2 3  0.0741126866
7 6 4 3  -0.0007519016
7 7 3 3  0.0741126866
7 7 5 3  -0.0007519016
7 0 2 5  -0.0006795399
7 0 4 5  -0.0674590108
7 1 3 5  -0.0006795399
7 1 5 5  -0.0674590108
7 2 0 5  -0.0006795399
7 2 6 5  -0.0007519016
7 3 1 5  -0.0006795399
7 3 7 5  -0.0007519016
7 4 0 5  -0.0674590108
7 4 6 5  0.0741126866
7 5 1 5  -0.0674590108
7 5 7 5  0.0741126866
7 6 2 5  -0.0007519016
7 6 4 5  0.0741126866
7 7 3 5  -0.0007519016
7 7 5 5  0.0741126866
7 0 0 7  0.2559423503
7 1 1 7  0.2559423503
7 2 2 7  0.2595980366
7 2 4 7  0.0000403957
7 3 3 7  0.2595980366
7 3 5 7  0.0000403957
7 4 2 7  0.0000403957
7 4 4 7  0.2595980366
7 5 3 7  0.0000403957
7 5 5 7  0.2595980366
7 6 6 7  0.2710492626
7 7 7 7  0.2710492626

 E(FCI) = -1.9368737733

 E(HF)  = -1.7041001530
