 MO Integrals

2.8544052574
0 0  -2.1184833890
1 1  -2.1184833890
2 2  -1.6563245745
3 3  -1.6563245745
4 4  -1.5676251271
5 5  -1.5676251271
6 6  -1.0443039019
7 7  -1.0443039019
0 0 0 0  0.2659419716
0 1 1 0  0.2659419716
0 2 2 0  0.2589252964
0 3 3 0  0.2589252964
0 4 4 0  0.2574647809
0 5 5 0  0.2574647809
0 6 6 0  0.2605447566
0 7 7 0  0.2605447566
0 0 2 2  0.0715631139
0 1 3 2  0.0715631139
0 2 0 2  0.0715631139
0 3 1 2  0.0715631139
0 4 6 2  0.0700970852
0 5 7 2  0.0700970852
0 6 4 2  0.0700970852
0 7 5 2  0.0700970852
0 0 4 4  0.0654174227
0 1 5 4  0.0654174227
0 2 6 4  0.0645852812
0 3 7 4  0.0645852812
0 4 0 4  0.0654174227
0 5 1 4  0.0654174227
0 6 2 4  0.0645852812
0 7 3 4  0.0645852812
0 0 6 6  0.0388417365
0 1 7 6  0.0388417365
0 2 4 6  0.0389582626
0 3 5 6  0.0389582626
0 4 2 6  0.0389582626
0 5 3 6  0.0389582626
0 6 0 6  0.0388417365
0 7 1 6  0.0388417365
1 0 0 1  0.2659419716
1 1 1 1  0.2659419716
1 2 2 1  0.2589252964
1 3 3 1  0.2589252964
1 4 4 1  0.2574647809
1 5 5 1  0.2574647809
1 6 6 1  0.2605447566
1 7 7 1  0.2605447566
1 0 2 3  0.0715631139
1 1 3 3  0.0715631139
1 2 0 3  0.0715631139
1 3 1 3  0.0715631139
1 4 6 3  0.0700970852
1 5 7 3  0.0700970852
1 6 4 3  0.0700970852
1 7 5 3  0.0700970852
1 0 4 5  0.0654174227
1 1 5 5  0.0654174227
1 2 6 5  0.0645852812
1 3 7 5  0.0645852812
1 4 0 5  0.0654174227
1 5 1 5  0.0654174227
1 6 2 5  0.0645852812
1 7 3 5  0.0645852812
1 0 6 7  0.0388417365
1 1 7 7  0.0388417365
1 2 4 7  0.0389582626
1 3 5 7  0.0389582626
1 4 2 7  0.0389582626
1 5 3 7  0.0389582626
1 6 0 7  0.0388417365
1 7 1 7  0.0388417365
2 0 2 0  0.0715631139
2 1 3 0  0.0715631139
2 2 0 0  0.0715631139
2 3 1 0  0.0715631139
2 4 6 0  0.0700970852
2 5 7 0  0.0700970852
2 6 4 0  0.0700970852
2 7 5 0  0.0700970852
2 0 0 2  0.2589252964
2 1 1 2  0.2589252964
2 2 2 2  0.2640025483
2 3 3 2  0.2640025483
2 4 4 2  0.2519049536
2 5 5 2  0.2519049536
2 6 6 2  0.2642904810
2 7 7 2  0.2642904810
2 0 6 4  0.0389582626
2 1 7 4  0.0389582626
2 2 4 4  0.0390996898
2 3 5 4  0.0390996898
2 4 2 4  0.0390996898
2 5 3 4  0.0390996898
2 6 0 4  0.0389582626
2 7 1 4  0.0389582626
2 0 4 6  0.0645852812
2 1 5 6  0.0645852812
2 2 6 6  0.0709091380
2 3 7 6  0.0709091380
2 4 0 6  0.0645852812
2 5 1 6  0.0645852812
2 6 2 6  0.0709091380
2 7 3 6  0.0709091380
3 0 2 1  0.0715631139
3 1 3 1  0.0715631139
3 2 0 1  0.0715631139
3 3 1 1  0.0715631139
3 4 6 1  0.0700970852
3 5 7 1  0.0700970852
3 6 4 1  0.0700970852
3 7 5 1  0.0700970852
3 0 0 3  0.2589252964
3 1 1 3  0.2589252964
3 2 2 3  0.2640025483
3 3 3 3  0.2640025483
3 4 4 3  0.2519049536
3 5 5 3  0.2519049536
3 6 6 3  0.2642904810
3 7 7 3  0.2642904810
3 0 6 5  0.0389582626
3 1 7 5  0.0389582626
3 2 4 5  0.0390996898
3 3 5 5  0.0390996898
3 4 2 5  0.0390996898
3 5 3 5  0.0390996898
3 6 0 5  0.0389582626
3 7 1 5  0.0389582626
3 0 4 7  0.0645852812
3 1 5 7  0.0645852812
3 2 6 7  0.0709091380
3 3 7 7  0.0709091380
3 4 0 7  0.0645852812
3 5 1 7  0.0645852812
3 6 2 7  0.0709091380
3 7 3 7  0.0709091380
4 0 4 0  0.0654174227
4 1 5 0  0.0654174227
4 2 6 0  0.0645852812
4 3 7 0  0.0645852812
4 4 0 0  0.0654174227
4 5 1 0  0.0654174227
4 6 2 0  0.0645852812
4 7 3 0  0.0645852812
4 0 6 2  0.0389582626
4 1 7 2  0.0389582626
4 2 4 2  0.0390996898
4 3 5 2  0.0390996898
4 4 2 2  0.0390996898
4 5 3 2  0.0390996898
4 6 0 2  0.0389582626
4 7 1 2  0.0389582626
4 0 0 4  0.2574647809
4 1 1 4  0.2574647809
4 2 2 4  0.2519049536
4 3 3 4  0.2519049536
4 4 4 4  0.2617059909
4 5 5 4  0.2617059909
4 6 6 4  0.2638831146
4 7 7 4  0.2638831146
4 0 2 6  0.0700970852
4 1 3 6  0.0700970852
4 2 0 6  0.0700970852
4 3 1 6  0.0700970852
4 4 6 6  0.0769766729
4 5 7 6  0.0769766729
4 6 4 6  0.0769766729
4 7 5 6  0.0769766729
5 0 4 1  0.0654174227
5 1 5 1  0.0654174227
5 2 6 1  0.0645852812
5 3 7 1  0.0645852812
5 4 0 1  0.0654174227
5 5 1 1  0.0654174227
5 6 2 1  0.0645852812
5 7 3 1  0.0645852812
5 0 6 3  0.0389582626
5 1 7 3  0.0389582626
5 2 4 3  0.0390996898
5 3 5 3  0.0390996898
5 4 2 3  0.0390996898
5 5 3 3  0.0390996898
5 6 0 3  0.0389582626
5 7 1 3  0.0389582626
5 0 0 5  0.2574647809
5 1 1 5  0.2574647809
5 2 2 5  0.2519049536
5 3 3 5  0.2519049536
5 4 4 5  0.2617059909
5 5 5 5  0.2617059909
5 6 6 5  0.2638831146
5 7 7 5  0.2638831146
5 0 2 7  0.0700970852
5 1 3 7  0.0700970852
5 2 0 7  0.0700970852
5 3 1 7  0.0700970852
5 4 6 7  0.0769766729
5 5 7 7  0.0769766729
5 6 4 7  0.0769766729
5 7 5 7  0.0769766729
6 0 6 0  0.0388417365
6 1 7 0  0.0388417365
6 2 4 0  0.0389582626
6 3 5 0  0.0389582626
6 4 2 0  0.0389582626
6 5 3 0  0.0389582626
6 6 0 0  0.0388417365
6 7 1 0  0.0388417365
6 0 4 2  0.0645852812
6 1 5 2  0.0645852812
6 2 6 2  0.0709091380
6 3 7 2  0.0709091380
6 4 0 2  0.0645852812
6 5 1 2  0.0645852812
6 6 2 2  0.0709091380
6 7 3 2  0.0709091380
6 0 2 4  0.0700970852
6 1 3 4  0.0700970852
6 2 0 4  0.0700970852
6 3 1 4  0.0700970852
6 4 6 4  0.0769766729
6 5 7 4  0.0769766729
6 6 4 4  0.0769766729
6 7 5 4  0.0769766729
6 0 0 6  0.2605447566
6 1 1 6  0.2605447566
6 2 2 6  0.2642904810
6 3 3 6  0.2642904810
6 4 4 6  0.2638831146
6 5 5 6  0.2638831146
6 6 6 6  0.2760442889
6 7 7 6  0.2760442889
7 0 6 1  0.0388417365
7 1 7 1  0.0388417365
7 2 4 1  0.0389582626
7 3 5 1  0.0389582626
7 4 2 1  0.0389582626
7 5 3 1  0.0389582626
7 6 0 1  0.0388417365
7 7 1 1  0.0388417365
7 0 4 3  0.0645852812
7 1 5 3  0.0645852812
7 2 6 3  0.0709091380
7 3 7 3  0.0709091380
7 4 0 3  0.0645852812
7 5 1 3  0.0645852812
7 6 2 3  0.0709091380
7 7 3 3  0.0709091380
7 0 2 5  0.0700970852
7 1 3 5  0.0700970852
7 2 0 5  0.0700970852
7 3 1 5  0.0700970852
7 4 6 5  0.0769766729
7 5 7 5  0.0769766729
7 6 4 5  0.0769766729
7 7 5 5  0.0769766729
7 0 0 7  0.2605447566
7 1 1 7  0.2605447566
7 2 2 7  0.2642904810
7 3 3 7  0.2642904810
7 4 4 7  0.2638831146
7 5 5 7  0.2638831146
7 6 6 7  0.2760442889
7 7 7 7  0.2760442889

 E(FCI) = -1.9492531330

 E(HF)  = -1.8501717139
