 MO Integrals

2.6506410256
0 0  -2.0801627851
0 2  0.1032509531
0 4  0.1032509531
1 1  -2.0801627851
1 3  0.1032509531
1 5  0.1032509531
2 0  0.1032509531
2 2  -1.4110725299
2 4  0.1055603502
2 6  -0.1206638115
3 1  0.1032509531
3 3  -1.4110725299
3 5  0.1055603502
3 7  -0.1206638115
4 0  0.1032509531
4 2  0.1055603502
4 4  -1.4110725299
4 6  0.1206638115
5 1  0.1032509531
5 3  0.1055603502
5 5  -1.4110725299
5 7  0.1206638115
6 2  -0.1206638115
6 4  0.1206638115
6 6  -0.7636606356
7 3  -0.1206638115
7 5  0.1206638115
7 7  -0.7636606356
0 0 0 0  0.3058619694
0 0 2 0  -0.0413359101
0 0 4 0  -0.0413359101
0 1 1 0  0.3058619694
0 1 3 0  -0.0413359101
0 1 5 0  -0.0413359101
0 2 0 0  -0.0413359101
0 2 2 0  0.2142485174
0 2 4 0  0.0048828021
0 2 6 0  0.0373269328
0 3 1 0  -0.0413359101
0 3 3 0  0.2142485174
0 3 5 0  0.0048828021
0 3 7 0  0.0373269328
0 4 0 0  -0.0413359101
0 4 2 0  0.0048828021
0 4 4 0  0.2142485174
0 4 6 0  -0.0373269328
0 5 1 0  -0.0413359101
0 5 3 0  0.0048828021
0 5 5 0  0.2142485174
0 5 7 0  -0.0373269328
0 6 2 0  0.0373269328
0 6 4 0  -0.0373269328
0 6 6 0  0.3196894104
0 7 3 0  0.0373269328
0 7 5 0  -0.0373269328
0 7 7 0  0.3196894104
0 0 0 2  -0.0413359101
0 0 2 2  0.0432331305
0 0 4 2  -0.0022598974
0 0 6 2  0.0220084003
0 1 1 2  -0.0413359101
0 1 3 2  0.0432331305
0 1 5 2  -0.0022598974
0 1 7 2  0.0220084003
0 2 0 2  0.0432331305
0 2 2 2  0.0445939235
0 2 4 2  -0.0027129300
0 2 6 2  -0.0380070867
0 3 1 2  0.0432331305
0 3 3 2  0.0445939235
0 3 5 2  -0.0027129300
0 3 7 2  -0.0380070867
0 4 0 2  -0.0022598974
0 4 2 2  -0.0027129300
0 4 4 2  -0.0333831777
0 4 6 2  -0.0044179573
0 5 1 2  -0.0022598974
0 5 3 2  -0.0027129300
0 5 5 2  -0.0333831777
0 5 7 2  -0.0044179573
0 6 0 2  0.0220084003
0 6 2 2  -0.0380070867
0 6 4 2  -0.0044179573
0 6 6 2  -0.0415904737
0 7 1 2  0.0220084003
0 7 3 2  -0.0380070867
0 7 5 2  -0.0044179573
0 7 7 2  -0.0415904737
0 0 0 4  -0.0413359101
0 0 2 4  -0.0022598974
0 0 4 4  0.0432331305
0 0 6 4  -0.0220084003
0 1 1 4  -0.0413359101
0 1 3 4  -0.0022598974
0 1 5 4  0.0432331305
0 1 7 4  -0.0220084003
0 2 0 4  -0.0022598974
0 2 2 4  -0.0333831777
0 2 4 4  -0.0027129300
0 2 6 4  0.0044179573
0 3 1 4  -0.0022598974
0 3 3 4  -0.0333831777
0 3 5 4  -0.0027129300
0 3 7 4  0.0044179573
0 4 0 4  0.0432331305
0 4 2 4  -0.0027129300
0 4 4 4  0.0445939235
0 4 6 4  0.0380070867
0 5 1 4  0.0432331305
0 5 3 4  -0.0027129300
0 5 5 4  0.0445939235
0 5 7 4  0.0380070867
0 6 0 4  -0.0220084003
0 6 2 4  0.0044179573
0 6 4 4  0.0380070867
0 6 6 4  -0.0415904737
0 7 1 4  -0.0220084003
0 7 3 4  0.0044179573
0 7 5 4  0.0380070867
0 7 7 4  -0.0415904737
0 0 2 6  0.0220084003
0 0 4 6  -0.0220084003
0 0 6 6  0.0624625347
0 1 3 6  0.0220084003
0 1 5 6  -0.0220084003
0 1 7 6  0.0624625347
0 2 0 6  0.0220084003
0 2 2 6  0.0004003678
0 2 6 6  -0.0208893131
0 3 1 6  0.0220084003
0 3 3 6  0.0004003678
0 3 7 6  -0.0208893131
0 4 0 6  -0.0220084003
0 4 4 6  -0.0004003678
0 4 6 6  -0.0208893131
0 5 1 6  -0.0220084003
0 5 5 6  -0.0004003678
0 5 7 6  -0.0208893131
0 6 0 6  0.0624625347
0 6 2 6  -0.0208893131
0 6 4 6  -0.0208893131
0 7 1 6  0.0624625347
0 7 3 6  -0.0208893131
0 7 5 6  -0.0208893131
1 0 0 1  0.3058619694
1 0 2 1  -0.0413359101
1 0 4 1  -0.0413359101
1 1 1 1  0.3058619694
1 1 3 1  -0.0413359101
1 1 5 1  -0.0413359101
1 2 0 1  -0.0413359101
1 2 2 1  0.2142485174
1 2 4 1  0.0048828021
1 2 6 1  0.0373269328
1 3 1 1  -0.0413359101
1 3 3 1  0.2142485174
1 3 5 1  0.0048828021
1 3 7 1  0.0373269328
1 4 0 1  -0.0413359101
1 4 2 1  0.0048828021
1 4 4 1  0.2142485174
1 4 6 1  -0.0373269328
1 5 1 1  -0.0413359101
1 5 3 1  0.0048828021
1 5 5 1  0.2142485174
1 5 7 1  -0.0373269328
1 6 2 1  0.0373269328
1 6 4 1  -0.0373269328
1 6 6 1  0.3196894104
1 7 3 1  0.0373269328
1 7 5 1  -0.0373269328
1 7 7 1  0.3196894104
1 0 0 3  -0.0413359101
1 0 2 3  0.0432331305
1 0 4 3  -0.0022598974
1 0 6 3  0.0220084003
1 1 1 3  -0.0413359101
1 1 3 3  0.0432331305
1 1 5 3  -0.0022598974
1 1 7 3  0.0220084003
1 2 0 3  0.0432331305
1 2 2 3  0.0445939235
1 2 4 3  -0.0027129300
1 2 6 3  -0.0380070867
1 3 1 3  0.0432331305
1 3 3 3  0.0445939235
1 3 5 3  -0.0027129300
1 3 7 3  -0.0380070867
1 4 0 3  -0.0022598974
1 4 2 3  -0.0027129300
1 4 4 3  -0.0333831777
1 4 6 3  -0.0044179573
1 5 1 3  -0.0022598974
1 5 3 3  -0.0027129300
1 5 5 3  -0.0333831777
1 5 7 3  -0.0044179573
1 6 0 3  0.0220084003
1 6 2 3  -0.0380070867
1 6 4 3  -0.0044179573
1 6 6 3  -0.0415904737
1 7 1 3  0.0220084003
1 7 3 3  -0.0380070867
1 7 5 3  -0.0044179573
1 7 7 3  -0.0415904737
1 0 0 5  -0.0413359101
1 0 2 5  -0.0022598974
1 0 4 5  0.0432331305
1 0 6 5  -0.0220084003
1 1 1 5  -0.0413359101
1 1 3 5  -0.0022598974
1 1 5 5  0.0432331305
1 1 7 5  -0.0220084003
1 2 0 5  -0.0022598974
1 2 2 5  -0.0333831777
1 2 4 5  -0.0027129300
1 2 6 5  0.0044179573
1 3 1 5  -0.0022598974
1 3 3 5  -0.0333831777
1 3 5 5  -0.0027129300
1 3 7 5  0.0044179573
1 4 0 5  0.0432331305
1 4 2 5  -0.0027129300
1 4 4 5  0.0445939235
1 4 6 5  0.0380070867
1 5 1 5  0.0432331305
1 5 3 5  -0.0027129300
1 5 5 5  0.0445939235
1 5 7 5  0.0380070867
1 6 0 5  -0.0220084003
1 6 2 5  0.0044179573
1 6 4 5  0.0380070867
1 6 6 5  -0.0415904737
1 7 1 5  -0.0220084003
1 7 3 5  0.0044179573
1 7 5 5  0.0380070867
1 7 7 5  -0.0415904737
1 0 2 7  0.0220084003
1 0 4 7  -0.0220084003
1 0 6 7  0.0624625347
1 1 3 7  0.0220084003
1 1 5 7  -0.0220084003
1 1 7 7  0.0624625347
1 2 0 7  0.0220084003
1 2 2 7  0.0004003678
1 2 6 7  -0.0208893131
1 3 1 7  0.0220084003
1 3 3 7  0.0004003678
1 3 7 7  -0.0208893131
1 4 0 7  -0.0220084003
1 4 4 7  -0.0004003678
1 4 6 7  -0.0208893131
1 5 1 7  -0.0220084003
1 5 5 7  -0.0004003678
1 5 7 7  -0.0208893131
1 6 0 7  0.0624625347
1 6 2 7  -0.0208893131
1 6 4 7  -0.0208893131
1 7 1 7  0.0624625347
1 7 3 7  -0.0208893131
1 7 5 7  -0.0208893131
2 0 0 0  -0.0413359101
2 0 2 0  0.0432331305
2 0 4 0  -0.0022598974
2 0 6 0  0.0220084003
2 1 1 0  -0.0413359101
2 1 3 0  0.0432331305
2 1 5 0  -0.0022598974
2 1 7 0  0.0220084003
2 2 0 0  0.0432331305
2 2 2 0  0.0445939235
2 2 4 0  -0.0027129300
2 2 6 0  -0.0380070867
2 3 1 0  0.0432331305
2 3 3 0  0.0445939235
2 3 5 0  -0.0027129300
2 3 7 0  -0.0380070867
2 4 0 0  -0.0022598974
2 4 2 0  -0.0027129300
2 4 4 0  -0.0333831777
2 4 6 0  -0.0044179573
2 5 1 0  -0.0022598974
2 5 3 0  -0.0027129300
2 5 5 0  -0.0333831777
2 5 7 0  -0.0044179573
2 6 0 0  0.0220084003
2 6 2 0  -0.0380070867
2 6 4 0  -0.0044179573
2 6 6 0  -0.0415904737
2 7 1 0  0.0220084003
2 7 3 0  -0.0380070867
2 7 5 0  -0.0044179573
2 7 7 0  -0.0415904737
2 0 0 2  0.2142485174
2 0 2 2  0.0445939235
2 0 4 2  -0.0333831777
2 0 6 2  0.0004003678
2 1 1 2  0.2142485174
2 1 3 2  0.0445939235
2 1 5 2  -0.0333831777
2 1 7 2  0.0004003678
2 2 0 2  0.0445939235
2 2 2 2  0.3432402326
2 2 4 2  0.0019334912
2 2 6 2  -0.0468761017
2 3 1 2  0.0445939235
2 3 3 2  0.3432402326
2 3 5 2  0.0019334912
2 3 7 2  -0.0468761017
2 4 0 2  -0.0333831777
2 4 2 2  0.0019334912
2 4 4 2  0.1328326318
2 4 6 2  -0.0343025520
2 5 1 2  -0.0333831777
2 5 3 2  0.0019334912
2 5 5 2  0.1328326318
2 5 7 2  -0.0343025520
2 6 0 2  0.0004003678
2 6 2 2  -0.0468761017
2 6 4 2  -0.0343025520
2 6 6 2  0.2316166074
2 7 1 2  0.0004003678
2 7 3 2  -0.0468761017
2 7 5 2  -0.0343025520
2 7 7 2  0.2316166074
2 0 0 4  0.0048828021
2 0 2 4  -0.0027129300
2 0 4 4  -0.0027129300
2 1 1 4  0.0048828021
2 1 3 4  -0.0027129300
2 1 5 4  -0.0027129300
2 2 0 4  -0.0027129300
2 2 2 4  0.0019334912
2 2 4 4  0.0018688047
2 2 6 4  -0.0003990998
2 3 1 4  -0.0027129300
2 3 3 4  0.0019334912
2 3 5 4  0.0018688047
2 3 7 4  -0.0003990998
2 4 0 4  -0.0027129300
2 4 2 4  0.0018688047
2 4 4 4  0.0019334912
2 4 6 4  0.0003990998
2 5 1 4  -0.0027129300
2 5 3 4  0.0018688047
2 5 5 4  0.0019334912
2 5 7 4  0.0003990998
2 6 2 4  -0.0003990998
2 6 4 4  0.0003990998
2 6 6 4  0.0051362987
2 7 3 4  -0.0003990998
2 7 5 4  0.0003990998
2 7 7 4  0.0051362987
2 0 0 6  0.0373269328
2 0 2 6  -0.0380070867
2 0 4 6  0.0044179573
2 0 6 6  -0.0208893131
2 1 1 6  0.0373269328
2 1 3 6  -0.0380070867
2 1 5 6  0.0044179573
2 1 7 6  -0.0208893131
2 2 0 6  -0.0380070867
2 2 2 6  -0.0468761017
2 2 4 6  -0.0003990998
2 2 6 6  0.0432260077
2 3 1 6  -0.0380070867
2 3 3 6  -0.0468761017
2 3 5 6  -0.0003990998
2 3 7 6  0.0432260077
2 4 0 6  0.0044179573
2 4 2 6  -0.0003990998
2 4 4 6  0.0343025520
2 4 6 6  0.0056974922
2 5 1 6  0.0044179573
2 5 3 6  -0.0003990998
2 5 5 6  0.0343025520
2 5 7 6  0.0056974922
2 6 0 6  -0.0208893131
2 6 2 6  0.0432260077
2 6 4 6  0.0056974922
2 6 6 6  0.0402721630
2 7 1 6  -0.0208893131
2 7 3 6  0.0432260077
2 7 5 6  0.0056974922
2 7 7 6  0.0402721630
3 0 0 1  -0.0413359101
3 0 2 1  0.0432331305
3 0 4 1  -0.0022598974
3 0 6 1  0.0220084003
3 1 1 1  -0.0413359101
3 1 3 1  0.0432331305
3 1 5 1  -0.0022598974
3 1 7 1  0.0220084003
3 2 0 1  0.0432331305
3 2 2 1  0.0445939235
3 2 4 1  -0.0027129300
3 2 6 1  -0.0380070867
3 3 1 1  0.0432331305
3 3 3 1  0.0445939235
3 3 5 1  -0.0027129300
3 3 7 1  -0.0380070867
3 4 0 1  -0.0022598974
3 4 2 1  -0.0027129300
3 4 4 1  -0.0333831777
3 4 6 1  -0.0044179573
3 5 1 1  -0.0022598974
3 5 3 1  -0.0027129300
3 5 5 1  -0.0333831777
3 5 7 1  -0.0044179573
3 6 0 1  0.0220084003
3 6 2 1  -0.0380070867
3 6 4 1  -0.0044179573
3 6 6 1  -0.0415904737
3 7 1 1  0.0220084003
3 7 3 1  -0.0380070867
3 7 5 1  -0.0044179573
3 7 7 1  -0.0415904737
3 0 0 3  0.2142485174
3 0 2 3  0.0445939235
3 0 4 3  -0.0333831777
3 0 6 3  0.0004003678
3 1 1 3  0.2142485174
3 1 3 3  0.0445939235
3 1 5 3  -0.0333831777
3 1 7 3  0.0004003678
3 2 0 3  0.0445939235
3 2 2 3  0.3432402326
3 2 4 3  0.0019334912
3 2 6 3  -0.0468761017
3 3 1 3  0.0445939235
3 3 3 3  0.3432402326
3 3 5 3  0.0019334912
3 3 7 3  -0.0468761017
3 4 0 3  -0.0333831777
3 4 2 3  0.0019334912
3 4 4 3  0.1328326318
3 4 6 3  -0.0343025520
3 5 1 3  -0.0333831777
3 5 3 3  0.0019334912
3 5 5 3  0.1328326318
3 5 7 3  -0.0343025520
3 6 0 3  0.0004003678
3 6 2 3  -0.0468761017
3 6 4 3  -0.0343025520
3 6 6 3  0.2316166074
3 7 1 3  0.0004003678
3 7 3 3  -0.0468761017
3 7 5 3  -0.0343025520
3 7 7 3  0.2316166074
3 0 0 5  0.0048828021
3 0 2 5  -0.0027129300
3 0 4 5  -0.0027129300
3 1 1 5  0.0048828021
3 1 3 5  -0.0027129300
3 1 5 5  -0.0027129300
3 2 0 5  -0.0027129300
3 2 2 5  0.0019334912
3 2 4 5  0.0018688047
3 2 6 5  -0.0003990998
3 3 1 5  -0.0027129300
3 3 3 5  0.0019334912
3 3 5 5  0.0018688047
3 3 7 5  -0.0003990998
3 4 0 5  -0.0027129300
3 4 2 5  0.0018688047
3 4 4 5  0.0019334912
3 4 6 5  0.0003990998
3 5 1 5  -0.0027129300
3 5 3 5  0.0018688047
3 5 5 5  0.0019334912
3 5 7 5  0.0003990998
3 6 2 5  -0.0003990998
3 6 4 5  0.0003990998
3 6 6 5  0.0051362987
3 7 3 5  -0.0003990998
3 7 5 5  0.0003990998
3 7 7 5  0.0051362987
3 0 0 7  0.0373269328
3 0 2 7  -0.0380070867
3 0 4 7  0.0044179573
3 0 6 7  -0.0208893131
3 1 1 7  0.0373269328
3 1 3 7  -0.0380070867
3 1 5 7  0.0044179573
3 1 7 7  -0.0208893131
3 2 0 7  -0.0380070867
3 2 2 7  -0.0468761017
3 2 4 7  -0.0003990998
3 2 6 7  0.0432260077
3 3 1 7  -0.0380070867
3 3 3 7  -0.0468761017
3 3 5 7  -0.0003990998
3 3 7 7  0.0432260077
3 4 0 7  0.0044179573
3 4 2 7  -0.0003990998
3 4 4 7  0.0343025520
3 4 6 7  0.0056974922
3 5 1 7  0.0044179573
3 5 3 7  -0.0003990998
3 5 5 7  0.0343025520
3 5 7 7  0.0056974922
3 6 0 7  -0.0208893131
3 6 2 7  0.0432260077
3 6 4 7  0.0056974922
3 6 6 7  0.0402721630
3 7 1 7  -0.0208893131
3 7 3 7  0.0432260077
3 7 5 7  0.0056974922
3 7 7 7  0.0402721630
4 0 0 0  -0.0413359101
4 0 2 0  -0.0022598974
4 0 4 0  0.0432331305
4 0 6 0  -0.0220084003
4 1 1 0  -0.0413359101
4 1 3 0  -0.0022598974
4 1 5 0  0.0432331305
4 1 7 0  -0.0220084003
4 2 0 0  -0.0022598974
4 2 2 0  -0.0333831777
4 2 4 0  -0.0027129300
4 2 6 0  0.0044179573
4 3 1 0  -0.0022598974
4 3 3 0  -0.0333831777
4 3 5 0  -0.0027129300
4 3 7 0  0.0044179573
4 4 0 0  0.0432331305
4 4 2 0  -0.0027129300
4 4 4 0  0.0445939235
4 4 6 0  0.0380070867
4 5 1 0  0.0432331305
4 5 3 0  -0.0027129300
4 5 5 0  0.0445939235
4 5 7 0  0.0380070867
4 6 0 0  -0.0220084003
4 6 2 0  0.0044179573
4 6 4 0  0.0380070867
4 6 6 0  -0.0415904737
4 7 1 0  -0.0220084003
4 7 3 0  0.0044179573
4 7 5 0  0.0380070867
4 7 7 0  -0.0415904737
4 0 0 2  0.0048828021
4 0 2 2  -0.0027129300
4 0 4 2  -0.0027129300
4 1 1 2  0.0048828021
4 1 3 2  -0.0027129300
4 1 5 2  -0.0027129300
4 2 0 2  -0.0027129300
4 2 2 2  0.0019334912
4 2 4 2  0.0018688047
4 2 6 2  -0.0003990998
4 3 1 2  -0.0027129300
4 3 3 2  0.0019334912
4 3 5 2  0.0018688047
4 3 7 2  -0.0003990998
4 4 0 2  -0.0027129300
4 4 2 2  0.0018688047
4 4 4 2  0.0019334912
4 4 6 2  0.0003990998
4 5 1 2  -0.0027129300
4 5 3 2  0.0018688047
4 5 5 2  0.0019334912
4 5 7 2  0.0003990998
4 6 2 2  -0.0003990998
4 6 4 2  0.0003990998
4 6 6 2  0.0051362987
4 7 3 2  -0.0003990998
4 7 5 2  0.0003990998
4 7 7 2  0.0051362987
4 0 0 4  0.2142485174
4 0 2 4  -0.0333831777
4 0 4 4  0.0445939235
4 0 6 4  -0.0004003678
4 1 1 4  0.2142485174
4 1 3 4  -0.0333831777
4 1 5 4  0.0445939235
4 1 7 4  -0.0004003678
4 2 0 4  -0.0333831777
4 2 2 4  0.1328326318
4 2 4 4  0.0019334912
4 2 6 4  0.0343025520
4 3 1 4  -0.0333831777
4 3 3 4  0.1328326318
4 3 5 4  0.0019334912
4 3 7 4  0.0343025520
4 4 0 4  0.0445939235
4 4 2 4  0.0019334912
4 4 4 4  0.3432402326
4 4 6 4  0.0468761017
4 5 1 4  0.0445939235
4 5 3 4  0.0019334912
4 5 5 4  0.3432402326
4 5 7 4  0.0468761017
4 6 0 4  -0.0004003678
4 6 2 4  0.0343025520
4 6 4 4  0.0468761017
4 6 6 4  0.2316166074
4 7 1 4  -0.0004003678
4 7 3 4  0.0343025520
4 7 5 4  0.0468761017
4 7 7 4  0.2316166074
4 0 0 6  -0.0373269328
4 0 2 6  -0.0044179573
4 0 4 6  0.0380070867
4 0 6 6  -0.0208893131
4 1 1 6  -0.0373269328
4 1 3 6  -0.0044179573
4 1 5 6  0.0380070867
4 1 7 6  -0.0208893131
4 2 0 6  -0.0044179573
4 2 2 6  -0.0343025520
4 2 4 6  0.0003990998
4 2 6 6  0.0056974922
4 3 1 6  -0.0044179573
4 3 3 6  -0.0343025520
4 3 5 6  0.0003990998
4 3 7 6  0.0056974922
4 4 0 6  0.0380070867
4 4 2 6  0.0003990998
4 4 4 6  0.0468761017
4 4 6 6  0.0432260077
4 5 1 6  0.0380070867
4 5 3 6  0.0003990998
4 5 5 6  0.0468761017
4 5 7 6  0.0432260077
4 6 0 6  -0.0208893131
4 6 2 6  0.0056974922
4 6 4 6  0.0432260077
4 6 6 6  -0.0402721630
4 7 1 6  -0.0208893131
4 7 3 6  0.0056974922
4 7 5 6  0.0432260077
4 7 7 6  -0.0402721630
5 0 0 1  -0.0413359101
5 0 2 1  -0.0022598974
5 0 4 1  0.0432331305
5 0 6 1  -0.0220084003
5 1 1 1  -0.0413359101
5 1 3 1  -0.0022598974
5 1 5 1  0.0432331305
5 1 7 1  -0.0220084003
5 2 0 1  -0.0022598974
5 2 2 1  -0.0333831777
5 2 4 1  -0.0027129300
5 2 6 1  0.0044179573
5 3 1 1  -0.0022598974
5 3 3 1  -0.0333831777
5 3 5 1  -0.0027129300
5 3 7 1  0.0044179573
5 4 0 1  0.0432331305
5 4 2 1  -0.0027129300
5 4 4 1  0.0445939235
5 4 6 1  0.0380070867
5 5 1 1  0.0432331305
5 5 3 1  -0.0027129300
5 5 5 1  0.0445939235
5 5 7 1  0.0380070867
5 6 0 1  -0.0220084003
5 6 2 1  0.0044179573
5 6 4 1  0.0380070867
5 6 6 1  -0.0415904737
5 7 1 1  -0.0220084003
5 7 3 1  0.0044179573
5 7 5 1  0.0380070867
5 7 7 1  -0.0415904737
5 0 0 3  0.0048828021
5 0 2 3  -0.0027129300
5 0 4 3  -0.0027129300
5 1 1 3  0.0048828021
5 1 3 3  -0.0027129300
5 1 5 3  -0.0027129300
5 2 0 3  -0.0027129300
5 2 2 3  0.0019334912
5 2 4 3  0.0018688047
5 2 6 3  -0.0003990998
5 3 1 3  -0.0027129300
5 3 3 3  0.0019334912
5 3 5 3  0.0018688047
5 3 7 3  -0.0003990998
5 4 0 3  -0.0027129300
5 4 2 3  0.0018688047
5 4 4 3  0.0019334912
5 4 6 3  0.0003990998
5 5 1 3  -0.0027129300
5 5 3 3  0.0018688047
5 5 5 3  0.0019334912
5 5 7 3  0.0003990998
5 6 2 3  -0.0003990998
5 6 4 3  0.0003990998
5 6 6 3  0.0051362987
5 7 3 3  -0.0003990998
5 7 5 3  0.0003990998
5 7 7 3  0.0051362987
5 0 0 5  0.2142485174
5 0 2 5  -0.0333831777
5 0 4 5  0.0445939235
5 0 6 5  -0.0004003678
5 1 1 5  0.2142485174
5 1 3 5  -0.0333831777
5 1 5 5  0.0445939235
5 1 7 5  -0.0004003678
5 2 0 5  -0.0333831777
5 2 2 5  0.1328326318
5 2 4 5  0.0019334912
5 2 6 5  0.0343025520
5 3 1 5  -0.0333831777
5 3 3 5  0.1328326318
5 3 5 5  0.0019334912
5 3 7 5  0.0343025520
5 4 0 5  0.0445939235
5 4 2 5  0.0019334912
5 4 4 5  0.3432402326
5 4 6 5  0.0468761017
5 5 1 5  0.0445939235
5 5 3 5  0.0019334912
5 5 5 5  0.3432402326
5 5 7 5  0.0468761017
5 6 0 5  -0.0004003678
5 6 2 5  0.0343025520
5 6 4 5  0.0468761017
5 6 6 5  0.2316166074
5 7 1 5  -0.0004003678
5 7 3 5  0.0343025520
5 7 5 5  0.0468761017
5 7 7 5  0.2316166074
5 0 0 7  -0.0373269328
5 0 2 7  -0.0044179573
5 0 4 7  0.0380070867
5 0 6 7  -0.0208893131
5 1 1 7  -0.0373269328
5 1 3 7  -0.0044179573
5 1 5 7  0.0380070867
5 1 7 7  -0.0208893131
5 2 0 7  -0.0044179573
5 2 2 7  -0.0343025520
5 2 4 7  0.0003990998
5 2 6 7  0.0056974922
5 3 1 7  -0.0044179573
5 3 3 7  -0.0343025520
5 3 5 7  0.0003990998
5 3 7 7  0.0056974922
5 4 0 7  0.0380070867
5 4 2 7  0.0003990998
5 4 4 7  0.0468761017
5 4 6 7  0.0432260077
5 5 1 7  0.0380070867
5 5 3 7  0.0003990998
5 5 5 7  0.0468761017
5 5 7 7  0.0432260077
5 6 0 7  -0.0208893131
5 6 2 7  0.0056974922
5 6 4 7  0.0432260077
5 6 6 7  -0.0402721630
5 7 1 7  -0.0208893131
5 7 3 7  0.0056974922
5 7 5 7  0.0432260077
5 7 7 7  -0.0402721630
6 0 2 0  0.0220084003
6 0 4 0  -0.0220084003
6 0 6 0  0.0624625347
6 1 3 0  0.0220084003
6 1 5 0  -0.0220084003
6 1 7 0  0.0624625347
6 2 0 0  0.0220084003
6 2 2 0  0.0004003678
6 2 6 0  -0.0208893131
6 3 1 0  0.0220084003
6 3 3 0  0.0004003678
6 3 7 0  -0.0208893131
6 4 0 0  -0.0220084003
6 4 4 0  -0.0004003678
6 4 6 0  -0.0208893131
6 5 1 0  -0.0220084003
6 5 5 0  -0.0004003678
6 5 7 0  -0.0208893131
6 6 0 0  0.0624625347
6 6 2 0  -0.0208893131
6 6 4 0  -0.0208893131
6 7 1 0  0.0624625347
6 7 3 0  -0.0208893131
6 7 5 0  -0.0208893131
6 0 0 2  0.0373269328
6 0 2 2  -0.0380070867
6 0 4 2  0.0044179573
6 0 6 2  -0.0208893131
6 1 1 2  0.0373269328
6 1 3 2  -0.0380070867
6 1 5 2  0.0044179573
6 1 7 2  -0.0208893131
6 2 0 2  -0.0380070867
6 2 2 2  -0.0468761017
6 2 4 2  -0.0003990998
6 2 6 2  0.0432260077
6 3 1 2  -0.0380070867
6 3 3 2  -0.0468761017
6 3 5 2  -0.0003990998
6 3 7 2  0.0432260077
6 4 0 2  0.0044179573
6 4 2 2  -0.0003990998
6 4 4 2  0.0343025520
6 4 6 2  0.0056974922
6 5 1 2  0.0044179573
6 5 3 2  -0.0003990998
6 5 5 2  0.0343025520
6 5 7 2  0.0056974922
6 6 0 2  -0.0208893131
6 6 2 2  0.0432260077
6 6 4 2  0.0056974922
6 6 6 2  0.0402721630
6 7 1 2  -0.0208893131
6 7 3 2  0.0432260077
6 7 5 2  0.0056974922
6 7 7 2  0.0402721630
6 0 0 4  -0.0373269328
6 0 2 4  -0.0044179573
6 0 4 4  0.0380070867
6 0 6 4  -0.0208893131
6 1 1 4  -0.0373269328
6 1 3 4  -0.0044179573
6 1 5 4  0.0380070867
6 1 7 4  -0.0208893131
6 2 0 4  -0.0044179573
6 2 2 4  -0.0343025520
6 2 4 4  0.0003990998
6 2 6 4  0.0056974922
6 3 1 4  -0.0044179573
6 3 3 4  -0.0343025520
6 3 5 4  0.0003990998
6 3 7 4  0.0056974922
6 4 0 4  0.0380070867
6 4 2 4  0.0003990998
6 4 4 4  0.0468761017
6 4 6 4  0.0432260077
6 5 1 4  0.0380070867
6 5 3 4  0.0003990998
6 5 5 4  0.0468761017
6 5 7 4  0.0432260077
6 6 0 4  -0.0208893131
6 6 2 4  0.0056974922
6 6 4 4  0.0432260077
6 6 6 4  -0.0402721630
6 7 1 4  -0.0208893131
6 7 3 4  0.0056974922
6 7 5 4  0.0432260077
6 7 7 4  -0.0402721630
6 0 0 6  0.3196894104
6 0 2 6  -0.0415904737
6 0 4 6  -0.0415904737
6 1 1 6  0.3196894104
6 1 3 6  -0.0415904737
6 1 5 6  -0.0415904737
6 2 0 6  -0.0415904737
6 2 2 6  0.2316166074
6 2 4 6  0.0051362987
6 2 6 6  0.0402721630
6 3 1 6  -0.0415904737
6 3 3 6  0.2316166074
6 3 5 6  0.0051362987
6 3 7 6  0.0402721630
6 4 0 6  -0.0415904737
6 4 2 6  0.0051362987
6 4 4 6  0.2316166074
6 4 6 6  -0.0402721630
6 5 1 6  -0.0415904737
6 5 3 6  0.0051362987
6 5 5 6  0.2316166074
6 5 7 6  -0.0402721630
6 6 2 6  0.0402721630
6 6 4 6  -0.0402721630
6 6 6 6  0.3563855834
6 7 3 6  0.0402721630
6 7 5 6  -0.0402721630
6 7 7 6  0.3563855834
7 0 2 1  0.0220084003
7 0 4 1  -0.0220084003
7 0 6 1  0.0624625347
7 1 3 1  0.0220084003
7 1 5 1  -0.0220084003
7 1 7 1  0.0624625347
7 2 0 1  0.0220084003
7 2 2 1  0.0004003678
7 2 6 1  -0.0208893131
7 3 1 1  0.0220084003
7 3 3 1  0.0004003678
7 3 7 1  -0.0208893131
7 4 0 1  -0.0220084003
7 4 4 1  -0.0004003678
7 4 6 1  -0.0208893131
7 5 1 1  -0.0220084003
7 5 5 1  -0.0004003678
7 5 7 1  -0.0208893131
7 6 0 1  0.0624625347
7 6 2 1  -0.0208893131
7 6 4 1  -0.0208893131
7 7 1 1  0.0624625347
7 7 3 1  -0.0208893131
7 7 5 1  -0.0208893131
7 0 0 3  0.0373269328
7 0 2 3  -0.0380070867
7 0 4 3  0.0044179573
7 0 6 3  -0.0208893131
7 1 1 3  0.0373269328
7 1 3 3  -0.0380070867
7 1 5 3  0.0044179573
7 1 7 3  -0.0208893131
7 2 0 3  -0.0380070867
7 2 2 3  -0.0468761017
7 2 4 3  -0.0003990998
7 2 6 3  0.0432260077
7 3 1 3  -0.0380070867
7 3 3 3  -0.0468761017
7 3 5 3  -0.0003990998
7 3 7 3  0.0432260077
7 4 0 3  0.0044179573
7 4 2 3  -0.0003990998
7 4 4 3  0.0343025520
7 4 6 3  0.0056974922
7 5 1 3  0.0044179573
7 5 3 3  -0.0003990998
7 5 5 3  0.0343025520
7 5 7 3  0.0056974922
7 6 0 3  -0.0208893131
7 6 2 3  0.0432260077
7 6 4 3  0.0056974922
7 6 6 3  0.0402721630
7 7 1 3  -0.0208893131
7 7 3 3  0.0432260077
7 7 5 3  0.0056974922
7 7 7 3  0.0402721630
7 0 0 5  -0.0373269328
7 0 2 5  -0.0044179573
7 0 4 5  0.0380070867
7 0 6 5  -0.0208893131
7 1 1 5  -0.0373269328
7 1 3 5  -0.0044179573
7 1 5 5  0.0380070867
7 1 7 5  -0.0208893131
7 2 0 5  -0.0044179573
7 2 2 5  -0.0343025520
7 2 4 5  0.0003990998
7 2 6 5  0.0056974922
7 3 1 5  -0.0044179573
7 3 3 5  -0.0343025520
7 3 5 5  0.0003990998
7 3 7 5  0.0056974922
7 4 0 5  0.0380070867
7 4 2 5  0.0003990998
7 4 4 5  0.0468761017
7 4 6 5  0.0432260077
7 5 1 5  0.0380070867
7 5 3 5  0.0003990998
7 5 5 5  0.0468761017
7 5 7 5  0.0432260077
7 6 0 5  -0.0208893131
7 6 2 5  0.0056974922
7 6 4 5  0.0432260077
7 6 6 5  -0.0402721630
7 7 1 5  -0.0208893131
7 7 3 5  0.0056974922
7 7 5 5  0.0432260077
7 7 7 5  -0.0402721630
7 0 0 7  0.3196894104
7 0 2 7  -0.0415904737
7 0 4 7  -0.0415904737
7 1 1 7  0.3196894104
7 1 3 7  -0.0415904737
7 1 5 7  -0.0415904737
7 2 0 7  -0.0415904737
7 2 2 7  0.2316166074
7 2 4 7  0.0051362987
7 2 6 7  0.0402721630
7 3 1 7  -0.0415904737
7 3 3 7  0.2316166074
7 3 5 7  0.0051362987
7 3 7 7  0.0402721630
7 4 0 7  -0.0415904737
7 4 2 7  0.0051362987
7 4 4 7  0.2316166074
7 4 6 7  -0.0402721630
7 5 1 7  -0.0415904737
7 5 3 7  0.0051362987
7 5 5 7  0.2316166074
7 5 7 7  -0.0402721630
7 6 2 7  0.0402721630
7 6 4 7  -0.0402721630
7 6 6 7  0.3563855834
7 7 3 7  0.0402721630
7 7 5 7  -0.0402721630
7 7 7 7  0.3563855834

 E(FCI) = -2.0631646351

 E(HF)  = -1.4925695828
