 MO Integrals

2.1666666667
0 0  -1.7713334209
0 2  0.1067097487
0 4  0.1067097487
1 1  -1.7713334209
1 3  0.1067097487
1 5  0.1067097487
2 0  0.1067097487
2 2  -1.3648419057
2 4  0.1396118886
2 6  0.0891218557
3 1  0.1067097487
3 3  -1.3648419057
3 5  0.1396118886
3 7  0.0891218557
4 0  0.1067097487
4 2  0.1396118886
4 4  -1.3648419057
4 6  -0.0891218557
5 1  0.1067097487
5 3  0.1396118886
5 5  -1.3648419057
5 7  -0.0891218557
6 2  0.0891218557
6 4  -0.0891218557
6 6  -0.9381040922
7 3  0.0891218557
7 5  -0.0891218557
7 7  -0.9381040922
0 0 0 0  0.2427370144
0 0 2 0  -0.0283771104
0 0 4 0  -0.0283771104
0 1 1 0  0.2427370144
0 1 3 0  -0.0283771104
0 1 5 0  -0.0283771104
0 2 0 0  -0.0283771104
0 2 2 0  0.2140565680
0 2 4 0  0.0022402728
0 2 6 0  -0.0292225044
0 3 1 0  -0.0283771104
0 3 3 0  0.2140565680
0 3 5 0  0.0022402728
0 3 7 0  -0.0292225044
0 4 0 0  -0.0283771104
0 4 2 0  0.0022402728
0 4 4 0  0.2140565680
0 4 6 0  0.0292225044
0 5 1 0  -0.0283771104
0 5 3 0  0.0022402728
0 5 5 0  0.2140565680
0 5 7 0  0.0292225044
0 6 2 0  -0.0292225044
0 6 4 0  0.0292225044
0 6 6 0  0.2546570403
0 7 3 0  -0.0292225044
0 7 5 0  0.0292225044
0 7 7 0  0.2546570403
0 0 0 2  -0.0283771104
0 0 2 2  0.0659127658
0 0 4 2  -0.0121719591
0 0 6 2  -0.0153426544
0 1 1 2  -0.0283771104
0 1 3 2  0.0659127658
0 1 5 2  -0.0121719591
0 1 7 2  -0.0153426544
0 2 0 2  0.0659127658
0 2 2 2  0.0359753908
0 2 4 2  -0.0025520809
0 2 6 2  0.0624572694
0 3 1 2  0.0659127658
0 3 3 2  0.0359753908
0 3 5 2  -0.0025520809
0 3 7 2  0.0624572694
0 4 0 2  -0.0121719591
0 4 2 2  -0.0025520809
0 4 4 2  -0.0327592321
0 4 6 2  0.0128339718
0 5 1 2  -0.0121719591
0 5 3 2  -0.0025520809
0 5 5 2  -0.0327592321
0 5 7 2  0.0128339718
0 6 0 2  -0.0153426544
0 6 2 2  0.0624572694
0 6 4 2  0.0128339718
0 6 6 2  -0.0296928792
0 7 1 2  -0.0153426544
0 7 3 2  0.0624572694
0 7 5 2  0.0128339718
0 7 7 2  -0.0296928792
0 0 0 4  -0.0283771104
0 0 2 4  -0.0121719591
0 0 4 4  0.0659127658
0 0 6 4  0.0153426544
0 1 1 4  -0.0283771104
0 1 3 4  -0.0121719591
0 1 5 4  0.0659127658
0 1 7 4  0.0153426544
0 2 0 4  -0.0121719591
0 2 2 4  -0.0327592321
0 2 4 4  -0.0025520809
0 2 6 4  -0.0128339718
0 3 1 4  -0.0121719591
0 3 3 4  -0.0327592321
0 3 5 4  -0.0025520809
0 3 7 4  -0.0128339718
0 4 0 4  0.0659127658
0 4 2 4  -0.0025520809
0 4 4 4  0.0359753908
0 4 6 4  -0.0624572694
0 5 1 4  0.0659127658
0 5 3 4  -0.0025520809
0 5 5 4  0.0359753908
0 5 7 4  -0.0624572694
0 6 0 4  0.0153426544
0 6 2 4  -0.0128339718
0 6 4 4  -0.0624572694
0 6 6 4  -0.0296928792
0 7 1 4  0.0153426544
0 7 3 4  -0.0128339718
0 7 5 4  -0.0624572694
0 7 7 4  -0.0296928792
0 0 2 6  -0.0153426544
0 0 4 6  0.0153426544
0 0 6 6  0.0495450096
0 1 3 6  -0.0153426544
0 1 5 6  0.0153426544
0 1 7 6  0.0495450096
0 2 0 6  -0.0153426544
0 2 2 6  0.0274659898
0 2 6 6  -0.0146395202
0 3 1 6  -0.0153426544
0 3 3 6  0.0274659898
0 3 7 6  -0.0146395202
0 4 0 6  0.0153426544
0 4 4 6  -0.0274659898
0 4 6 6  -0.0146395202
0 5 1 6  0.0153426544
0 5 5 6  -0.0274659898
0 5 7 6  -0.0146395202
0 6 0 6  0.0495450096
0 6 2 6  -0.0146395202
0 6 4 6  -0.0146395202
0 7 1 6  0.0495450096
0 7 3 6  -0.0146395202
0 7 5 6  -0.0146395202
1 0 0 1  0.2427370144
1 0 2 1  -0.0283771104
1 0 4 1  -0.0283771104
1 1 1 1  0.2427370144
1 1 3 1  -0.0283771104
1 1 5 1  -0.0283771104
1 2 0 1  -0.0283771104
1 2 2 1  0.2140565680
1 2 4 1  0.0022402728
1 2 6 1  -0.0292225044
1 3 1 1  -0.0283771104
1 3 3 1  0.2140565680
1 3 5 1  0.0022402728
1 3 7 1  -0.0292225044
1 4 0 1  -0.0283771104
1 4 2 1  0.0022402728
1 4 4 1  0.2140565680
1 4 6 1  0.0292225044
1 5 1 1  -0.0283771104
1 5 3 1  0.0022402728
1 5 5 1  0.2140565680
1 5 7 1  0.0292225044
1 6 2 1  -0.0292225044
1 6 4 1  0.0292225044
1 6 6 1  0.2546570403
1 7 3 1  -0.0292225044
1 7 5 1  0.0292225044
1 7 7 1  0.2546570403
1 0 0 3  -0.0283771104
1 0 2 3  0.0659127658
1 0 4 3  -0.0121719591
1 0 6 3  -0.0153426544
1 1 1 3  -0.0283771104
1 1 3 3  0.0659127658
1 1 5 3  -0.0121719591
1 1 7 3  -0.0153426544
1 2 0 3  0.0659127658
1 2 2 3  0.0359753908
1 2 4 3  -0.0025520809
1 2 6 3  0.0624572694
1 3 1 3  0.0659127658
1 3 3 3  0.0359753908
1 3 5 3  -0.0025520809
1 3 7 3  0.0624572694
1 4 0 3  -0.0121719591
1 4 2 3  -0.0025520809
1 4 4 3  -0.0327592321
1 4 6 3  0.0128339718
1 5 1 3  -0.0121719591
1 5 3 3  -0.0025520809
1 5 5 3  -0.0327592321
1 5 7 3  0.0128339718
1 6 0 3  -0.0153426544
1 6 2 3  0.0624572694
1 6 4 3  0.0128339718
1 6 6 3  -0.0296928792
1 7 1 3  -0.0153426544
1 7 3 3  0.0624572694
1 7 5 3  0.0128339718
1 7 7 3  -0.0296928792
1 0 0 5  -0.0283771104
1 0 2 5  -0.0121719591
1 0 4 5  0.0659127658
1 0 6 5  0.0153426544
1 1 1 5  -0.0283771104
1 1 3 5  -0.0121719591
1 1 5 5  0.0659127658
1 1 7 5  0.0153426544
1 2 0 5  -0.0121719591
1 2 2 5  -0.0327592321
1 2 4 5  -0.0025520809
1 2 6 5  -0.0128339718
1 3 1 5  -0.0121719591
1 3 3 5  -0.0327592321
1 3 5 5  -0.0025520809
1 3 7 5  -0.0128339718
1 4 0 5  0.0659127658
1 4 2 5  -0.0025520809
1 4 4 5  0.0359753908
1 4 6 5  -0.0624572694
1 5 1 5  0.0659127658
1 5 3 5  -0.0025520809
1 5 5 5  0.0359753908
1 5 7 5  -0.0624572694
1 6 0 5  0.0153426544
1 6 2 5  -0.0128339718
1 6 4 5  -0.0624572694
1 6 6 5  -0.0296928792
1 7 1 5  0.0153426544
1 7 3 5  -0.0128339718
1 7 5 5  -0.0624572694
1 7 7 5  -0.0296928792
1 0 2 7  -0.0153426544
1 0 4 7  0.0153426544
1 0 6 7  0.0495450096
1 1 3 7  -0.0153426544
1 1 5 7  0.0153426544
1 1 7 7  0.0495450096
1 2 0 7  -0.0153426544
1 2 2 7  0.0274659898
1 2 6 7  -0.0146395202
1 3 1 7  -0.0153426544
1 3 3 7  0.0274659898
1 3 7 7  -0.0146395202
1 4 0 7  0.0153426544
1 4 4 7  -0.0274659898
1 4 6 7  -0.0146395202
1 5 1 7  0.0153426544
1 5 5 7  -0.0274659898
1 5 7 7  -0.0146395202
1 6 0 7  0.0495450096
1 6 2 7  -0.0146395202
1 6 4 7  -0.0146395202
1 7 1 7  0.0495450096
1 7 3 7  -0.0146395202
1 7 5 7  -0.0146395202
2 0 0 0  -0.0283771104
2 0 2 0  0.0659127658
2 0 4 0  -0.0121719591
2 0 6 0  -0.0153426544
2 1 1 0  -0.0283771104
2 1 3 0  0.0659127658
2 1 5 0  -0.0121719591
2 1 7 0  -0.0153426544
2 2 0 0  0.0659127658
2 2 2 0  0.0359753908
2 2 4 0  -0.0025520809
2 2 6 0  0.0624572694
2 3 1 0  0.0659127658
2 3 3 0  0.0359753908
2 3 5 0  -0.0025520809
2 3 7 0  0.0624572694
2 4 0 0  -0.0121719591
2 4 2 0  -0.0025520809
2 4 4 0  -0.0327592321
2 4 6 0  0.0128339718
2 5 1 0  -0.0121719591
2 5 3 0  -0.0025520809
2 5 5 0  -0.0327592321
2 5 7 0  0.0128339718
2 6 0 0  -0.0153426544
2 6 2 0  0.0624572694
2 6 4 0  0.0128339718
2 6 6 0  -0.0296928792
2 7 1 0  -0.0153426544
2 7 3 0  0.0624572694
2 7 5 0  0.0128339718
2 7 7 0  -0.0296928792
2 0 0 2  0.2140565680
2 0 2 2  0.0359753908
2 0 4 2  -0.0327592321
2 0 6 2  0.0274659898
2 1 1 2  0.2140565680
2 1 3 2  0.0359753908
2 1 5 2  -0.0327592321
2 1 7 2  0.0274659898
2 2 0 2  0.0359753908
2 2 2 2  0.2910183467
2 2 4 2  0.0016307807
2 2 6 2  0.0351895018
2 3 1 2  0.0359753908
2 3 3 2  0.2910183467
2 3 5 2  0.0016307807
2 3 7 2  0.0351895018
2 4 0 2  -0.0327592321
2 4 2 2  0.0016307807
2 4 4 2  0.1517722826
2 4 6 2  0.0350098445
2 5 1 2  -0.0327592321
2 5 3 2  0.0016307807
2 5 5 2  0.1517722826
2 5 7 2  0.0350098445
2 6 0 2  0.0274659898
2 6 2 2  0.0351895018
2 6 4 2  0.0350098445
2 6 6 2  0.2285739967
2 7 1 2  0.0274659898
2 7 3 2  0.0351895018
2 7 5 2  0.0350098445
2 7 7 2  0.2285739967
2 0 0 4  0.0022402728
2 0 2 4  -0.0025520809
2 0 4 4  -0.0025520809
2 1 1 4  0.0022402728
2 1 3 4  -0.0025520809
2 1 5 4  -0.0025520809
2 2 0 4  -0.0025520809
2 2 2 4  0.0016307807
2 2 4 4  0.0028961968
2 2 6 4  0.0003325689
2 3 1 4  -0.0025520809
2 3 3 4  0.0016307807
2 3 5 4  0.0028961968
2 3 7 4  0.0003325689
2 4 0 4  -0.0025520809
2 4 2 4  0.0028961968
2 4 4 4  0.0016307807
2 4 6 4  -0.0003325689
2 5 1 4  -0.0025520809
2 5 3 4  0.0028961968
2 5 5 4  0.0016307807
2 5 7 4  -0.0003325689
2 6 2 4  0.0003325689
2 6 4 4  -0.0003325689
2 6 6 4  0.0036641805
2 7 3 4  0.0003325689
2 7 5 4  -0.0003325689
2 7 7 4  0.0036641805
2 0 0 6  -0.0292225044
2 0 2 6  0.0624572694
2 0 4 6  -0.0128339718
2 0 6 6  -0.0146395202
2 1 1 6  -0.0292225044
2 1 3 6  0.0624572694
2 1 5 6  -0.0128339718
2 1 7 6  -0.0146395202
2 2 0 6  0.0624572694
2 2 2 6  0.0351895018
2 2 4 6  0.0003325689
2 2 6 6  0.0668404752
2 3 1 6  0.0624572694
2 3 3 6  0.0351895018
2 3 5 6  0.0003325689
2 3 7 6  0.0668404752
2 4 0 6  -0.0128339718
2 4 2 6  0.0003325689
2 4 4 6  -0.0350098445
2 4 6 6  0.0142808279
2 5 1 6  -0.0128339718
2 5 3 6  0.0003325689
2 5 5 6  -0.0350098445
2 5 7 6  0.0142808279
2 6 0 6  -0.0146395202
2 6 2 6  0.0668404752
2 6 4 6  0.0142808279
2 6 6 6  -0.0321311803
2 7 1 6  -0.0146395202
2 7 3 6  0.0668404752
2 7 5 6  0.0142808279
2 7 7 6  -0.0321311803
3 0 0 1  -0.0283771104
3 0 2 1  0.0659127658
3 0 4 1  -0.0121719591
3 0 6 1  -0.0153426544
3 1 1 1  -0.0283771104
3 1 3 1  0.0659127658
3 1 5 1  -0.0121719591
3 1 7 1  -0.0153426544
3 2 0 1  0.0659127658
3 2 2 1  0.0359753908
3 2 4 1  -0.0025520809
3 2 6 1  0.0624572694
3 3 1 1  0.0659127658
3 3 3 1  0.0359753908
3 3 5 1  -0.0025520809
3 3 7 1  0.0624572694
3 4 0 1  -0.0121719591
3 4 2 1  -0.0025520809
3 4 4 1  -0.0327592321
3 4 6 1  0.0128339718
3 5 1 1  -0.0121719591
3 5 3 1  -0.0025520809
3 5 5 1  -0.0327592321
3 5 7 1  0.0128339718
3 6 0 1  -0.0153426544
3 6 2 1  0.0624572694
3 6 4 1  0.0128339718
3 6 6 1  -0.0296928792
3 7 1 1  -0.0153426544
3 7 3 1  0.0624572694
3 7 5 1  0.0128339718
3 7 7 1  -0.0296928792
3 0 0 3  0.2140565680
3 0 2 3  0.0359753908
3 0 4 3  -0.0327592321
3 0 6 3  0.0274659898
3 1 1 3  0.2140565680
3 1 3 3  0.0359753908
3 1 5 3  -0.0327592321
3 1 7 3  0.0274659898
3 2 0 3  0.0359753908
3 2 2 3  0.2910183467
3 2 4 3  0.0016307807
3 2 6 3  0.0351895018
3 3 1 3  0.0359753908
3 3 3 3  0.2910183467
3 3 5 3  0.0016307807
3 3 7 3  0.0351895018
3 4 0 3  -0.0327592321
3 4 2 3  0.0016307807
3 4 4 3  0.1517722826
3 4 6 3  0.0350098445
3 5 1 3  -0.0327592321
3 5 3 3  0.0016307807
3 5 5 3  0.1517722826
3 5 7 3  0.0350098445
3 6 0 3  0.0274659898
3 6 2 3  0.0351895018
3 6 4 3  0.0350098445
3 6 6 3  0.2285739967
3 7 1 3  0.0274659898
3 7 3 3  0.0351895018
3 7 5 3  0.0350098445
3 7 7 3  0.2285739967
3 0 0 5  0.0022402728
3 0 2 5  -0.0025520809
3 0 4 5  -0.0025520809
3 1 1 5  0.0022402728
3 1 3 5  -0.0025520809
3 1 5 5  -0.0025520809
3 2 0 5  -0.0025520809
3 2 2 5  0.0016307807
3 2 4 5  0.0028961968
3 2 6 5  0.0003325689
3 3 1 5  -0.0025520809
3 3 3 5  0.0016307807
3 3 5 5  0.0028961968
3 3 7 5  0.0003325689
3 4 0 5  -0.0025520809
3 4 2 5  0.0028961968
3 4 4 5  0.0016307807
3 4 6 5  -0.0003325689
3 5 1 5  -0.0025520809
3 5 3 5  0.0028961968
3 5 5 5  0.0016307807
3 5 7 5  -0.0003325689
3 6 2 5  0.0003325689
3 6 4 5  -0.0003325689
3 6 6 5  0.0036641805
3 7 3 5  0.0003325689
3 7 5 5  -0.0003325689
3 7 7 5  0.0036641805
3 0 0 7  -0.0292225044
3 0 2 7  0.0624572694
3 0 4 7  -0.0128339718
3 0 6 7  -0.0146395202
3 1 1 7  -0.0292225044
3 1 3 7  0.0624572694
3 1 5 7  -0.0128339718
3 1 7 7  -0.0146395202
3 2 0 7  0.0624572694
3 2 2 7  0.0351895018
3 2 4 7  0.0003325689
3 2 6 7  0.0668404752
3 3 1 7  0.0624572694
3 3 3 7  0.0351895018
3 3 5 7  0.0003325689
3 3 7 7  0.0668404752
3 4 0 7  -0.0128339718
3 4 2 7  0.0003325689
3 4 4 7  -0.0350098445
3 4 6 7  0.0142808279
3 5 1 7  -0.0128339718
3 5 3 7  0.0003325689
3 5 5 7  -0.0350098445
3 5 7 7  0.0142808279
3 6 0 7  -0.0146395202
3 6 2 7  0.0668404752
3 6 4 7  0.0142808279
3 6 6 7  -0.0321311803
3 7 1 7  -0.0146395202
3 7 3 7  0.0668404752
3 7 5 7  0.0142808279
3 7 7 7  -0.0321311803
4 0 0 0  -0.0283771104
4 0 2 0  -0.0121719591
4 0 4 0  0.0659127658
4 0 6 0  0.0153426544
4 1 1 0  -0.0283771104
4 1 3 0  -0.0121719591
4 1 5 0  0.0659127658
4 1 7 0  0.0153426544
4 2 0 0  -0.0121719591
4 2 2 0  -0.0327592321
4 2 4 0  -0.0025520809
4 2 6 0  -0.0128339718
4 3 1 0  -0.0121719591
4 3 3 0  -0.0327592321
4 3 5 0  -0.0025520809
4 3 7 0  -0.0128339718
4 4 0 0  0.0659127658
4 4 2 0  -0.0025520809
4 4 4 0  0.0359753908
4 4 6 0  -0.0624572694
4 5 1 0  0.0659127658
4 5 3 0  -0.0025520809
4 5 5 0  0.0359753908
4 5 7 0  -0.0624572694
4 6 0 0  0.0153426544
4 6 2 0  -0.0128339718
4 6 4 0  -0.0624572694
4 6 6 0  -0.0296928792
4 7 1 0  0.0153426544
4 7 3 0  -0.0128339718
4 7 5 0  -0.0624572694
4 7 7 0  -0.0296928792
4 0 0 2  0.0022402728
4 0 2 2  -0.0025520809
4 0 4 2  -0.0025520809
4 1 1 2  0.0022402728
4 1 3 2  -0.0025520809
4 1 5 2  -0.0025520809
4 2 0 2  -0.0025520809
4 2 2 2  0.0016307807
4 2 4 2  0.0028961968
4 2 6 2  0.0003325689
4 3 1 2  -0.0025520809
4 3 3 2  0.0016307807
4 3 5 2  0.0028961968
4 3 7 2  0.0003325689
4 4 0 2  -0.0025520809
4 4 2 2  0.0028961968
4 4 4 2  0.0016307807
4 4 6 2  -0.0003325689
4 5 1 2  -0.0025520809
4 5 3 2  0.0028961968
4 5 5 2  0.0016307807
4 5 7 2  -0.0003325689
4 6 2 2  0.0003325689
4 6 4 2  -0.0003325689
4 6 6 2  0.0036641805
4 7 3 2  0.0003325689
4 7 5 2  -0.0003325689
4 7 7 2  0.0036641805
4 0 0 4  0.2140565680
4 0 2 4  -0.0327592321
4 0 4 4  0.0359753908
4 0 6 4  -0.0274659898
4 1 1 4  0.2140565680
4 1 3 4  -0.0327592321
4 1 5 4  0.0359753908
4 1 7 4  -0.0274659898
4 2 0 4  -0.0327592321
4 2 2 4  0.1517722826
4 2 4 4  0.0016307807
4 2 6 4  -0.0350098445
4 3 1 4  -0.0327592321
4 3 3 4  0.1517722826
4 3 5 4  0.0016307807
4 3 7 4  -0.0350098445
4 4 0 4  0.0359753908
4 4 2 4  0.0016307807
4 4 4 4  0.2910183467
4 4 6 4  -0.0351895018
4 5 1 4  0.0359753908
4 5 3 4  0.0016307807
4 5 5 4  0.2910183467
4 5 7 4  -0.0351895018
4 6 0 4  -0.0274659898
4 6 2 4  -0.0350098445
4 6 4 4  -0.0351895018
4 6 6 4  0.2285739967
4 7 1 4  -0.0274659898
4 7 3 4  -0.0350098445
4 7 5 4  -0.0351895018
4 7 7 4  0.2285739967
4 0 0 6  0.0292225044
4 0 2 6  0.0128339718
4 0 4 6  -0.0624572694
4 0 6 6  -0.0146395202
4 1 1 6  0.0292225044
4 1 3 6  0.0128339718
4 1 5 6  -0.0624572694
4 1 7 6  -0.0146395202
4 2 0 6  0.0128339718
4 2 2 6  0.0350098445
4 2 4 6  -0.0003325689
4 2 6 6  0.0142808279
4 3 1 6  0.0128339718
4 3 3 6  0.0350098445
4 3 5 6  -0.0003325689
4 3 7 6  0.0142808279
4 4 0 6  -0.0624572694
4 4 2 6  -0.0003325689
4 4 4 6  -0.0351895018
4 4 6 6  0.0668404752
4 5 1 6  -0.0624572694
4 5 3 6  -0.0003325689
4 5 5 6  -0.0351895018
4 5 7 6  0.0668404752
4 6 0 6  -0.0146395202
4 6 2 6  0.0142808279
4 6 4 6  0.0668404752
4 6 6 6  0.0321311803
4 7 1 6  -0.0146395202
4 7 3 6  0.0142808279
4 7 5 6  0.0668404752
4 7 7 6  0.0321311803
5 0 0 1  -0.0283771104
5 0 2 1  -0.0121719591
5 0 4 1  0.0659127658
5 0 6 1  0.0153426544
5 1 1 1  -0.0283771104
5 1 3 1  -0.0121719591
5 1 5 1  0.0659127658
5 1 7 1  0.0153426544
5 2 0 1  -0.0121719591
5 2 2 1  -0.0327592321
5 2 4 1  -0.0025520809
5 2 6 1  -0.0128339718
5 3 1 1  -0.0121719591
5 3 3 1  -0.0327592321
5 3 5 1  -0.0025520809
5 3 7 1  -0.0128339718
5 4 0 1  0.0659127658
5 4 2 1  -0.0025520809
5 4 4 1  0.0359753908
5 4 6 1  -0.0624572694
5 5 1 1  0.0659127658
5 5 3 1  -0.0025520809
5 5 5 1  0.0359753908
5 5 7 1  -0.0624572694
5 6 0 1  0.0153426544
5 6 2 1  -0.0128339718
5 6 4 1  -0.0624572694
5 6 6 1  -0.0296928792
5 7 1 1  0.0153426544
5 7 3 1  -0.0128339718
5 7 5 1  -0.0624572694
5 7 7 1  -0.0296928792
5 0 0 3  0.0022402728
5 0 2 3  -0.0025520809
5 0 4 3  -0.0025520809
5 1 1 3  0.0022402728
5 1 3 3  -0.0025520809
5 1 5 3  -0.0025520809
5 2 0 3  -0.0025520809
5 2 2 3  0.0016307807
5 2 4 3  0.0028961968
5 2 6 3  0.0003325689
5 3 1 3  -0.0025520809
5 3 3 3  0.0016307807
5 3 5 3  0.0028961968
5 3 7 3  0.0003325689
5 4 0 3  -0.0025520809
5 4 2 3  0.0028961968
5 4 4 3  0.0016307807
5 4 6 3  -0.0003325689
5 5 1 3  -0.0025520809
5 5 3 3  0.0028961968
5 5 5 3  0.0016307807
5 5 7 3  -0.0003325689
5 6 2 3  0.0003325689
5 6 4 3  -0.0003325689
5 6 6 3  0.0036641805
5 7 3 3  0.0003325689
5 7 5 3  -0.0003325689
5 7 7 3  0.0036641805
5 0 0 5  0.2140565680
5 0 2 5  -0.0327592321
5 0 4 5  0.0359753908
5 0 6 5  -0.0274659898
5 1 1 5  0.2140565680
5 1 3 5  -0.0327592321
5 1 5 5  0.0359753908
5 1 7 5  -0.0274659898
5 2 0 5  -0.0327592321
5 2 2 5  0.1517722826
5 2 4 5  0.0016307807
5 2 6 5  -0.0350098445
5 3 1 5  -0.0327592321
5 3 3 5  0.1517722826
5 3 5 5  0.0016307807
5 3 7 5  -0.0350098445
5 4 0 5  0.0359753908
5 4 2 5  0.0016307807
5 4 4 5  0.2910183467
5 4 6 5  -0.0351895018
5 5 1 5  0.0359753908
5 5 3 5  0.0016307807
5 5 5 5  0.2910183467
5 5 7 5  -0.0351895018
5 6 0 5  -0.0274659898
5 6 2 5  -0.0350098445
5 6 4 5  -0.0351895018
5 6 6 5  0.2285739967
5 7 1 5  -0.0274659898
5 7 3 5  -0.0350098445
5 7 5 5  -0.0351895018
5 7 7 5  0.2285739967
5 0 0 7  0.0292225044
5 0 2 7  0.0128339718
5 0 4 7  -0.0624572694
5 0 6 7  -0.0146395202
5 1 1 7  0.0292225044
5 1 3 7  0.0128339718
5 1 5 7  -0.0624572694
5 1 7 7  -0.0146395202
5 2 0 7  0.0128339718
5 2 2 7  0.0350098445
5 2 4 7  -0.0003325689
5 2 6 7  0.0142808279
5 3 1 7  0.0128339718
5 3 3 7  0.0350098445
5 3 5 7  -0.0003325689
5 3 7 7  0.0142808279
5 4 0 7  -0.0624572694
5 4 2 7  -0.0003325689
5 4 4 7  -0.0351895018
5 4 6 7  0.0668404752
5 5 1 7  -0.0624572694
5 5 3 7  -0.0003325689
5 5 5 7  -0.0351895018
5 5 7 7  0.0668404752
5 6 0 7  -0.0146395202
5 6 2 7  0.0142808279
5 6 4 7  0.0668404752
5 6 6 7  0.0321311803
5 7 1 7  -0.0146395202
5 7 3 7  0.0142808279
5 7 5 7  0.0668404752
5 7 7 7  0.0321311803
6 0 2 0  -0.0153426544
6 0 4 0  0.0153426544
6 0 6 0  0.0495450096
6 1 3 0  -0.0153426544
6 1 5 0  0.0153426544
6 1 7 0  0.0495450096
6 2 0 0  -0.0153426544
6 2 2 0  0.0274659898
6 2 6 0  -0.0146395202
6 3 1 0  -0.0153426544
6 3 3 0  0.0274659898
6 3 7 0  -0.0146395202
6 4 0 0  0.0153426544
6 4 4 0  -0.0274659898
6 4 6 0  -0.0146395202
6 5 1 0  0.0153426544
6 5 5 0  -0.0274659898
6 5 7 0  -0.0146395202
6 6 0 0  0.0495450096
6 6 2 0  -0.0146395202
6 6 4 0  -0.0146395202
6 7 1 0  0.0495450096
6 7 3 0  -0.0146395202
6 7 5 0  -0.0146395202
6 0 0 2  -0.0292225044
6 0 2 2  0.0624572694
6 0 4 2  -0.0128339718
6 0 6 2  -0.0146395202
6 1 1 2  -0.0292225044
6 1 3 2  0.0624572694
6 1 5 2  -0.0128339718
6 1 7 2  -0.0146395202
6 2 0 2  0.0624572694
6 2 2 2  0.0351895018
6 2 4 2  0.0003325689
6 2 6 2  0.0668404752
6 3 1 2  0.0624572694
6 3 3 2  0.0351895018
6 3 5 2  0.0003325689
6 3 7 2  0.0668404752
6 4 0 2  -0.0128339718
6 4 2 2  0.0003325689
6 4 4 2  -0.0350098445
6 4 6 2  0.0142808279
6 5 1 2  -0.0128339718
6 5 3 2  0.0003325689
6 5 5 2  -0.0350098445
6 5 7 2  0.0142808279
6 6 0 2  -0.0146395202
6 6 2 2  0.0668404752
6 6 4 2  0.0142808279
6 6 6 2  -0.0321311803
6 7 1 2  -0.0146395202
6 7 3 2  0.0668404752
6 7 5 2  0.0142808279
6 7 7 2  -0.0321311803
6 0 0 4  0.0292225044
6 0 2 4  0.0128339718
6 0 4 4  -0.0624572694
6 0 6 4  -0.0146395202
6 1 1 4  0.0292225044
6 1 3 4  0.0128339718
6 1 5 4  -0.0624572694
6 1 7 4  -0.0146395202
6 2 0 4  0.0128339718
6 2 2 4  0.0350098445
6 2 4 4  -0.0003325689
6 2 6 4  0.0142808279
6 3 1 4  0.0128339718
6 3 3 4  0.0350098445
6 3 5 4  -0.0003325689
6 3 7 4  0.0142808279
6 4 0 4  -0.0624572694
6 4 2 4  -0.0003325689
6 4 4 4  -0.0351895018
6 4 6 4  0.0668404752
6 5 1 4  -0.0624572694
6 5 3 4  -0.0003325689
6 5 5 4  -0.0351895018
6 5 7 4  0.0668404752
6 6 0 4  -0.0146395202
6 6 2 4  0.0142808279
6 6 4 4  0.0668404752
6 6 6 4  0.0321311803
6 7 1 4  -0.0146395202
6 7 3 4  0.0142808279
6 7 5 4  0.0668404752
6 7 7 4  0.0321311803
6 0 0 6  0.2546570403
6 0 2 6  -0.0296928792
6 0 4 6  -0.0296928792
6 1 1 6  0.2546570403
6 1 3 6  -0.0296928792
6 1 5 6  -0.0296928792
6 2 0 6  -0.0296928792
6 2 2 6  0.2285739967
6 2 4 6  0.0036641805
6 2 6 6  -0.0321311803
6 3 1 6  -0.0296928792
6 3 3 6  0.2285739967
6 3 5 6  0.0036641805
6 3 7 6  -0.0321311803
6 4 0 6  -0.0296928792
6 4 2 6  0.0036641805
6 4 4 6  0.2285739967
6 4 6 6  0.0321311803
6 5 1 6  -0.0296928792
6 5 3 6  0.0036641805
6 5 5 6  0.2285739967
6 5 7 6  0.0321311803
6 6 2 6  -0.0321311803
6 6 4 6  0.0321311803
6 6 6 6  0.2813925269
6 7 3 6  -0.0321311803
6 7 5 6  0.0321311803
6 7 7 6  0.2813925269
7 0 2 1  -0.0153426544
7 0 4 1  0.0153426544
7 0 6 1  0.0495450096
7 1 3 1  -0.0153426544
7 1 5 1  0.0153426544
7 1 7 1  0.0495450096
7 2 0 1  -0.0153426544
7 2 2 1  0.0274659898
7 2 6 1  -0.0146395202
7 3 1 1  -0.0153426544
7 3 3 1  0.0274659898
7 3 7 1  -0.0146395202
7 4 0 1  0.0153426544
7 4 4 1  -0.0274659898
7 4 6 1  -0.0146395202
7 5 1 1  0.0153426544
7 5 5 1  -0.0274659898
7 5 7 1  -0.0146395202
7 6 0 1  0.0495450096
7 6 2 1  -0.0146395202
7 6 4 1  -0.0146395202
7 7 1 1  0.0495450096
7 7 3 1  -0.0146395202
7 7 5 1  -0.0146395202
7 0 0 3  -0.0292225044
7 0 2 3  0.0624572694
7 0 4 3  -0.0128339718
7 0 6 3  -0.0146395202
7 1 1 3  -0.0292225044
7 1 3 3  0.0624572694
7 1 5 3  -0.0128339718
7 1 7 3  -0.0146395202
7 2 0 3  0.0624572694
7 2 2 3  0.0351895018
7 2 4 3  0.0003325689
7 2 6 3  0.0668404752
7 3 1 3  0.0624572694
7 3 3 3  0.0351895018
7 3 5 3  0.0003325689
7 3 7 3  0.0668404752
7 4 0 3  -0.0128339718
7 4 2 3  0.0003325689
7 4 4 3  -0.0350098445
7 4 6 3  0.0142808279
7 5 1 3  -0.0128339718
7 5 3 3  0.0003325689
7 5 5 3  -0.0350098445
7 5 7 3  0.0142808279
7 6 0 3  -0.0146395202
7 6 2 3  0.0668404752
7 6 4 3  0.0142808279
7 6 6 3  -0.0321311803
7 7 1 3  -0.0146395202
7 7 3 3  0.0668404752
7 7 5 3  0.0142808279
7 7 7 3  -0.0321311803
7 0 0 5  0.0292225044
7 0 2 5  0.0128339718
7 0 4 5  -0.0624572694
7 0 6 5  -0.0146395202
7 1 1 5  0.0292225044
7 1 3 5  0.0128339718
7 1 5 5  -0.0624572694
7 1 7 5  -0.0146395202
7 2 0 5  0.0128339718
7 2 2 5  0.0350098445
7 2 4 5  -0.0003325689
7 2 6 5  0.0142808279
7 3 1 5  0.0128339718
7 3 3 5  0.0350098445
7 3 5 5  -0.0003325689
7 3 7 5  0.0142808279
7 4 0 5  -0.0624572694
7 4 2 5  -0.0003325689
7 4 4 5  -0.0351895018
7 4 6 5  0.0668404752
7 5 1 5  -0.0624572694
7 5 3 5  -0.0003325689
7 5 5 5  -0.0351895018
7 5 7 5  0.0668404752
7 6 0 5  -0.0146395202
7 6 2 5  0.0142808279
7 6 4 5  0.0668404752
7 6 6 5  0.0321311803
7 7 1 5  -0.0146395202
7 7 3 5  0.0142808279
7 7 5 5  0.0668404752
7 7 7 5  0.0321311803
7 0 0 7  0.2546570403
7 0 2 7  -0.0296928792
7 0 4 7  -0.0296928792
7 1 1 7  0.2546570403
7 1 3 7  -0.0296928792
7 1 5 7  -0.0296928792
7 2 0 7  -0.0296928792
7 2 2 7  0.2285739967
7 2 4 7  0.0036641805
7 2 6 7  -0.0321311803
7 3 1 7  -0.0296928792
7 3 3 7  0.2285739967
7 3 5 7  0.0036641805
7 3 7 7  -0.0321311803
7 4 0 7  -0.0296928792
7 4 2 7  0.0036641805
7 4 4 7  0.2285739967
7 4 6 7  0.0321311803
7 5 1 7  -0.0296928792
7 5 3 7  0.0036641805
7 5 5 7  0.2285739967
7 5 7 7  0.0321311803
7 6 2 7  -0.0321311803
7 6 4 7  0.0321311803
7 6 6 7  0.2813925269
7 7 3 7  -0.0321311803
7 7 5 7  0.0321311803
7 7 7 7  0.2813925269

 E(FCI) = -2.1510076254

 E(HF)  = -1.5893717834
