 MO Integrals

2.4199134199
0 0  -1.9360266223
0 4  0.1766074565
1 1  -1.9360266223
1 5  0.1766074565
2 2  -1.5202651741
2 6  -0.1368361117
3 3  -1.5202651741
3 7  -0.1368361117
4 0  0.1766074565
4 4  -1.2883604113
5 1  0.1766074565
5 5  -1.2883604113
6 2  -0.1368361117
6 6  -0.8603086106
7 3  -0.1368361117
7 7  -0.8603086106
0 0 0 0  0.2710058589
0 0 4 0  -0.0514983894
0 1 1 0  0.2710058589
0 1 5 0  -0.0514983894
0 2 2 0  0.2140006014
0 2 6 0  0.0491946299
0 3 3 0  0.2140006014
0 3 7 0  0.0491946299
0 4 0 0  -0.0514983894
0 4 4 0  0.2226064837
0 5 1 0  -0.0514983894
0 5 5 0  0.2226064837
0 6 2 0  0.0491946299
0 6 6 0  0.2851545530
0 7 3 0  0.0491946299
0 7 7 0  0.2851545530
0 0 2 2  0.0638253718
0 0 6 2  0.0266954015
0 1 3 2  0.0638253718
0 1 7 2  0.0266954015
0 2 0 2  0.0638253718
0 2 4 2  0.0544771077
0 3 1 2  0.0638253718
0 3 5 2  0.0544771077
0 4 2 2  0.0544771077
0 4 6 2  -0.0606314379
0 5 3 2  0.0544771077
0 5 7 2  -0.0606314379
0 6 0 2  0.0266954015
0 6 4 2  -0.0606314379
0 7 1 2  0.0266954015
0 7 5 2  -0.0606314379
0 0 0 4  -0.0514983894
0 0 4 4  0.0510073579
0 1 1 4  -0.0514983894
0 1 5 4  0.0510073579
0 2 2 4  0.0088360169
0 2 6 4  -0.0444271799
0 3 3 4  0.0088360169
0 3 7 4  -0.0444271799
0 4 0 4  0.0510073579
0 4 4 4  -0.0003548898
0 5 1 4  0.0510073579
0 5 5 4  -0.0003548898
0 6 2 4  -0.0444271799
0 6 6 4  -0.0533474796
0 7 3 4  -0.0444271799
0 7 7 4  -0.0533474796
0 0 2 6  0.0266954015
0 0 6 6  0.0534843345
0 1 3 6  0.0266954015
0 1 7 6  0.0534843345
0 2 0 6  0.0266954015
0 2 4 6  -0.0161127014
0 3 1 6  0.0266954015
0 3 5 6  -0.0161127014
0 4 2 6  -0.0161127014
0 4 6 6  -0.0258446777
0 5 3 6  -0.0161127014
0 5 7 6  -0.0258446777
0 6 0 6  0.0534843345
0 6 4 6  -0.0258446777
0 7 1 6  0.0534843345
0 7 5 6  -0.0258446777
1 0 0 1  0.2710058589
1 0 4 1  -0.0514983894
1 1 1 1  0.2710058589
1 1 5 1  -0.0514983894
1 2 2 1  0.2140006014
1 2 6 1  0.0491946299
1 3 3 1  0.2140006014
1 3 7 1  0.0491946299
1 4 0 1  -0.0514983894
1 4 4 1  0.2226064837
1 5 1 1  -0.0514983894
1 5 5 1  0.2226064837
1 6 2 1  0.0491946299
1 6 6 1  0.2851545530
1 7 3 1  0.0491946299
1 7 7 1  0.2851545530
1 0 2 3  0.0638253718
1 0 6 3  0.0266954015
1 1 3 3  0.0638253718
1 1 7 3  0.0266954015
1 2 0 3  0.0638253718
1 2 4 3  0.0544771077
1 3 1 3  0.0638253718
1 3 5 3  0.0544771077
1 4 2 3  0.0544771077
1 4 6 3  -0.0606314379
1 5 3 3  0.0544771077
1 5 7 3  -0.0606314379
1 6 0 3  0.0266954015
1 6 4 3  -0.0606314379
1 7 1 3  0.0266954015
1 7 5 3  -0.0606314379
1 0 0 5  -0.0514983894
1 0 4 5  0.0510073579
1 1 1 5  -0.0514983894
1 1 5 5  0.0510073579
1 2 2 5  0.0088360169
1 2 6 5  -0.0444271799
1 3 3 5  0.0088360169
1 3 7 5  -0.0444271799
1 4 0 5  0.0510073579
1 4 4 5  -0.0003548898
1 5 1 5  0.0510073579
1 5 5 5  -0.0003548898
1 6 2 5  -0.0444271799
1 6 6 5  -0.0533474796
1 7 3 5  -0.0444271799
1 7 7 5  -0.0533474796
1 0 2 7  0.0266954015
1 0 6 7  0.0534843345
1 1 3 7  0.0266954015
1 1 7 7  0.0534843345
1 2 0 7  0.0266954015
1 2 4 7  -0.0161127014
1 3 1 7  0.0266954015
1 3 5 7  -0.0161127014
1 4 2 7  -0.0161127014
1 4 6 7  -0.0258446777
1 5 3 7  -0.0161127014
1 5 7 7  -0.0258446777
1 6 0 7  0.0534843345
1 6 4 7  -0.0258446777
1 7 1 7  0.0534843345
1 7 5 7  -0.0258446777
2 0 2 0  0.0638253718
2 0 6 0  0.0266954015
2 1 3 0  0.0638253718
2 1 7 0  0.0266954015
2 2 0 0  0.0638253718
2 2 4 0  0.0544771077
2 3 1 0  0.0638253718
2 3 5 0  0.0544771077
2 4 2 0  0.0544771077
2 4 6 0  -0.0606314379
2 5 3 0  0.0544771077
2 5 7 0  -0.0606314379
2 6 0 0  0.0266954015
2 6 4 0  -0.0606314379
2 7 1 0  0.0266954015
2 7 5 0  -0.0606314379
2 0 0 2  0.2140006014
2 0 4 2  0.0088360169
2 1 1 2  0.2140006014
2 1 5 2  0.0088360169
2 2 2 2  0.2291992432
2 2 6 2  -0.0032757576
2 3 3 2  0.2291992432
2 3 7 2  -0.0032757576
2 4 0 2  0.0088360169
2 4 4 2  0.2278396875
2 5 1 2  0.0088360169
2 5 5 2  0.2278396875
2 6 2 2  -0.0032757576
2 6 6 2  0.2295489998
2 7 3 2  -0.0032757576
2 7 7 2  0.2295489998
2 0 2 4  0.0544771077
2 0 6 4  -0.0161127014
2 1 3 4  0.0544771077
2 1 7 4  -0.0161127014
2 2 0 4  0.0544771077
2 2 4 4  0.0839857968
2 3 1 4  0.0544771077
2 3 5 4  0.0839857968
2 4 2 4  0.0839857968
2 4 6 4  -0.0551783355
2 5 3 4  0.0839857968
2 5 7 4  -0.0551783355
2 6 0 4  -0.0161127014
2 6 4 4  -0.0551783355
2 7 1 4  -0.0161127014
2 7 5 4  -0.0551783355
2 0 0 6  0.0491946299
2 0 4 6  -0.0444271799
2 1 1 6  0.0491946299
2 1 5 6  -0.0444271799
2 2 2 6  -0.0032757576
2 2 6 6  0.0473778556
2 3 3 6  -0.0032757576
2 3 7 6  0.0473778556
2 4 0 6  -0.0444271799
2 4 4 6  -0.0034385384
2 5 1 6  -0.0444271799
2 5 5 6  -0.0034385384
2 6 2 6  0.0473778556
2 6 6 6  0.0544589581
2 7 3 6  0.0473778556
2 7 7 6  0.0544589581
3 0 2 1  0.0638253718
3 0 6 1  0.0266954015
3 1 3 1  0.0638253718
3 1 7 1  0.0266954015
3 2 0 1  0.0638253718
3 2 4 1  0.0544771077
3 3 1 1  0.0638253718
3 3 5 1  0.0544771077
3 4 2 1  0.0544771077
3 4 6 1  -0.0606314379
3 5 3 1  0.0544771077
3 5 7 1  -0.0606314379
3 6 0 1  0.0266954015
3 6 4 1  -0.0606314379
3 7 1 1  0.0266954015
3 7 5 1  -0.0606314379
3 0 0 3  0.2140006014
3 0 4 3  0.0088360169
3 1 1 3  0.2140006014
3 1 5 3  0.0088360169
3 2 2 3  0.2291992432
3 2 6 3  -0.0032757576
3 3 3 3  0.2291992432
3 3 7 3  -0.0032757576
3 4 0 3  0.0088360169
3 4 4 3  0.2278396875
3 5 1 3  0.0088360169
3 5 5 3  0.2278396875
3 6 2 3  -0.0032757576
3 6 6 3  0.2295489998
3 7 3 3  -0.0032757576
3 7 7 3  0.2295489998
3 0 2 5  0.0544771077
3 0 6 5  -0.0161127014
3 1 3 5  0.0544771077
3 1 7 5  -0.0161127014
3 2 0 5  0.0544771077
3 2 4 5  0.0839857968
3 3 1 5  0.0544771077
3 3 5 5  0.0839857968
3 4 2 5  0.0839857968
3 4 6 5  -0.0551783355
3 5 3 5  0.0839857968
3 5 7 5  -0.0551783355
3 6 0 5  -0.0161127014
3 6 4 5  -0.0551783355
3 7 1 5  -0.0161127014
3 7 5 5  -0.0551783355
3 0 0 7  0.0491946299
3 0 4 7  -0.0444271799
3 1 1 7  0.0491946299
3 1 5 7  -0.0444271799
3 2 2 7  -0.0032757576
3 2 6 7  0.0473778556
3 3 3 7  -0.0032757576
3 3 7 7  0.0473778556
3 4 0 7  -0.0444271799
3 4 4 7  -0.0034385384
3 5 1 7  -0.0444271799
3 5 5 7  -0.0034385384
3 6 2 7  0.0473778556
3 6 6 7  0.0544589581
3 7 3 7  0.0473778556
3 7 7 7  0.0544589581
4 0 0 0  -0.0514983894
4 0 4 0  0.0510073579
4 1 1 0  -0.0514983894
4 1 5 0  0.0510073579
4 2 2 0  0.0088360169
4 2 6 0  -0.0444271799
4 3 3 0  0.0088360169
4 3 7 0  -0.0444271799
4 4 0 0  0.0510073579
4 4 4 0  -0.0003548898
4 5 1 0  0.0510073579
4 5 5 0  -0.0003548898
4 6 2 0  -0.0444271799
4 6 6 0  -0.0533474796
4 7 3 0  -0.0444271799
4 7 7 0  -0.0533474796
4 0 2 2  0.0544771077
4 0 6 2  -0.0161127014
4 1 3 2  0.0544771077
4 1 7 2  -0.0161127014
4 2 0 2  0.0544771077
4 2 4 2  0.0839857968
4 3 1 2  0.0544771077
4 3 5 2  0.0839857968
4 4 2 2  0.0839857968
4 4 6 2  -0.0551783355
4 5 3 2  0.0839857968
4 5 7 2  -0.0551783355
4 6 0 2  -0.0161127014
4 6 4 2  -0.0551783355
4 7 1 2  -0.0161127014
4 7 5 2  -0.0551783355
4 0 0 4  0.2226064837
4 0 4 4  -0.0003548898
4 1 1 4  0.2226064837
4 1 5 4  -0.0003548898
4 2 2 4  0.2278396875
4 2 6 4  -0.0034385384
4 3 3 4  0.2278396875
4 3 7 4  -0.0034385384
4 4 0 4  -0.0003548898
4 4 4 4  0.2370650585
4 5 1 4  -0.0003548898
4 5 5 4  0.2370650585
4 6 2 4  -0.0034385384
4 6 6 4  0.2396861601
4 7 3 4  -0.0034385384
4 7 7 4  0.2396861601
4 0 2 6  -0.0606314379
4 0 6 6  -0.0258446777
4 1 3 6  -0.0606314379
4 1 7 6  -0.0258446777
4 2 0 6  -0.0606314379
4 2 4 6  -0.0551783355
4 3 1 6  -0.0606314379
4 3 5 6  -0.0551783355
4 4 2 6  -0.0551783355
4 4 6 6  0.0664905088
4 5 3 6  -0.0551783355
4 5 7 6  0.0664905088
4 6 0 6  -0.0258446777
4 6 4 6  0.0664905088
4 7 1 6  -0.0258446777
4 7 5 6  0.0664905088
5 0 0 1  -0.0514983894
5 0 4 1  0.0510073579
5 1 1 1  -0.0514983894
5 1 5 1  0.0510073579
5 2 2 1  0.0088360169
5 2 6 1  -0.0444271799
5 3 3 1  0.0088360169
5 3 7 1  -0.0444271799
5 4 0 1  0.0510073579
5 4 4 1  -0.0003548898
5 5 1 1  0.0510073579
5 5 5 1  -0.0003548898
5 6 2 1  -0.0444271799
5 6 6 1  -0.0533474796
5 7 3 1  -0.0444271799
5 7 7 1  -0.0533474796
5 0 2 3  0.0544771077
5 0 6 3  -0.0161127014
5 1 3 3  0.0544771077
5 1 7 3  -0.0161127014
5 2 0 3  0.0544771077
5 2 4 3  0.0839857968
5 3 1 3  0.0544771077
5 3 5 3  0.0839857968
5 4 2 3  0.0839857968
5 4 6 3  -0.0551783355
5 5 3 3  0.0839857968
5 5 7 3  -0.0551783355
5 6 0 3  -0.0161127014
5 6 4 3  -0.0551783355
5 7 1 3  -0.0161127014
5 7 5 3  -0.0551783355
5 0 0 5  0.2226064837
5 0 4 5  -0.0003548898
5 1 1 5  0.2226064837
5 1 5 5  -0.0003548898
5 2 2 5  0.2278396875
5 2 6 5  -0.0034385384
5 3 3 5  0.2278396875
5 3 7 5  -0.0034385384
5 4 0 5  -0.0003548898
5 4 4 5  0.2370650585
5 5 1 5  -0.0003548898
5 5 5 5  0.2370650585
5 6 2 5  -0.0034385384
5 6 6 5  0.2396861601
5 7 3 5  -0.0034385384
5 7 7 5  0.2396861601
5 0 2 7  -0.0606314379
5 0 6 7  -0.0258446777
5 1 3 7  -0.0606314379
5 1 7 7  -0.0258446777
5 2 0 7  -0.0606314379
5 2 4 7  -0.0551783355
5 3 1 7  -0.0606314379
5 3 5 7  -0.0551783355
5 4 2 7  -0.0551783355
5 4 6 7  0.0664905088
5 5 3 7  -0.0551783355
5 5 7 7  0.0664905088
5 6 0 7  -0.0258446777
5 6 4 7  0.0664905088
5 7 1 7  -0.0258446777
5 7 5 7  0.0664905088
6 0 2 0  0.0266954015
6 0 6 0  0.0534843345
6 1 3 0  0.0266954015
6 1 7 0  0.0534843345
6 2 0 0  0.0266954015
6 2 4 0  -0.0161127014
6 3 1 0  0.0266954015
6 3 5 0  -0.0161127014
6 4 2 0  -0.0161127014
6 4 6 0  -0.0258446777
6 5 3 0  -0.0161127014
6 5 7 0  -0.0258446777
6 6 0 0  0.0534843345
6 6 4 0  -0.0258446777
6 7 1 0  0.0534843345
6 7 5 0  -0.0258446777
6 0 0 2  0.0491946299
6 0 4 2  -0.0444271799
6 1 1 2  0.0491946299
6 1 5 2  -0.0444271799
6 2 2 2  -0.0032757576
6 2 6 2  0.0473778556
6 3 3 2  -0.0032757576
6 3 7 2  0.0473778556
6 4 0 2  -0.0444271799
6 4 4 2  -0.0034385384
6 5 1 2  -0.0444271799
6 5 5 2  -0.0034385384
6 6 2 2  0.0473778556
6 6 6 2  0.0544589581
6 7 3 2  0.0473778556
6 7 7 2  0.0544589581
6 0 2 4  -0.0606314379
6 0 6 4  -0.0258446777
6 1 3 4  -0.0606314379
6 1 7 4  -0.0258446777
6 2 0 4  -0.0606314379
6 2 4 4  -0.0551783355
6 3 1 4  -0.0606314379
6 3 5 4  -0.0551783355
6 4 2 4  -0.0551783355
6 4 6 4  0.0664905088
6 5 3 4  -0.0551783355
6 5 7 4  0.0664905088
6 6 0 4  -0.0258446777
6 6 4 4  0.0664905088
6 7 1 4  -0.0258446777
6 7 5 4  0.0664905088
6 0 0 6  0.2851545530
6 0 4 6  -0.0533474796
6 1 1 6  0.2851545530
6 1 5 6  -0.0533474796
6 2 2 6  0.2295489998
6 2 6 6  0.0544589581
6 3 3 6  0.2295489998
6 3 7 6  0.0544589581
6 4 0 6  -0.0533474796
6 4 4 6  0.2396861601
6 5 1 6  -0.0533474796
6 5 5 6  0.2396861601
6 6 2 6  0.0544589581
6 6 6 6  0.3183762650
6 7 3 6  0.0544589581
6 7 7 6  0.3183762650
7 0 2 1  0.0266954015
7 0 6 1  0.0534843345
7 1 3 1  0.0266954015
7 1 7 1  0.0534843345
7 2 0 1  0.0266954015
7 2 4 1  -0.0161127014
7 3 1 1  0.0266954015
7 3 5 1  -0.0161127014
7 4 2 1  -0.0161127014
7 4 6 1  -0.0258446777
7 5 3 1  -0.0161127014
7 5 7 1  -0.0258446777
7 6 0 1  0.0534843345
7 6 4 1  -0.0258446777
7 7 1 1  0.0534843345
7 7 5 1  -0.0258446777
7 0 0 3  0.0491946299
7 0 4 3  -0.0444271799
7 1 1 3  0.0491946299
7 1 5 3  -0.0444271799
7 2 2 3  -0.0032757576
7 2 6 3  0.0473778556
7 3 3 3  -0.0032757576
7 3 7 3  0.0473778556
7 4 0 3  -0.0444271799
7 4 4 3  -0.0034385384
7 5 1 3  -0.0444271799
7 5 5 3  -0.0034385384
7 6 2 3  0.0473778556
7 6 6 3  0.0544589581
7 7 3 3  0.0473778556
7 7 7 3  0.0544589581
7 0 2 5  -0.0606314379
7 0 6 5  -0.0258446777
7 1 3 5  -0.0606314379
7 1 7 5  -0.0258446777
7 2 0 5  -0.0606314379
7 2 4 5  -0.0551783355
7 3 1 5  -0.0606314379
7 3 5 5  -0.0551783355
7 4 2 5  -0.0551783355
7 4 6 5  0.0664905088
7 5 3 5  -0.0551783355
7 5 7 5  0.0664905088
7 6 0 5  -0.0258446777
7 6 4 5  0.0664905088
7 7 1 5  -0.0258446777
7 7 5 5  0.0664905088
7 0 0 7  0.2851545530
7 0 4 7  -0.0533474796
7 1 1 7  0.2851545530
7 1 5 7  -0.0533474796
7 2 2 7  0.2295489998
7 2 6 7  0.0544589581
7 3 3 7  0.2295489998
7 3 7 7  0.0544589581
7 4 0 7  -0.0533474796
7 4 4 7  0.2396861601
7 5 1 7  -0.0533474796
7 5 5 7  0.2396861601
7 6 2 7  0.0544589581
7 6 6 7  0.3183762650
7 7 3 7  0.0544589581
7 7 7 7  0.3183762650

 E(FCI) = -2.1172114011

 E(HF)  = -2.0355566445
