 MO Integrals

3.6532887402
0 0  -2.3943484195
0 2  0.0955680864
0 4  0.0955680864
1 1  -2.3943484195
1 3  0.0955680864
1 5  0.0955680864
2 0  0.0955680864
2 2  -1.4591074441
2 4  0.0870536867
2 6  -0.1343816503
3 1  0.0955680864
3 3  -1.4591074441
3 5  0.0870536867
3 7  -0.1343816503
4 0  0.0955680864
4 2  0.0870536867
4 4  -1.4591074441
4 6  0.1343816503
5 1  0.0955680864
5 3  0.0870536867
5 5  -1.4591074441
5 7  0.1343816503
6 2  -0.1343816503
6 4  0.1343816503
6 6  -0.2508898342
7 3  -0.1343816503
7 5  0.1343816503
7 7  -0.2508898342
0 0 0 0  0.3595344992
0 0 2 0  -0.0440420200
0 0 4 0  -0.0440420200
0 1 1 0  0.3595344992
0 1 3 0  -0.0440420200
0 1 5 0  -0.0440420200
0 2 0 0  -0.0440420200
0 2 2 0  0.2186144805
0 2 4 0  0.0055856123
0 2 6 0  0.0375223114
0 3 1 0  -0.0440420200
0 3 3 0  0.2186144805
0 3 5 0  0.0055856123
0 3 7 0  0.0375223114
0 4 0 0  -0.0440420200
0 4 2 0  0.0055856123
0 4 4 0  0.2186144805
0 4 6 0  -0.0375223114
0 5 1 0  -0.0440420200
0 5 3 0  0.0055856123
0 5 5 0  0.2186144805
0 5 7 0  -0.0375223114
0 6 2 0  0.0375223114
0 6 4 0  -0.0375223114
0 6 6 0  0.3769731814
0 7 3 0  0.0375223114
0 7 5 0  -0.0375223114
0 7 7 0  0.3769731814
0 0 0 2  -0.0440420200
0 0 2 2  0.0288071720
0 0 4 2  0.0014603639
0 0 6 2  0.0204874894
0 1 1 2  -0.0440420200
0 1 3 2  0.0288071720
0 1 5 2  0.0014603639
0 1 7 2  0.0204874894
0 2 0 2  0.0288071720
0 2 2 2  0.0380623788
0 2 4 2  -0.0023595299
0 2 6 2  -0.0229527194
0 3 1 2  0.0288071720
0 3 3 2  0.0380623788
0 3 5 2  -0.0023595299
0 3 7 2  -0.0229527194
0 4 0 2  0.0014603639
0 4 2 2  -0.0023595299
0 4 4 2  -0.0292425813
0 4 6 2  -0.0009675689
0 5 1 2  0.0014603639
0 5 3 2  -0.0023595299
0 5 5 2  -0.0292425813
0 5 7 2  -0.0009675689
0 6 0 2  0.0204874894
0 6 2 2  -0.0229527194
0 6 4 2  -0.0009675689
0 6 6 2  -0.0451317227
0 7 1 2  0.0204874894
0 7 3 2  -0.0229527194
0 7 5 2  -0.0009675689
0 7 7 2  -0.0451317227
0 0 0 4  -0.0440420200
0 0 2 4  0.0014603639
0 0 4 4  0.0288071720
0 0 6 4  -0.0204874894
0 1 1 4  -0.0440420200
0 1 3 4  0.0014603639
0 1 5 4  0.0288071720
0 1 7 4  -0.0204874894
0 2 0 4  0.0014603639
0 2 2 4  -0.0292425813
0 2 4 4  -0.0023595299
0 2 6 4  0.0009675689
0 3 1 4  0.0014603639
0 3 3 4  -0.0292425813
0 3 5 4  -0.0023595299
0 3 7 4  0.0009675689
0 4 0 4  0.0288071720
0 4 2 4  -0.0023595299
0 4 4 4  0.0380623788
0 4 6 4  0.0229527194
0 5 1 4  0.0288071720
0 5 3 4  -0.0023595299
0 5 5 4  0.0380623788
0 5 7 4  0.0229527194
0 6 0 4  -0.0204874894
0 6 2 4  0.0009675689
0 6 4 4  0.0229527194
0 6 6 4  -0.0451317227
0 7 1 4  -0.0204874894
0 7 3 4  0.0009675689
0 7 5 4  0.0229527194
0 7 7 4  -0.0451317227
0 0 2 6  0.0204874894
0 0 4 6  -0.0204874894
0 0 6 6  0.0694548979
0 1 3 6  0.0204874894
0 1 5 6  -0.0204874894
0 1 7 6  0.0694548979
0 2 0 6  0.0204874894
0 2 2 6  0.0166262170
0 2 6 6  -0.0189455678
0 3 1 6  0.0204874894
0 3 3 6  0.0166262170
0 3 7 6  -0.0189455678
0 4 0 6  -0.0204874894
0 4 4 6  -0.0166262170
0 4 6 6  -0.0189455678
0 5 1 6  -0.0204874894
0 5 5 6  -0.0166262170
0 5 7 6  -0.0189455678
0 6 0 6  0.0694548979
0 6 2 6  -0.0189455678
0 6 4 6  -0.0189455678
0 7 1 6  0.0694548979
0 7 3 6  -0.0189455678
0 7 5 6  -0.0189455678
1 0 0 1  0.3595344992
1 0 2 1  -0.0440420200
1 0 4 1  -0.0440420200
1 1 1 1  0.3595344992
1 1 3 1  -0.0440420200
1 1 5 1  -0.0440420200
1 2 0 1  -0.0440420200
1 2 2 1  0.2186144805
1 2 4 1  0.0055856123
1 2 6 1  0.0375223114
1 3 1 1  -0.0440420200
1 3 3 1  0.2186144805
1 3 5 1  0.0055856123
1 3 7 1  0.0375223114
1 4 0 1  -0.0440420200
1 4 2 1  0.0055856123
1 4 4 1  0.2186144805
1 4 6 1  -0.0375223114
1 5 1 1  -0.0440420200
1 5 3 1  0.0055856123
1 5 5 1  0.2186144805
1 5 7 1  -0.0375223114
1 6 2 1  0.0375223114
1 6 4 1  -0.0375223114
1 6 6 1  0.3769731814
1 7 3 1  0.0375223114
1 7 5 1  -0.0375223114
1 7 7 1  0.3769731814
1 0 0 3  -0.0440420200
1 0 2 3  0.0288071720
1 0 4 3  0.0014603639
1 0 6 3  0.0204874894
1 1 1 3  -0.0440420200
1 1 3 3  0.0288071720
1 1 5 3  0.0014603639
1 1 7 3  0.0204874894
1 2 0 3  0.0288071720
1 2 2 3  0.0380623788
1 2 4 3  -0.0023595299
1 2 6 3  -0.0229527194
1 3 1 3  0.0288071720
1 3 3 3  0.0380623788
1 3 5 3  -0.0023595299
1 3 7 3  -0.0229527194
1 4 0 3  0.0014603639
1 4 2 3  -0.0023595299
1 4 4 3  -0.0292425813
1 4 6 3  -0.0009675689
1 5 1 3  0.0014603639
1 5 3 3  -0.0023595299
1 5 5 3  -0.0292425813
1 5 7 3  -0.0009675689
1 6 0 3  0.0204874894
1 6 2 3  -0.0229527194
1 6 4 3  -0.0009675689
1 6 6 3  -0.0451317227
1 7 1 3  0.0204874894
1 7 3 3  -0.0229527194
1 7 5 3  -0.0009675689
1 7 7 3  -0.0451317227
1 0 0 5  -0.0440420200
1 0 2 5  0.0014603639
1 0 4 5  0.0288071720
1 0 6 5  -0.0204874894
1 1 1 5  -0.0440420200
1 1 3 5  0.0014603639
1 1 5 5  0.0288071720
1 1 7 5  -0.0204874894
1 2 0 5  0.0014603639
1 2 2 5  -0.0292425813
1 2 4 5  -0.0023595299
1 2 6 5  0.0009675689
1 3 1 5  0.0014603639
1 3 3 5  -0.0292425813
1 3 5 5  -0.0023595299
1 3 7 5  0.0009675689
1 4 0 5  0.0288071720
1 4 2 5  -0.0023595299
1 4 4 5  0.0380623788
1 4 6 5  0.0229527194
1 5 1 5  0.0288071720
1 5 3 5  -0.0023595299
1 5 5 5  0.0380623788
1 5 7 5  0.0229527194
1 6 0 5  -0.0204874894
1 6 2 5  0.0009675689
1 6 4 5  0.0229527194
1 6 6 5  -0.0451317227
1 7 1 5  -0.0204874894
1 7 3 5  0.0009675689
1 7 5 5  0.0229527194
1 7 7 5  -0.0451317227
1 0 2 7  0.0204874894
1 0 4 7  -0.0204874894
1 0 6 7  0.0694548979
1 1 3 7  0.0204874894
1 1 5 7  -0.0204874894
1 1 7 7  0.0694548979
1 2 0 7  0.0204874894
1 2 2 7  0.0166262170
1 2 6 7  -0.0189455678
1 3 1 7  0.0204874894
1 3 3 7  0.0166262170
1 3 7 7  -0.0189455678
1 4 0 7  -0.0204874894
1 4 4 7  -0.0166262170
1 4 6 7  -0.0189455678
1 5 1 7  -0.0204874894
1 5 5 7  -0.0166262170
1 5 7 7  -0.0189455678
1 6 0 7  0.0694548979
1 6 2 7  -0.0189455678
1 6 4 7  -0.0189455678
1 7 1 7  0.0694548979
1 7 3 7  -0.0189455678
1 7 5 7  -0.0189455678
2 0 0 0  -0.0440420200
2 0 2 0  0.0288071720
2 0 4 0  0.0014603639
2 0 6 0  0.0204874894
2 1 1 0  -0.0440420200
2 1 3 0  0.0288071720
2 1 5 0  0.0014603639
2 1 7 0  0.0204874894
2 2 0 0  0.0288071720
2 2 2 0  0.0380623788
2 2 4 0  -0.0023595299
2 2 6 0  -0.0229527194
2 3 1 0  0.0288071720
2 3 3 0  0.0380623788
2 3 5 0  -0.0023595299
2 3 7 0  -0.0229527194
2 4 0 0  0.0014603639
2 4 2 0  -0.0023595299
2 4 4 0  -0.0292425813
2 4 6 0  -0.0009675689
2 5 1 0  0.0014603639
2 5 3 0  -0.0023595299
2 5 5 0  -0.0292425813
2 5 7 0  -0.0009675689
2 6 0 0  0.0204874894
2 6 2 0  -0.0229527194
2 6 4 0  -0.0009675689
2 6 6 0  -0.0451317227
2 7 1 0  0.0204874894
2 7 3 0  -0.0229527194
2 7 5 0  -0.0009675689
2 7 7 0  -0.0451317227
2 0 0 2  0.2186144805
2 0 2 2  0.0380623788
2 0 4 2  -0.0292425813
2 0 6 2  0.0166262170
2 1 1 2  0.2186144805
2 1 3 2  0.0380623788
2 1 5 2  -0.0292425813
2 1 7 2  0.0166262170
2 2 0 2  0.0380623788
2 2 2 2  0.3762419304
2 2 4 2  0.0019818441
2 2 6 2  -0.0433110471
2 3 1 2  0.0380623788
2 3 3 2  0.3762419304
2 3 5 2  0.0019818441
2 3 7 2  -0.0433110471
2 4 0 2  -0.0292425813
2 4 2 2  0.0019818441
2 4 4 2  0.1271801719
2 4 6 2  -0.0296437916
2 5 1 2  -0.0292425813
2 5 3 2  0.0019818441
2 5 5 2  0.1271801719
2 5 7 2  -0.0296437916
2 6 0 2  0.0166262170
2 6 2 2  -0.0433110471
2 6 4 2  -0.0296437916
2 6 6 2  0.2382869839
2 7 1 2  0.0166262170
2 7 3 2  -0.0433110471
2 7 5 2  -0.0296437916
2 7 7 2  0.2382869839
2 0 0 4  0.0055856123
2 0 2 4  -0.0023595299
2 0 4 4  -0.0023595299
2 1 1 4  0.0055856123
2 1 3 4  -0.0023595299
2 1 5 4  -0.0023595299
2 2 0 4  -0.0023595299
2 2 2 4  0.0019818441
2 2 4 4  0.0012501177
2 2 6 4  -0.0004618050
2 3 1 4  -0.0023595299
2 3 3 4  0.0019818441
2 3 5 4  0.0012501177
2 3 7 4  -0.0004618050
2 4 0 4  -0.0023595299
2 4 2 4  0.0012501177
2 4 4 4  0.0019818441
2 4 6 4  0.0004618050
2 5 1 4  -0.0023595299
2 5 3 4  0.0012501177
2 5 5 4  0.0019818441
2 5 7 4  0.0004618050
2 6 2 4  -0.0004618050
2 6 4 4  0.0004618050
2 6 6 4  0.0059823196
2 7 3 4  -0.0004618050
2 7 5 4  0.0004618050
2 7 7 4  0.0059823196
2 0 0 6  0.0375223114
2 0 2 6  -0.0229527194
2 0 4 6  0.0009675689
2 0 6 6  -0.0189455678
2 1 1 6  0.0375223114
2 1 3 6  -0.0229527194
2 1 5 6  0.0009675689
2 1 7 6  -0.0189455678
2 2 0 6  -0.0229527194
2 2 2 6  -0.0433110471
2 2 4 6  -0.0004618050
2 2 6 6  0.0294387442
2 3 1 6  -0.0229527194
2 3 3 6  -0.0433110471
2 3 5 6  -0.0004618050
2 3 7 6  0.0294387442
2 4 0 6  0.0009675689
2 4 2 6  -0.0004618050
2 4 4 6  0.0296437916
2 4 6 6  0.0020725702
2 5 1 6  0.0009675689
2 5 3 6  -0.0004618050
2 5 5 6  0.0296437916
2 5 7 6  0.0020725702
2 6 0 6  -0.0189455678
2 6 2 6  0.0294387442
2 6 4 6  0.0020725702
2 6 6 6  0.0407872642
2 7 1 6  -0.0189455678
2 7 3 6  0.0294387442
2 7 5 6  0.0020725702
2 7 7 6  0.0407872642
3 0 0 1  -0.0440420200
3 0 2 1  0.0288071720
3 0 4 1  0.0014603639
3 0 6 1  0.0204874894
3 1 1 1  -0.0440420200
3 1 3 1  0.0288071720
3 1 5 1  0.0014603639
3 1 7 1  0.0204874894
3 2 0 1  0.0288071720
3 2 2 1  0.0380623788
3 2 4 1  -0.0023595299
3 2 6 1  -0.0229527194
3 3 1 1  0.0288071720
3 3 3 1  0.0380623788
3 3 5 1  -0.0023595299
3 3 7 1  -0.0229527194
3 4 0 1  0.0014603639
3 4 2 1  -0.0023595299
3 4 4 1  -0.0292425813
3 4 6 1  -0.0009675689
3 5 1 1  0.0014603639
3 5 3 1  -0.0023595299
3 5 5 1  -0.0292425813
3 5 7 1  -0.0009675689
3 6 0 1  0.0204874894
3 6 2 1  -0.0229527194
3 6 4 1  -0.0009675689
3 6 6 1  -0.0451317227
3 7 1 1  0.0204874894
3 7 3 1  -0.0229527194
3 7 5 1  -0.0009675689
3 7 7 1  -0.0451317227
3 0 0 3  0.2186144805
3 0 2 3  0.0380623788
3 0 4 3  -0.0292425813
3 0 6 3  0.0166262170
3 1 1 3  0.2186144805
3 1 3 3  0.0380623788
3 1 5 3  -0.0292425813
3 1 7 3  0.0166262170
3 2 0 3  0.0380623788
3 2 2 3  0.3762419304
3 2 4 3  0.0019818441
3 2 6 3  -0.0433110471
3 3 1 3  0.0380623788
3 3 3 3  0.3762419304
3 3 5 3  0.0019818441
3 3 7 3  -0.0433110471
3 4 0 3  -0.0292425813
3 4 2 3  0.0019818441
3 4 4 3  0.1271801719
3 4 6 3  -0.0296437916
3 5 1 3  -0.0292425813
3 5 3 3  0.0019818441
3 5 5 3  0.1271801719
3 5 7 3  -0.0296437916
3 6 0 3  0.0166262170
3 6 2 3  -0.0433110471
3 6 4 3  -0.0296437916
3 6 6 3  0.2382869839
3 7 1 3  0.0166262170
3 7 3 3  -0.0433110471
3 7 5 3  -0.0296437916
3 7 7 3  0.2382869839
3 0 0 5  0.0055856123
3 0 2 5  -0.0023595299
3 0 4 5  -0.0023595299
3 1 1 5  0.0055856123
3 1 3 5  -0.0023595299
3 1 5 5  -0.0023595299
3 2 0 5  -0.0023595299
3 2 2 5  0.0019818441
3 2 4 5  0.0012501177
3 2 6 5  -0.0004618050
3 3 1 5  -0.0023595299
3 3 3 5  0.0019818441
3 3 5 5  0.0012501177
3 3 7 5  -0.0004618050
3 4 0 5  -0.0023595299
3 4 2 5  0.0012501177
3 4 4 5  0.0019818441
3 4 6 5  0.0004618050
3 5 1 5  -0.0023595299
3 5 3 5  0.0012501177
3 5 5 5  0.0019818441
3 5 7 5  0.0004618050
3 6 2 5  -0.0004618050
3 6 4 5  0.0004618050
3 6 6 5  0.0059823196
3 7 3 5  -0.0004618050
3 7 5 5  0.0004618050
3 7 7 5  0.0059823196
3 0 0 7  0.0375223114
3 0 2 7  -0.0229527194
3 0 4 7  0.0009675689
3 0 6 7  -0.0189455678
3 1 1 7  0.0375223114
3 1 3 7  -0.0229527194
3 1 5 7  0.0009675689
3 1 7 7  -0.0189455678
3 2 0 7  -0.0229527194
3 2 2 7  -0.0433110471
3 2 4 7  -0.0004618050
3 2 6 7  0.0294387442
3 3 1 7  -0.0229527194
3 3 3 7  -0.0433110471
3 3 5 7  -0.0004618050
3 3 7 7  0.0294387442
3 4 0 7  0.0009675689
3 4 2 7  -0.0004618050
3 4 4 7  0.0296437916
3 4 6 7  0.0020725702
3 5 1 7  0.0009675689
3 5 3 7  -0.0004618050
3 5 5 7  0.0296437916
3 5 7 7  0.0020725702
3 6 0 7  -0.0189455678
3 6 2 7  0.0294387442
3 6 4 7  0.0020725702
3 6 6 7  0.0407872642
3 7 1 7  -0.0189455678
3 7 3 7  0.0294387442
3 7 5 7  0.0020725702
3 7 7 7  0.0407872642
4 0 0 0  -0.0440420200
4 0 2 0  0.0014603639
4 0 4 0  0.0288071720
4 0 6 0  -0.0204874894
4 1 1 0  -0.0440420200
4 1 3 0  0.0014603639
4 1 5 0  0.0288071720
4 1 7 0  -0.0204874894
4 2 0 0  0.0014603639
4 2 2 0  -0.0292425813
4 2 4 0  -0.0023595299
4 2 6 0  0.0009675689
4 3 1 0  0.0014603639
4 3 3 0  -0.0292425813
4 3 5 0  -0.0023595299
4 3 7 0  0.0009675689
4 4 0 0  0.0288071720
4 4 2 0  -0.0023595299
4 4 4 0  0.0380623788
4 4 6 0  0.0229527194
4 5 1 0  0.0288071720
4 5 3 0  -0.0023595299
4 5 5 0  0.0380623788
4 5 7 0  0.0229527194
4 6 0 0  -0.0204874894
4 6 2 0  0.0009675689
4 6 4 0  0.0229527194
4 6 6 0  -0.0451317227
4 7 1 0  -0.0204874894
4 7 3 0  0.0009675689
4 7 5 0  0.0229527194
4 7 7 0  -0.0451317227
4 0 0 2  0.0055856123
4 0 2 2  -0.0023595299
4 0 4 2  -0.0023595299
4 1 1 2  0.0055856123
4 1 3 2  -0.0023595299
4 1 5 2  -0.0023595299
4 2 0 2  -0.0023595299
4 2 2 2  0.0019818441
4 2 4 2  0.0012501177
4 2 6 2  -0.0004618050
4 3 1 2  -0.0023595299
4 3 3 2  0.0019818441
4 3 5 2  0.0012501177
4 3 7 2  -0.0004618050
4 4 0 2  -0.0023595299
4 4 2 2  0.0012501177
4 4 4 2  0.0019818441
4 4 6 2  0.0004618050
4 5 1 2  -0.0023595299
4 5 3 2  0.0012501177
4 5 5 2  0.0019818441
4 5 7 2  0.0004618050
4 6 2 2  -0.0004618050
4 6 4 2  0.0004618050
4 6 6 2  0.0059823196
4 7 3 2  -0.0004618050
4 7 5 2  0.0004618050
4 7 7 2  0.0059823196
4 0 0 4  0.2186144805
4 0 2 4  -0.0292425813
4 0 4 4  0.0380623788
4 0 6 4  -0.0166262170
4 1 1 4  0.2186144805
4 1 3 4  -0.0292425813
4 1 5 4  0.0380623788
4 1 7 4  -0.0166262170
4 2 0 4  -0.0292425813
4 2 2 4  0.1271801719
4 2 4 4  0.0019818441
4 2 6 4  0.0296437916
4 3 1 4  -0.0292425813
4 3 3 4  0.1271801719
4 3 5 4  0.0019818441
4 3 7 4  0.0296437916
4 4 0 4  0.0380623788
4 4 2 4  0.0019818441
4 4 4 4  0.3762419304
4 4 6 4  0.0433110471
4 5 1 4  0.0380623788
4 5 3 4  0.0019818441
4 5 5 4  0.3762419304
4 5 7 4  0.0433110471
4 6 0 4  -0.0166262170
4 6 2 4  0.0296437916
4 6 4 4  0.0433110471
4 6 6 4  0.2382869839
4 7 1 4  -0.0166262170
4 7 3 4  0.0296437916
4 7 5 4  0.0433110471
4 7 7 4  0.2382869839
4 0 0 6  -0.0375223114
4 0 2 6  -0.0009675689
4 0 4 6  0.0229527194
4 0 6 6  -0.0189455678
4 1 1 6  -0.0375223114
4 1 3 6  -0.0009675689
4 1 5 6  0.0229527194
4 1 7 6  -0.0189455678
4 2 0 6  -0.0009675689
4 2 2 6  -0.0296437916
4 2 4 6  0.0004618050
4 2 6 6  0.0020725702
4 3 1 6  -0.0009675689
4 3 3 6  -0.0296437916
4 3 5 6  0.0004618050
4 3 7 6  0.0020725702
4 4 0 6  0.0229527194
4 4 2 6  0.0004618050
4 4 4 6  0.0433110471
4 4 6 6  0.0294387442
4 5 1 6  0.0229527194
4 5 3 6  0.0004618050
4 5 5 6  0.0433110471
4 5 7 6  0.0294387442
4 6 0 6  -0.0189455678
4 6 2 6  0.0020725702
4 6 4 6  0.0294387442
4 6 6 6  -0.0407872642
4 7 1 6  -0.0189455678
4 7 3 6  0.0020725702
4 7 5 6  0.0294387442
4 7 7 6  -0.0407872642
5 0 0 1  -0.0440420200
5 0 2 1  0.0014603639
5 0 4 1  0.0288071720
5 0 6 1  -0.0204874894
5 1 1 1  -0.0440420200
5 1 3 1  0.0014603639
5 1 5 1  0.0288071720
5 1 7 1  -0.0204874894
5 2 0 1  0.0014603639
5 2 2 1  -0.0292425813
5 2 4 1  -0.0023595299
5 2 6 1  0.0009675689
5 3 1 1  0.0014603639
5 3 3 1  -0.0292425813
5 3 5 1  -0.0023595299
5 3 7 1  0.0009675689
5 4 0 1  0.0288071720
5 4 2 1  -0.0023595299
5 4 4 1  0.0380623788
5 4 6 1  0.0229527194
5 5 1 1  0.0288071720
5 5 3 1  -0.0023595299
5 5 5 1  0.0380623788
5 5 7 1  0.0229527194
5 6 0 1  -0.0204874894
5 6 2 1  0.0009675689
5 6 4 1  0.0229527194
5 6 6 1  -0.0451317227
5 7 1 1  -0.0204874894
5 7 3 1  0.0009675689
5 7 5 1  0.0229527194
5 7 7 1  -0.0451317227
5 0 0 3  0.0055856123
5 0 2 3  -0.0023595299
5 0 4 3  -0.0023595299
5 1 1 3  0.0055856123
5 1 3 3  -0.0023595299
5 1 5 3  -0.0023595299
5 2 0 3  -0.0023595299
5 2 2 3  0.0019818441
5 2 4 3  0.0012501177
5 2 6 3  -0.0004618050
5 3 1 3  -0.0023595299
5 3 3 3  0.0019818441
5 3 5 3  0.0012501177
5 3 7 3  -0.0004618050
5 4 0 3  -0.0023595299
5 4 2 3  0.0012501177
5 4 4 3  0.0019818441
5 4 6 3  0.0004618050
5 5 1 3  -0.0023595299
5 5 3 3  0.0012501177
5 5 5 3  0.0019818441
5 5 7 3  0.0004618050
5 6 2 3  -0.0004618050
5 6 4 3  0.0004618050
5 6 6 3  0.0059823196
5 7 3 3  -0.0004618050
5 7 5 3  0.0004618050
5 7 7 3  0.0059823196
5 0 0 5  0.2186144805
5 0 2 5  -0.0292425813
5 0 4 5  0.0380623788
5 0 6 5  -0.0166262170
5 1 1 5  0.2186144805
5 1 3 5  -0.0292425813
5 1 5 5  0.0380623788
5 1 7 5  -0.0166262170
5 2 0 5  -0.0292425813
5 2 2 5  0.1271801719
5 2 4 5  0.0019818441
5 2 6 5  0.0296437916
5 3 1 5  -0.0292425813
5 3 3 5  0.1271801719
5 3 5 5  0.0019818441
5 3 7 5  0.0296437916
5 4 0 5  0.0380623788
5 4 2 5  0.0019818441
5 4 4 5  0.3762419304
5 4 6 5  0.0433110471
5 5 1 5  0.0380623788
5 5 3 5  0.0019818441
5 5 5 5  0.3762419304
5 5 7 5  0.0433110471
5 6 0 5  -0.0166262170
5 6 2 5  0.0296437916
5 6 4 5  0.0433110471
5 6 6 5  0.2382869839
5 7 1 5  -0.0166262170
5 7 3 5  0.0296437916
5 7 5 5  0.0433110471
5 7 7 5  0.2382869839
5 0 0 7  -0.0375223114
5 0 2 7  -0.0009675689
5 0 4 7  0.0229527194
5 0 6 7  -0.0189455678
5 1 1 7  -0.0375223114
5 1 3 7  -0.0009675689
5 1 5 7  0.0229527194
5 1 7 7  -0.0189455678
5 2 0 7  -0.0009675689
5 2 2 7  -0.0296437916
5 2 4 7  0.0004618050
5 2 6 7  0.0020725702
5 3 1 7  -0.0009675689
5 3 3 7  -0.0296437916
5 3 5 7  0.0004618050
5 3 7 7  0.0020725702
5 4 0 7  0.0229527194
5 4 2 7  0.0004618050
5 4 4 7  0.0433110471
5 4 6 7  0.0294387442
5 5 1 7  0.0229527194
5 5 3 7  0.0004618050
5 5 5 7  0.0433110471
5 5 7 7  0.0294387442
5 6 0 7  -0.0189455678
5 6 2 7  0.0020725702
5 6 4 7  0.0294387442
5 6 6 7  -0.0407872642
5 7 1 7  -0.0189455678
5 7 3 7  0.0020725702
5 7 5 7  0.0294387442
5 7 7 7  -0.0407872642
6 0 2 0  0.0204874894
6 0 4 0  -0.0204874894
6 0 6 0  0.0694548979
6 1 3 0  0.0204874894
6 1 5 0  -0.0204874894
6 1 7 0  0.0694548979
6 2 0 0  0.0204874894
6 2 2 0  0.0166262170
6 2 6 0  -0.0189455678
6 3 1 0  0.0204874894
6 3 3 0  0.0166262170
6 3 7 0  -0.0189455678
6 4 0 0  -0.0204874894
6 4 4 0  -0.0166262170
6 4 6 0  -0.0189455678
6 5 1 0  -0.0204874894
6 5 5 0  -0.0166262170
6 5 7 0  -0.0189455678
6 6 0 0  0.0694548979
6 6 2 0  -0.0189455678
6 6 4 0  -0.0189455678
6 7 1 0  0.0694548979
6 7 3 0  -0.0189455678
6 7 5 0  -0.0189455678
6 0 0 2  0.0375223114
6 0 2 2  -0.0229527194
6 0 4 2  0.0009675689
6 0 6 2  -0.0189455678
6 1 1 2  0.0375223114
6 1 3 2  -0.0229527194
6 1 5 2  0.0009675689
6 1 7 2  -0.0189455678
6 2 0 2  -0.0229527194
6 2 2 2  -0.0433110471
6 2 4 2  -0.0004618050
6 2 6 2  0.0294387442
6 3 1 2  -0.0229527194
6 3 3 2  -0.0433110471
6 3 5 2  -0.0004618050
6 3 7 2  0.0294387442
6 4 0 2  0.0009675689
6 4 2 2  -0.0004618050
6 4 4 2  0.0296437916
6 4 6 2  0.0020725702
6 5 1 2  0.0009675689
6 5 3 2  -0.0004618050
6 5 5 2  0.0296437916
6 5 7 2  0.0020725702
6 6 0 2  -0.0189455678
6 6 2 2  0.0294387442
6 6 4 2  0.0020725702
6 6 6 2  0.0407872642
6 7 1 2  -0.0189455678
6 7 3 2  0.0294387442
6 7 5 2  0.0020725702
6 7 7 2  0.0407872642
6 0 0 4  -0.0375223114
6 0 2 4  -0.0009675689
6 0 4 4  0.0229527194
6 0 6 4  -0.0189455678
6 1 1 4  -0.0375223114
6 1 3 4  -0.0009675689
6 1 5 4  0.0229527194
6 1 7 4  -0.0189455678
6 2 0 4  -0.0009675689
6 2 2 4  -0.0296437916
6 2 4 4  0.0004618050
6 2 6 4  0.0020725702
6 3 1 4  -0.0009675689
6 3 3 4  -0.0296437916
6 3 5 4  0.0004618050
6 3 7 4  0.0020725702
6 4 0 4  0.0229527194
6 4 2 4  0.0004618050
6 4 4 4  0.0433110471
6 4 6 4  0.0294387442
6 5 1 4  0.0229527194
6 5 3 4  0.0004618050
6 5 5 4  0.0433110471
6 5 7 4  0.0294387442
6 6 0 4  -0.0189455678
6 6 2 4  0.0020725702
6 6 4 4  0.0294387442
6 6 6 4  -0.0407872642
6 7 1 4  -0.0189455678
6 7 3 4  0.0020725702
6 7 5 4  0.0294387442
6 7 7 4  -0.0407872642
6 0 0 6  0.3769731814
6 0 2 6  -0.0451317227
6 0 4 6  -0.0451317227
6 1 1 6  0.3769731814
6 1 3 6  -0.0451317227
6 1 5 6  -0.0451317227
6 2 0 6  -0.0451317227
6 2 2 6  0.2382869839
6 2 4 6  0.0059823196
6 2 6 6  0.0407872642
6 3 1 6  -0.0451317227
6 3 3 6  0.2382869839
6 3 5 6  0.0059823196
6 3 7 6  0.0407872642
6 4 0 6  -0.0451317227
6 4 2 6  0.0059823196
6 4 4 6  0.2382869839
6 4 6 6  -0.0407872642
6 5 1 6  -0.0451317227
6 5 3 6  0.0059823196
6 5 5 6  0.2382869839
6 5 7 6  -0.0407872642
6 6 2 6  0.0407872642
6 6 4 6  -0.0407872642
6 6 6 6  0.4259955488
6 7 3 6  0.0407872642
6 7 5 6  -0.0407872642
6 7 7 6  0.4259955488
7 0 2 1  0.0204874894
7 0 4 1  -0.0204874894
7 0 6 1  0.0694548979
7 1 3 1  0.0204874894
7 1 5 1  -0.0204874894
7 1 7 1  0.0694548979
7 2 0 1  0.0204874894
7 2 2 1  0.0166262170
7 2 6 1  -0.0189455678
7 3 1 1  0.0204874894
7 3 3 1  0.0166262170
7 3 7 1  -0.0189455678
7 4 0 1  -0.0204874894
7 4 4 1  -0.0166262170
7 4 6 1  -0.0189455678
7 5 1 1  -0.0204874894
7 5 5 1  -0.0166262170
7 5 7 1  -0.0189455678
7 6 0 1  0.0694548979
7 6 2 1  -0.0189455678
7 6 4 1  -0.0189455678
7 7 1 1  0.0694548979
7 7 3 1  -0.0189455678
7 7 5 1  -0.0189455678
7 0 0 3  0.0375223114
7 0 2 3  -0.0229527194
7 0 4 3  0.0009675689
7 0 6 3  -0.0189455678
7 1 1 3  0.0375223114
7 1 3 3  -0.0229527194
7 1 5 3  0.0009675689
7 1 7 3  -0.0189455678
7 2 0 3  -0.0229527194
7 2 2 3  -0.0433110471
7 2 4 3  -0.0004618050
7 2 6 3  0.0294387442
7 3 1 3  -0.0229527194
7 3 3 3  -0.0433110471
7 3 5 3  -0.0004618050
7 3 7 3  0.0294387442
7 4 0 3  0.0009675689
7 4 2 3  -0.0004618050
7 4 4 3  0.0296437916
7 4 6 3  0.0020725702
7 5 1 3  0.0009675689
7 5 3 3  -0.0004618050
7 5 5 3  0.0296437916
7 5 7 3  0.0020725702
7 6 0 3  -0.0189455678
7 6 2 3  0.0294387442
7 6 4 3  0.0020725702
7 6 6 3  0.0407872642
7 7 1 3  -0.0189455678
7 7 3 3  0.0294387442
7 7 5 3  0.0020725702
7 7 7 3  0.0407872642
7 0 0 5  -0.0375223114
7 0 2 5  -0.0009675689
7 0 4 5  0.0229527194
7 0 6 5  -0.0189455678
7 1 1 5  -0.0375223114
7 1 3 5  -0.0009675689
7 1 5 5  0.0229527194
7 1 7 5  -0.0189455678
7 2 0 5  -0.0009675689
7 2 2 5  -0.0296437916
7 2 4 5  0.0004618050
7 2 6 5  0.0020725702
7 3 1 5  -0.0009675689
7 3 3 5  -0.0296437916
7 3 5 5  0.0004618050
7 3 7 5  0.0020725702
7 4 0 5  0.0229527194
7 4 2 5  0.0004618050
7 4 4 5  0.0433110471
7 4 6 5  0.0294387442
7 5 1 5  0.0229527194
7 5 3 5  0.0004618050
7 5 5 5  0.0433110471
7 5 7 5  0.0294387442
7 6 0 5  -0.0189455678
7 6 2 5  0.0020725702
7 6 4 5  0.0294387442
7 6 6 5  -0.0407872642
7 7 1 5  -0.0189455678
7 7 3 5  0.0020725702
7 7 5 5  0.0294387442
7 7 7 5  -0.0407872642
7 0 0 7  0.3769731814
7 0 2 7  -0.0451317227
7 0 4 7  -0.0451317227
7 1 1 7  0.3769731814
7 1 3 7  -0.0451317227
7 1 5 7  -0.0451317227
7 2 0 7  -0.0451317227
7 2 2 7  0.2382869839
7 2 4 7  0.0059823196
7 2 6 7  0.0407872642
7 3 1 7  -0.0451317227
7 3 3 7  0.2382869839
7 3 5 7  0.0059823196
7 3 7 7  0.0407872642
7 4 0 7  -0.0451317227
7 4 2 7  0.0059823196
7 4 4 7  0.2382869839
7 4 6 7  -0.0407872642
7 5 1 7  -0.0451317227
7 5 3 7  0.0059823196
7 5 5 7  0.2382869839
7 5 7 7  -0.0407872642
7 6 2 7  0.0407872642
7 6 4 7  -0.0407872642
7 6 6 7  0.4259955488
7 7 3 7  0.0407872642
7 7 5 7  -0.0407872642
7 7 7 7  0.4259955488

 E(FCI) = -1.5391605058

 E(HF)  = -0.9483829716
