 MO Integrals

2.8666666667
0 0  -2.1782652415
0 2  0.0993137579
0 4  0.0993137579
1 1  -2.1782652415
1 3  0.0993137579
1 5  0.0993137579
2 0  0.0993137579
2 2  -1.4240715744
2 4  0.0981363447
2 6  -0.1266352667
3 1  0.0993137579
3 3  -1.4240715744
3 5  0.0981363447
3 7  -0.1266352667
4 0  0.0993137579
4 2  0.0981363447
4 4  -1.4240715744
4 6  0.1266352667
5 1  0.0993137579
5 3  0.0981363447
5 5  -1.4240715744
5 7  0.1266352667
6 2  -0.1266352667
6 4  0.1266352667
6 6  -0.6458025087
7 3  -0.1266352667
7 5  0.1266352667
7 7  -0.6458025087
0 0 0 0  0.3247280948
0 0 2 0  -0.0428158435
0 0 4 0  -0.0428158435
0 1 1 0  0.3247280948
0 1 3 0  -0.0428158435
0 1 5 0  -0.0428158435
0 2 0 0  -0.0428158435
0 2 2 0  0.2145951531
0 2 4 0  0.0052228380
0 2 6 0  0.0376902115
0 3 1 0  -0.0428158435
0 3 3 0  0.2145951531
0 3 5 0  0.0052228380
0 3 7 0  0.0376902115
0 4 0 0  -0.0428158435
0 4 2 0  0.0052228380
0 4 4 0  0.2145951531
0 4 6 0  -0.0376902115
0 5 1 0  -0.0428158435
0 5 3 0  0.0052228380
0 5 5 0  0.2145951531
0 5 7 0  -0.0376902115
0 6 2 0  0.0376902115
0 6 4 0  -0.0376902115
0 6 6 0  0.3393119401
0 7 3 0  0.0376902115
0 7 5 0  -0.0376902115
0 7 7 0  0.3393119401
0 0 0 2  -0.0428158435
0 0 2 2  0.0373806485
0 0 4 2  -0.0005880677
0 0 6 2  0.0218492349
0 1 1 2  -0.0428158435
0 1 3 2  0.0373806485
0 1 5 2  -0.0005880677
0 1 7 2  0.0218492349
0 2 0 2  0.0373806485
0 2 2 2  0.0431881585
0 2 4 2  -0.0025801089
0 2 6 2  -0.0319112546
0 3 1 2  0.0373806485
0 3 3 2  0.0431881585
0 3 5 2  -0.0025801089
0 3 7 2  -0.0319112546
0 4 0 2  -0.0005880677
0 4 2 2  -0.0025801089
0 4 4 2  -0.0319804017
0 4 6 2  -0.0029032173
0 5 1 2  -0.0005880677
0 5 3 2  -0.0025801089
0 5 5 2  -0.0319804017
0 5 7 2  -0.0029032173
0 6 0 2  0.0218492349
0 6 2 2  -0.0319112546
0 6 4 2  -0.0029032173
0 6 6 2  -0.0431425623
0 7 1 2  0.0218492349
0 7 3 2  -0.0319112546
0 7 5 2  -0.0029032173
0 7 7 2  -0.0431425623
0 0 0 4  -0.0428158435
0 0 2 4  -0.0005880677
0 0 4 4  0.0373806485
0 0 6 4  -0.0218492349
0 1 1 4  -0.0428158435
0 1 3 4  -0.0005880677
0 1 5 4  0.0373806485
0 1 7 4  -0.0218492349
0 2 0 4  -0.0005880677
0 2 2 4  -0.0319804017
0 2 4 4  -0.0025801089
0 2 6 4  0.0029032173
0 3 1 4  -0.0005880677
0 3 3 4  -0.0319804017
0 3 5 4  -0.0025801089
0 3 7 4  0.0029032173
0 4 0 4  0.0373806485
0 4 2 4  -0.0025801089
0 4 4 4  0.0431881585
0 4 6 4  0.0319112546
0 5 1 4  0.0373806485
0 5 3 4  -0.0025801089
0 5 5 4  0.0431881585
0 5 7 4  0.0319112546
0 6 0 4  -0.0218492349
0 6 2 4  0.0029032173
0 6 4 4  0.0319112546
0 6 6 4  -0.0431425623
0 7 1 4  -0.0218492349
0 7 3 4  0.0029032173
0 7 5 4  0.0319112546
0 7 7 4  -0.0431425623
0 0 2 6  0.0218492349
0 0 4 6  -0.0218492349
0 0 6 6  0.0655936651
0 1 3 6  0.0218492349
0 1 5 6  -0.0218492349
0 1 7 6  0.0655936651
0 2 0 6  0.0218492349
0 2 2 6  0.0070478257
0 2 6 6  -0.0205928980
0 3 1 6  0.0218492349
0 3 3 6  0.0070478257
0 3 7 6  -0.0205928980
0 4 0 6  -0.0218492349
0 4 4 6  -0.0070478257
0 4 6 6  -0.0205928980
0 5 1 6  -0.0218492349
0 5 5 6  -0.0070478257
0 5 7 6  -0.0205928980
0 6 0 6  0.0655936651
0 6 2 6  -0.0205928980
0 6 4 6  -0.0205928980
0 7 1 6  0.0655936651
0 7 3 6  -0.0205928980
0 7 5 6  -0.0205928980
1 0 0 1  0.3247280948
1 0 2 1  -0.0428158435
1 0 4 1  -0.0428158435
1 1 1 1  0.3247280948
1 1 3 1  -0.0428158435
1 1 5 1  -0.0428158435
1 2 0 1  -0.0428158435
1 2 2 1  0.2145951531
1 2 4 1  0.0052228380
1 2 6 1  0.0376902115
1 3 1 1  -0.0428158435
1 3 3 1  0.2145951531
1 3 5 1  0.0052228380
1 3 7 1  0.0376902115
1 4 0 1  -0.0428158435
1 4 2 1  0.0052228380
1 4 4 1  0.2145951531
1 4 6 1  -0.0376902115
1 5 1 1  -0.0428158435
1 5 3 1  0.0052228380
1 5 5 1  0.2145951531
1 5 7 1  -0.0376902115
1 6 2 1  0.0376902115
1 6 4 1  -0.0376902115
1 6 6 1  0.3393119401
1 7 3 1  0.0376902115
1 7 5 1  -0.0376902115
1 7 7 1  0.3393119401
1 0 0 3  -0.0428158435
1 0 2 3  0.0373806485
1 0 4 3  -0.0005880677
1 0 6 3  0.0218492349
1 1 1 3  -0.0428158435
1 1 3 3  0.0373806485
1 1 5 3  -0.0005880677
1 1 7 3  0.0218492349
1 2 0 3  0.0373806485
1 2 2 3  0.0431881585
1 2 4 3  -0.0025801089
1 2 6 3  -0.0319112546
1 3 1 3  0.0373806485
1 3 3 3  0.0431881585
1 3 5 3  -0.0025801089
1 3 7 3  -0.0319112546
1 4 0 3  -0.0005880677
1 4 2 3  -0.0025801089
1 4 4 3  -0.0319804017
1 4 6 3  -0.0029032173
1 5 1 3  -0.0005880677
1 5 3 3  -0.0025801089
1 5 5 3  -0.0319804017
1 5 7 3  -0.0029032173
1 6 0 3  0.0218492349
1 6 2 3  -0.0319112546
1 6 4 3  -0.0029032173
1 6 6 3  -0.0431425623
1 7 1 3  0.0218492349
1 7 3 3  -0.0319112546
1 7 5 3  -0.0029032173
1 7 7 3  -0.0431425623
1 0 0 5  -0.0428158435
1 0 2 5  -0.0005880677
1 0 4 5  0.0373806485
1 0 6 5  -0.0218492349
1 1 1 5  -0.0428158435
1 1 3 5  -0.0005880677
1 1 5 5  0.0373806485
1 1 7 5  -0.0218492349
1 2 0 5  -0.0005880677
1 2 2 5  -0.0319804017
1 2 4 5  -0.0025801089
1 2 6 5  0.0029032173
1 3 1 5  -0.0005880677
1 3 3 5  -0.0319804017
1 3 5 5  -0.0025801089
1 3 7 5  0.0029032173
1 4 0 5  0.0373806485
1 4 2 5  -0.0025801089
1 4 4 5  0.0431881585
1 4 6 5  0.0319112546
1 5 1 5  0.0373806485
1 5 3 5  -0.0025801089
1 5 5 5  0.0431881585
1 5 7 5  0.0319112546
1 6 0 5  -0.0218492349
1 6 2 5  0.0029032173
1 6 4 5  0.0319112546
1 6 6 5  -0.0431425623
1 7 1 5  -0.0218492349
1 7 3 5  0.0029032173
1 7 5 5  0.0319112546
1 7 7 5  -0.0431425623
1 0 2 7  0.0218492349
1 0 4 7  -0.0218492349
1 0 6 7  0.0655936651
1 1 3 7  0.0218492349
1 1 5 7  -0.0218492349
1 1 7 7  0.0655936651
1 2 0 7  0.0218492349
1 2 2 7  0.0070478257
1 2 6 7  -0.0205928980
1 3 1 7  0.0218492349
1 3 3 7  0.0070478257
1 3 7 7  -0.0205928980
1 4 0 7  -0.0218492349
1 4 4 7  -0.0070478257
1 4 6 7  -0.0205928980
1 5 1 7  -0.0218492349
1 5 5 7  -0.0070478257
1 5 7 7  -0.0205928980
1 6 0 7  0.0655936651
1 6 2 7  -0.0205928980
1 6 4 7  -0.0205928980
1 7 1 7  0.0655936651
1 7 3 7  -0.0205928980
1 7 5 7  -0.0205928980
2 0 0 0  -0.0428158435
2 0 2 0  0.0373806485
2 0 4 0  -0.0005880677
2 0 6 0  0.0218492349
2 1 1 0  -0.0428158435
2 1 3 0  0.0373806485
2 1 5 0  -0.0005880677
2 1 7 0  0.0218492349
2 2 0 0  0.0373806485
2 2 2 0  0.0431881585
2 2 4 0  -0.0025801089
2 2 6 0  -0.0319112546
2 3 1 0  0.0373806485
2 3 3 0  0.0431881585
2 3 5 0  -0.0025801089
2 3 7 0  -0.0319112546
2 4 0 0  -0.0005880677
2 4 2 0  -0.0025801089
2 4 4 0  -0.0319804017
2 4 6 0  -0.0029032173
2 5 1 0  -0.0005880677
2 5 3 0  -0.0025801089
2 5 5 0  -0.0319804017
2 5 7 0  -0.0029032173
2 6 0 0  0.0218492349
2 6 2 0  -0.0319112546
2 6 4 0  -0.0029032173
2 6 6 0  -0.0431425623
2 7 1 0  0.0218492349
2 7 3 0  -0.0319112546
2 7 5 0  -0.0029032173
2 7 7 0  -0.0431425623
2 0 0 2  0.2145951531
2 0 2 2  0.0431881585
2 0 4 2  -0.0319804017
2 0 6 2  0.0070478257
2 1 1 2  0.2145951531
2 1 3 2  0.0431881585
2 1 5 2  -0.0319804017
2 1 7 2  0.0070478257
2 2 0 2  0.0431881585
2 2 2 2  0.3561462347
2 2 4 2  0.0019462600
2 2 6 2  -0.0464696638
2 3 1 2  0.0431881585
2 3 3 2  0.3561462347
2 3 5 2  0.0019462600
2 3 7 2  -0.0464696638
2 4 0 2  -0.0319804017
2 4 2 2  0.0019462600
2 4 4 2  0.1293159829
2 4 6 2  -0.0326488268
2 5 1 2  -0.0319804017
2 5 3 2  0.0019462600
2 5 5 2  0.1293159829
2 5 7 2  -0.0326488268
2 6 0 2  0.0070478257
2 6 2 2  -0.0464696638
2 6 4 2  -0.0326488268
2 6 6 2  0.2327185121
2 7 1 2  0.0070478257
2 7 3 2  -0.0464696638
2 7 5 2  -0.0326488268
2 7 7 2  0.2327185121
2 0 0 4  0.0052228380
2 0 2 4  -0.0025801089
2 0 4 4  -0.0025801089
2 1 1 4  0.0052228380
2 1 3 4  -0.0025801089
2 1 5 4  -0.0025801089
2 2 0 4  -0.0025801089
2 2 2 4  0.0019462600
2 2 4 4  0.0016020004
2 2 6 4  -0.0004226989
2 3 1 4  -0.0025801089
2 3 3 4  0.0019462600
2 3 5 4  0.0016020004
2 3 7 4  -0.0004226989
2 4 0 4  -0.0025801089
2 4 2 4  0.0016020004
2 4 4 4  0.0019462600
2 4 6 4  0.0004226989
2 5 1 4  -0.0025801089
2 5 3 4  0.0016020004
2 5 5 4  0.0019462600
2 5 7 4  0.0004226989
2 6 2 4  -0.0004226989
2 6 4 4  0.0004226989
2 6 6 4  0.0054432990
2 7 3 4  -0.0004226989
2 7 5 4  0.0004226989
2 7 7 4  0.0054432990
2 0 0 6  0.0376902115
2 0 2 6  -0.0319112546
2 0 4 6  0.0029032173
2 0 6 6  -0.0205928980
2 1 1 6  0.0376902115
2 1 3 6  -0.0319112546
2 1 5 6  0.0029032173
2 1 7 6  -0.0205928980
2 2 0 6  -0.0319112546
2 2 2 6  -0.0464696638
2 2 4 6  -0.0004226989
2 2 6 6  0.0375095057
2 3 1 6  -0.0319112546
2 3 3 6  -0.0464696638
2 3 5 6  -0.0004226989
2 3 7 6  0.0375095057
2 4 0 6  0.0029032173
2 4 2 6  -0.0004226989
2 4 4 6  0.0326488268
2 4 6 6  0.0041283689
2 5 1 6  0.0029032173
2 5 3 6  -0.0004226989
2 5 5 6  0.0326488268
2 5 7 6  0.0041283689
2 6 0 6  -0.0205928980
2 6 2 6  0.0375095057
2 6 4 6  0.0041283689
2 6 6 6  0.0406661327
2 7 1 6  -0.0205928980
2 7 3 6  0.0375095057
2 7 5 6  0.0041283689
2 7 7 6  0.0406661327
3 0 0 1  -0.0428158435
3 0 2 1  0.0373806485
3 0 4 1  -0.0005880677
3 0 6 1  0.0218492349
3 1 1 1  -0.0428158435
3 1 3 1  0.0373806485
3 1 5 1  -0.0005880677
3 1 7 1  0.0218492349
3 2 0 1  0.0373806485
3 2 2 1  0.0431881585
3 2 4 1  -0.0025801089
3 2 6 1  -0.0319112546
3 3 1 1  0.0373806485
3 3 3 1  0.0431881585
3 3 5 1  -0.0025801089
3 3 7 1  -0.0319112546
3 4 0 1  -0.0005880677
3 4 2 1  -0.0025801089
3 4 4 1  -0.0319804017
3 4 6 1  -0.0029032173
3 5 1 1  -0.0005880677
3 5 3 1  -0.0025801089
3 5 5 1  -0.0319804017
3 5 7 1  -0.0029032173
3 6 0 1  0.0218492349
3 6 2 1  -0.0319112546
3 6 4 1  -0.0029032173
3 6 6 1  -0.0431425623
3 7 1 1  0.0218492349
3 7 3 1  -0.0319112546
3 7 5 1  -0.0029032173
3 7 7 1  -0.0431425623
3 0 0 3  0.2145951531
3 0 2 3  0.0431881585
3 0 4 3  -0.0319804017
3 0 6 3  0.0070478257
3 1 1 3  0.2145951531
3 1 3 3  0.0431881585
3 1 5 3  -0.0319804017
3 1 7 3  0.0070478257
3 2 0 3  0.0431881585
3 2 2 3  0.3561462347
3 2 4 3  0.0019462600
3 2 6 3  -0.0464696638
3 3 1 3  0.0431881585
3 3 3 3  0.3561462347
3 3 5 3  0.0019462600
3 3 7 3  -0.0464696638
3 4 0 3  -0.0319804017
3 4 2 3  0.0019462600
3 4 4 3  0.1293159829
3 4 6 3  -0.0326488268
3 5 1 3  -0.0319804017
3 5 3 3  0.0019462600
3 5 5 3  0.1293159829
3 5 7 3  -0.0326488268
3 6 0 3  0.0070478257
3 6 2 3  -0.0464696638
3 6 4 3  -0.0326488268
3 6 6 3  0.2327185121
3 7 1 3  0.0070478257
3 7 3 3  -0.0464696638
3 7 5 3  -0.0326488268
3 7 7 3  0.2327185121
3 0 0 5  0.0052228380
3 0 2 5  -0.0025801089
3 0 4 5  -0.0025801089
3 1 1 5  0.0052228380
3 1 3 5  -0.0025801089
3 1 5 5  -0.0025801089
3 2 0 5  -0.0025801089
3 2 2 5  0.0019462600
3 2 4 5  0.0016020004
3 2 6 5  -0.0004226989
3 3 1 5  -0.0025801089
3 3 3 5  0.0019462600
3 3 5 5  0.0016020004
3 3 7 5  -0.0004226989
3 4 0 5  -0.0025801089
3 4 2 5  0.0016020004
3 4 4 5  0.0019462600
3 4 6 5  0.0004226989
3 5 1 5  -0.0025801089
3 5 3 5  0.0016020004
3 5 5 5  0.0019462600
3 5 7 5  0.0004226989
3 6 2 5  -0.0004226989
3 6 4 5  0.0004226989
3 6 6 5  0.0054432990
3 7 3 5  -0.0004226989
3 7 5 5  0.0004226989
3 7 7 5  0.0054432990
3 0 0 7  0.0376902115
3 0 2 7  -0.0319112546
3 0 4 7  0.0029032173
3 0 6 7  -0.0205928980
3 1 1 7  0.0376902115
3 1 3 7  -0.0319112546
3 1 5 7  0.0029032173
3 1 7 7  -0.0205928980
3 2 0 7  -0.0319112546
3 2 2 7  -0.0464696638
3 2 4 7  -0.0004226989
3 2 6 7  0.0375095057
3 3 1 7  -0.0319112546
3 3 3 7  -0.0464696638
3 3 5 7  -0.0004226989
3 3 7 7  0.0375095057
3 4 0 7  0.0029032173
3 4 2 7  -0.0004226989
3 4 4 7  0.0326488268
3 4 6 7  0.0041283689
3 5 1 7  0.0029032173
3 5 3 7  -0.0004226989
3 5 5 7  0.0326488268
3 5 7 7  0.0041283689
3 6 0 7  -0.0205928980
3 6 2 7  0.0375095057
3 6 4 7  0.0041283689
3 6 6 7  0.0406661327
3 7 1 7  -0.0205928980
3 7 3 7  0.0375095057
3 7 5 7  0.0041283689
3 7 7 7  0.0406661327
4 0 0 0  -0.0428158435
4 0 2 0  -0.0005880677
4 0 4 0  0.0373806485
4 0 6 0  -0.0218492349
4 1 1 0  -0.0428158435
4 1 3 0  -0.0005880677
4 1 5 0  0.0373806485
4 1 7 0  -0.0218492349
4 2 0 0  -0.0005880677
4 2 2 0  -0.0319804017
4 2 4 0  -0.0025801089
4 2 6 0  0.0029032173
4 3 1 0  -0.0005880677
4 3 3 0  -0.0319804017
4 3 5 0  -0.0025801089
4 3 7 0  0.0029032173
4 4 0 0  0.0373806485
4 4 2 0  -0.0025801089
4 4 4 0  0.0431881585
4 4 6 0  0.0319112546
4 5 1 0  0.0373806485
4 5 3 0  -0.0025801089
4 5 5 0  0.0431881585
4 5 7 0  0.0319112546
4 6 0 0  -0.0218492349
4 6 2 0  0.0029032173
4 6 4 0  0.0319112546
4 6 6 0  -0.0431425623
4 7 1 0  -0.0218492349
4 7 3 0  0.0029032173
4 7 5 0  0.0319112546
4 7 7 0  -0.0431425623
4 0 0 2  0.0052228380
4 0 2 2  -0.0025801089
4 0 4 2  -0.0025801089
4 1 1 2  0.0052228380
4 1 3 2  -0.0025801089
4 1 5 2  -0.0025801089
4 2 0 2  -0.0025801089
4 2 2 2  0.0019462600
4 2 4 2  0.0016020004
4 2 6 2  -0.0004226989
4 3 1 2  -0.0025801089
4 3 3 2  0.0019462600
4 3 5 2  0.0016020004
4 3 7 2  -0.0004226989
4 4 0 2  -0.0025801089
4 4 2 2  0.0016020004
4 4 4 2  0.0019462600
4 4 6 2  0.0004226989
4 5 1 2  -0.0025801089
4 5 3 2  0.0016020004
4 5 5 2  0.0019462600
4 5 7 2  0.0004226989
4 6 2 2  -0.0004226989
4 6 4 2  0.0004226989
4 6 6 2  0.0054432990
4 7 3 2  -0.0004226989
4 7 5 2  0.0004226989
4 7 7 2  0.0054432990
4 0 0 4  0.2145951531
4 0 2 4  -0.0319804017
4 0 4 4  0.0431881585
4 0 6 4  -0.0070478257
4 1 1 4  0.2145951531
4 1 3 4  -0.0319804017
4 1 5 4  0.0431881585
4 1 7 4  -0.0070478257
4 2 0 4  -0.0319804017
4 2 2 4  0.1293159829
4 2 4 4  0.0019462600
4 2 6 4  0.0326488268
4 3 1 4  -0.0319804017
4 3 3 4  0.1293159829
4 3 5 4  0.0019462600
4 3 7 4  0.0326488268
4 4 0 4  0.0431881585
4 4 2 4  0.0019462600
4 4 4 4  0.3561462347
4 4 6 4  0.0464696638
4 5 1 4  0.0431881585
4 5 3 4  0.0019462600
4 5 5 4  0.3561462347
4 5 7 4  0.0464696638
4 6 0 4  -0.0070478257
4 6 2 4  0.0326488268
4 6 4 4  0.0464696638
4 6 6 4  0.2327185121
4 7 1 4  -0.0070478257
4 7 3 4  0.0326488268
4 7 5 4  0.0464696638
4 7 7 4  0.2327185121
4 0 0 6  -0.0376902115
4 0 2 6  -0.0029032173
4 0 4 6  0.0319112546
4 0 6 6  -0.0205928980
4 1 1 6  -0.0376902115
4 1 3 6  -0.0029032173
4 1 5 6  0.0319112546
4 1 7 6  -0.0205928980
4 2 0 6  -0.0029032173
4 2 2 6  -0.0326488268
4 2 4 6  0.0004226989
4 2 6 6  0.0041283689
4 3 1 6  -0.0029032173
4 3 3 6  -0.0326488268
4 3 5 6  0.0004226989
4 3 7 6  0.0041283689
4 4 0 6  0.0319112546
4 4 2 6  0.0004226989
4 4 4 6  0.0464696638
4 4 6 6  0.0375095057
4 5 1 6  0.0319112546
4 5 3 6  0.0004226989
4 5 5 6  0.0464696638
4 5 7 6  0.0375095057
4 6 0 6  -0.0205928980
4 6 2 6  0.0041283689
4 6 4 6  0.0375095057
4 6 6 6  -0.0406661327
4 7 1 6  -0.0205928980
4 7 3 6  0.0041283689
4 7 5 6  0.0375095057
4 7 7 6  -0.0406661327
5 0 0 1  -0.0428158435
5 0 2 1  -0.0005880677
5 0 4 1  0.0373806485
5 0 6 1  -0.0218492349
5 1 1 1  -0.0428158435
5 1 3 1  -0.0005880677
5 1 5 1  0.0373806485
5 1 7 1  -0.0218492349
5 2 0 1  -0.0005880677
5 2 2 1  -0.0319804017
5 2 4 1  -0.0025801089
5 2 6 1  0.0029032173
5 3 1 1  -0.0005880677
5 3 3 1  -0.0319804017
5 3 5 1  -0.0025801089
5 3 7 1  0.0029032173
5 4 0 1  0.0373806485
5 4 2 1  -0.0025801089
5 4 4 1  0.0431881585
5 4 6 1  0.0319112546
5 5 1 1  0.0373806485
5 5 3 1  -0.0025801089
5 5 5 1  0.0431881585
5 5 7 1  0.0319112546
5 6 0 1  -0.0218492349
5 6 2 1  0.0029032173
5 6 4 1  0.0319112546
5 6 6 1  -0.0431425623
5 7 1 1  -0.0218492349
5 7 3 1  0.0029032173
5 7 5 1  0.0319112546
5 7 7 1  -0.0431425623
5 0 0 3  0.0052228380
5 0 2 3  -0.0025801089
5 0 4 3  -0.0025801089
5 1 1 3  0.0052228380
5 1 3 3  -0.0025801089
5 1 5 3  -0.0025801089
5 2 0 3  -0.0025801089
5 2 2 3  0.0019462600
5 2 4 3  0.0016020004
5 2 6 3  -0.0004226989
5 3 1 3  -0.0025801089
5 3 3 3  0.0019462600
5 3 5 3  0.0016020004
5 3 7 3  -0.0004226989
5 4 0 3  -0.0025801089
5 4 2 3  0.0016020004
5 4 4 3  0.0019462600
5 4 6 3  0.0004226989
5 5 1 3  -0.0025801089
5 5 3 3  0.0016020004
5 5 5 3  0.0019462600
5 5 7 3  0.0004226989
5 6 2 3  -0.0004226989
5 6 4 3  0.0004226989
5 6 6 3  0.0054432990
5 7 3 3  -0.0004226989
5 7 5 3  0.0004226989
5 7 7 3  0.0054432990
5 0 0 5  0.2145951531
5 0 2 5  -0.0319804017
5 0 4 5  0.0431881585
5 0 6 5  -0.0070478257
5 1 1 5  0.2145951531
5 1 3 5  -0.0319804017
5 1 5 5  0.0431881585
5 1 7 5  -0.0070478257
5 2 0 5  -0.0319804017
5 2 2 5  0.1293159829
5 2 4 5  0.0019462600
5 2 6 5  0.0326488268
5 3 1 5  -0.0319804017
5 3 3 5  0.1293159829
5 3 5 5  0.0019462600
5 3 7 5  0.0326488268
5 4 0 5  0.0431881585
5 4 2 5  0.0019462600
5 4 4 5  0.3561462347
5 4 6 5  0.0464696638
5 5 1 5  0.0431881585
5 5 3 5  0.0019462600
5 5 5 5  0.3561462347
5 5 7 5  0.0464696638
5 6 0 5  -0.0070478257
5 6 2 5  0.0326488268
5 6 4 5  0.0464696638
5 6 6 5  0.2327185121
5 7 1 5  -0.0070478257
5 7 3 5  0.0326488268
5 7 5 5  0.0464696638
5 7 7 5  0.2327185121
5 0 0 7  -0.0376902115
5 0 2 7  -0.0029032173
5 0 4 7  0.0319112546
5 0 6 7  -0.0205928980
5 1 1 7  -0.0376902115
5 1 3 7  -0.0029032173
5 1 5 7  0.0319112546
5 1 7 7  -0.0205928980
5 2 0 7  -0.0029032173
5 2 2 7  -0.0326488268
5 2 4 7  0.0004226989
5 2 6 7  0.0041283689
5 3 1 7  -0.0029032173
5 3 3 7  -0.0326488268
5 3 5 7  0.0004226989
5 3 7 7  0.0041283689
5 4 0 7  0.0319112546
5 4 2 7  0.0004226989
5 4 4 7  0.0464696638
5 4 6 7  0.0375095057
5 5 1 7  0.0319112546
5 5 3 7  0.0004226989
5 5 5 7  0.0464696638
5 5 7 7  0.0375095057
5 6 0 7  -0.0205928980
5 6 2 7  0.0041283689
5 6 4 7  0.0375095057
5 6 6 7  -0.0406661327
5 7 1 7  -0.0205928980
5 7 3 7  0.0041283689
5 7 5 7  0.0375095057
5 7 7 7  -0.0406661327
6 0 2 0  0.0218492349
6 0 4 0  -0.0218492349
6 0 6 0  0.0655936651
6 1 3 0  0.0218492349
6 1 5 0  -0.0218492349
6 1 7 0  0.0655936651
6 2 0 0  0.0218492349
6 2 2 0  0.0070478257
6 2 6 0  -0.0205928980
6 3 1 0  0.0218492349
6 3 3 0  0.0070478257
6 3 7 0  -0.0205928980
6 4 0 0  -0.0218492349
6 4 4 0  -0.0070478257
6 4 6 0  -0.0205928980
6 5 1 0  -0.0218492349
6 5 5 0  -0.0070478257
6 5 7 0  -0.0205928980
6 6 0 0  0.0655936651
6 6 2 0  -0.0205928980
6 6 4 0  -0.0205928980
6 7 1 0  0.0655936651
6 7 3 0  -0.0205928980
6 7 5 0  -0.0205928980
6 0 0 2  0.0376902115
6 0 2 2  -0.0319112546
6 0 4 2  0.0029032173
6 0 6 2  -0.0205928980
6 1 1 2  0.0376902115
6 1 3 2  -0.0319112546
6 1 5 2  0.0029032173
6 1 7 2  -0.0205928980
6 2 0 2  -0.0319112546
6 2 2 2  -0.0464696638
6 2 4 2  -0.0004226989
6 2 6 2  0.0375095057
6 3 1 2  -0.0319112546
6 3 3 2  -0.0464696638
6 3 5 2  -0.0004226989
6 3 7 2  0.0375095057
6 4 0 2  0.0029032173
6 4 2 2  -0.0004226989
6 4 4 2  0.0326488268
6 4 6 2  0.0041283689
6 5 1 2  0.0029032173
6 5 3 2  -0.0004226989
6 5 5 2  0.0326488268
6 5 7 2  0.0041283689
6 6 0 2  -0.0205928980
6 6 2 2  0.0375095057
6 6 4 2  0.0041283689
6 6 6 2  0.0406661327
6 7 1 2  -0.0205928980
6 7 3 2  0.0375095057
6 7 5 2  0.0041283689
6 7 7 2  0.0406661327
6 0 0 4  -0.0376902115
6 0 2 4  -0.0029032173
6 0 4 4  0.0319112546
6 0 6 4  -0.0205928980
6 1 1 4  -0.0376902115
6 1 3 4  -0.0029032173
6 1 5 4  0.0319112546
6 1 7 4  -0.0205928980
6 2 0 4  -0.0029032173
6 2 2 4  -0.0326488268
6 2 4 4  0.0004226989
6 2 6 4  0.0041283689
6 3 1 4  -0.0029032173
6 3 3 4  -0.0326488268
6 3 5 4  0.0004226989
6 3 7 4  0.0041283689
6 4 0 4  0.0319112546
6 4 2 4  0.0004226989
6 4 4 4  0.0464696638
6 4 6 4  0.0375095057
6 5 1 4  0.0319112546
6 5 3 4  0.0004226989
6 5 5 4  0.0464696638
6 5 7 4  0.0375095057
6 6 0 4  -0.0205928980
6 6 2 4  0.0041283689
6 6 4 4  0.0375095057
6 6 6 4  -0.0406661327
6 7 1 4  -0.0205928980
6 7 3 4  0.0041283689
6 7 5 4  0.0375095057
6 7 7 4  -0.0406661327
6 0 0 6  0.3393119401
6 0 2 6  -0.0431425623
6 0 4 6  -0.0431425623
6 1 1 6  0.3393119401
6 1 3 6  -0.0431425623
6 1 5 6  -0.0431425623
6 2 0 6  -0.0431425623
6 2 2 6  0.2327185121
6 2 4 6  0.0054432990
6 2 6 6  0.0406661327
6 3 1 6  -0.0431425623
6 3 3 6  0.2327185121
6 3 5 6  0.0054432990
6 3 7 6  0.0406661327
6 4 0 6  -0.0431425623
6 4 2 6  0.0054432990
6 4 4 6  0.2327185121
6 4 6 6  -0.0406661327
6 5 1 6  -0.0431425623
6 5 3 6  0.0054432990
6 5 5 6  0.2327185121
6 5 7 6  -0.0406661327
6 6 2 6  0.0406661327
6 6 4 6  -0.0406661327
6 6 6 6  0.3793778857
6 7 3 6  0.0406661327
6 7 5 6  -0.0406661327
6 7 7 6  0.3793778857
7 0 2 1  0.0218492349
7 0 4 1  -0.0218492349
7 0 6 1  0.0655936651
7 1 3 1  0.0218492349
7 1 5 1  -0.0218492349
7 1 7 1  0.0655936651
7 2 0 1  0.0218492349
7 2 2 1  0.0070478257
7 2 6 1  -0.0205928980
7 3 1 1  0.0218492349
7 3 3 1  0.0070478257
7 3 7 1  -0.0205928980
7 4 0 1  -0.0218492349
7 4 4 1  -0.0070478257
7 4 6 1  -0.0205928980
7 5 1 1  -0.0218492349
7 5 5 1  -0.0070478257
7 5 7 1  -0.0205928980
7 6 0 1  0.0655936651
7 6 2 1  -0.0205928980
7 6 4 1  -0.0205928980
7 7 1 1  0.0655936651
7 7 3 1  -0.0205928980
7 7 5 1  -0.0205928980
7 0 0 3  0.0376902115
7 0 2 3  -0.0319112546
7 0 4 3  0.0029032173
7 0 6 3  -0.0205928980
7 1 1 3  0.0376902115
7 1 3 3  -0.0319112546
7 1 5 3  0.0029032173
7 1 7 3  -0.0205928980
7 2 0 3  -0.0319112546
7 2 2 3  -0.0464696638
7 2 4 3  -0.0004226989
7 2 6 3  0.0375095057
7 3 1 3  -0.0319112546
7 3 3 3  -0.0464696638
7 3 5 3  -0.0004226989
7 3 7 3  0.0375095057
7 4 0 3  0.0029032173
7 4 2 3  -0.0004226989
7 4 4 3  0.0326488268
7 4 6 3  0.0041283689
7 5 1 3  0.0029032173
7 5 3 3  -0.0004226989
7 5 5 3  0.0326488268
7 5 7 3  0.0041283689
7 6 0 3  -0.0205928980
7 6 2 3  0.0375095057
7 6 4 3  0.0041283689
7 6 6 3  0.0406661327
7 7 1 3  -0.0205928980
7 7 3 3  0.0375095057
7 7 5 3  0.0041283689
7 7 7 3  0.0406661327
7 0 0 5  -0.0376902115
7 0 2 5  -0.0029032173
7 0 4 5  0.0319112546
7 0 6 5  -0.0205928980
7 1 1 5  -0.0376902115
7 1 3 5  -0.0029032173
7 1 5 5  0.0319112546
7 1 7 5  -0.0205928980
7 2 0 5  -0.0029032173
7 2 2 5  -0.0326488268
7 2 4 5  0.0004226989
7 2 6 5  0.0041283689
7 3 1 5  -0.0029032173
7 3 3 5  -0.0326488268
7 3 5 5  0.0004226989
7 3 7 5  0.0041283689
7 4 0 5  0.0319112546
7 4 2 5  0.0004226989
7 4 4 5  0.0464696638
7 4 6 5  0.0375095057
7 5 1 5  0.0319112546
7 5 3 5  0.0004226989
7 5 5 5  0.0464696638
7 5 7 5  0.0375095057
7 6 0 5  -0.0205928980
7 6 2 5  0.0041283689
7 6 4 5  0.0375095057
7 6 6 5  -0.0406661327
7 7 1 5  -0.0205928980
7 7 3 5  0.0041283689
7 7 5 5  0.0375095057
7 7 7 5  -0.0406661327
7 0 0 7  0.3393119401
7 0 2 7  -0.0431425623
7 0 4 7  -0.0431425623
7 1 1 7  0.3393119401
7 1 3 7  -0.0431425623
7 1 5 7  -0.0431425623
7 2 0 7  -0.0431425623
7 2 2 7  0.2327185121
7 2 4 7  0.0054432990
7 2 6 7  0.0406661327
7 3 1 7  -0.0431425623
7 3 3 7  0.2327185121
7 3 5 7  0.0054432990
7 3 7 7  0.0406661327
7 4 0 7  -0.0431425623
7 4 2 7  0.0054432990
7 4 4 7  0.2327185121
7 4 6 7  -0.0406661327
7 5 1 7  -0.0431425623
7 5 3 7  0.0054432990
7 5 5 7  0.2327185121
7 5 7 7  -0.0406661327
7 6 2 7  0.0406661327
7 6 4 7  -0.0406661327
7 6 6 7  0.3793778857
7 7 3 7  0.0406661327
7 7 5 7  -0.0406661327
7 7 7 7  0.3793778857

 E(FCI) = -1.9876261344

 E(HF)  = -1.4090196757
