 MO Integrals

3.1726190476
0 0  -2.2625191893
0 4  0.1941962779
1 1  -2.2625191893
1 5  0.1941962779
2 2  -1.5440738738
2 6  -0.1455300428
3 3  -1.5440738738
3 7  -0.1455300428
4 0  0.1941962779
4 4  -1.3689606303
5 1  0.1941962779
5 5  -1.3689606303
6 2  -0.1455300428
6 6  -0.4641757324
7 3  -0.1455300428
7 7  -0.4641757324
0 0 0 0  0.3269653889
0 0 4 0  -0.0639062129
0 1 1 0  0.3269653889
0 1 5 0  -0.0639062129
0 2 2 0  0.2159472295
0 2 6 0  0.0548548603
0 3 3 0  0.2159472295
0 3 7 0  0.0548548603
0 4 0 0  -0.0639062129
0 4 4 0  0.2296995112
0 5 1 0  -0.0639062129
0 5 5 0  0.2296995112
0 6 2 0  0.0548548603
0 6 6 0  0.3464222211
0 7 3 0  0.0548548603
0 7 7 0  0.3464222211
0 0 2 2  0.0407585616
0 0 6 2  0.0295518355
0 1 3 2  0.0407585616
0 1 7 2  0.0295518355
0 2 0 2  0.0407585616
0 2 4 2  0.0544596706
0 3 1 2  0.0407585616
0 3 5 2  0.0544596706
0 4 2 2  0.0544596706
0 4 6 2  -0.0369723616
0 5 3 2  0.0544596706
0 5 7 2  -0.0369723616
0 6 0 2  0.0295518355
0 6 4 2  -0.0369723616
0 7 1 2  0.0295518355
0 7 5 2  -0.0369723616
0 0 0 4  -0.0639062129
0 0 4 4  0.0414111659
0 1 1 4  -0.0639062129
0 1 5 4  0.0414111659
0 2 2 4  0.0106338146
0 2 6 4  -0.0318931474
0 3 3 4  0.0106338146
0 3 7 4  -0.0318931474
0 4 0 4  0.0414111659
0 4 4 4  0.0007968252
0 5 1 4  0.0414111659
0 5 5 4  0.0007968252
0 6 2 4  -0.0318931474
0 6 6 4  -0.0672633827
0 7 3 4  -0.0318931474
0 7 7 4  -0.0672633827
0 0 2 6  0.0295518355
0 0 6 6  0.0620809364
0 1 3 6  0.0295518355
0 1 7 6  0.0620809364
0 2 0 6  0.0295518355
0 2 4 6  0.0041070605
0 3 1 6  0.0295518355
0 3 5 6  0.0041070605
0 4 2 6  0.0041070605
0 4 6 6  -0.0287385301
0 5 3 6  0.0041070605
0 5 7 6  -0.0287385301
0 6 0 6  0.0620809364
0 6 4 6  -0.0287385301
0 7 1 6  0.0620809364
0 7 5 6  -0.0287385301
1 0 0 1  0.3269653889
1 0 4 1  -0.0639062129
1 1 1 1  0.3269653889
1 1 5 1  -0.0639062129
1 2 2 1  0.2159472295
1 2 6 1  0.0548548603
1 3 3 1  0.2159472295
1 3 7 1  0.0548548603
1 4 0 1  -0.0639062129
1 4 4 1  0.2296995112
1 5 1 1  -0.0639062129
1 5 5 1  0.2296995112
1 6 2 1  0.0548548603
1 6 6 1  0.3464222211
1 7 3 1  0.0548548603
1 7 7 1  0.3464222211
1 0 2 3  0.0407585616
1 0 6 3  0.0295518355
1 1 3 3  0.0407585616
1 1 7 3  0.0295518355
1 2 0 3  0.0407585616
1 2 4 3  0.0544596706
1 3 1 3  0.0407585616
1 3 5 3  0.0544596706
1 4 2 3  0.0544596706
1 4 6 3  -0.0369723616
1 5 3 3  0.0544596706
1 5 7 3  -0.0369723616
1 6 0 3  0.0295518355
1 6 4 3  -0.0369723616
1 7 1 3  0.0295518355
1 7 5 3  -0.0369723616
1 0 0 5  -0.0639062129
1 0 4 5  0.0414111659
1 1 1 5  -0.0639062129
1 1 5 5  0.0414111659
1 2 2 5  0.0106338146
1 2 6 5  -0.0318931474
1 3 3 5  0.0106338146
1 3 7 5  -0.0318931474
1 4 0 5  0.0414111659
1 4 4 5  0.0007968252
1 5 1 5  0.0414111659
1 5 5 5  0.0007968252
1 6 2 5  -0.0318931474
1 6 6 5  -0.0672633827
1 7 3 5  -0.0318931474
1 7 7 5  -0.0672633827
1 0 2 7  0.0295518355
1 0 6 7  0.0620809364
1 1 3 7  0.0295518355
1 1 7 7  0.0620809364
1 2 0 7  0.0295518355
1 2 4 7  0.0041070605
1 3 1 7  0.0295518355
1 3 5 7  0.0041070605
1 4 2 7  0.0041070605
1 4 6 7  -0.0287385301
1 5 3 7  0.0041070605
1 5 7 7  -0.0287385301
1 6 0 7  0.0620809364
1 6 4 7  -0.0287385301
1 7 1 7  0.0620809364
1 7 5 7  -0.0287385301
2 0 2 0  0.0407585616
2 0 6 0  0.0295518355
2 1 3 0  0.0407585616
2 1 7 0  0.0295518355
2 2 0 0  0.0407585616
2 2 4 0  0.0544596706
2 3 1 0  0.0407585616
2 3 5 0  0.0544596706
2 4 2 0  0.0544596706
2 4 6 0  -0.0369723616
2 5 3 0  0.0544596706
2 5 7 0  -0.0369723616
2 6 0 0  0.0295518355
2 6 4 0  -0.0369723616
2 7 1 0  0.0295518355
2 7 5 0  -0.0369723616
2 0 0 2  0.2159472295
2 0 4 2  0.0106338146
2 1 1 2  0.2159472295
2 1 5 2  0.0106338146
2 2 2 2  0.2435230558
2 2 6 2  -0.0073930615
2 3 3 2  0.2435230558
2 3 7 2  -0.0073930615
2 4 0 2  0.0106338146
2 4 4 2  0.2438857491
2 5 1 2  0.0106338146
2 5 5 2  0.2438857491
2 6 2 2  -0.0073930615
2 6 6 2  0.2342259430
2 7 3 2  -0.0073930615
2 7 7 2  0.2342259430
2 0 2 4  0.0544596706
2 0 6 4  0.0041070605
2 1 3 4  0.0544596706
2 1 7 4  0.0041070605
2 2 0 4  0.0544596706
2 2 4 4  0.1091769420
2 3 1 4  0.0544596706
2 3 5 4  0.1091769420
2 4 2 4  0.1091769420
2 4 6 4  -0.0550575084
2 5 3 4  0.1091769420
2 5 7 4  -0.0550575084
2 6 0 4  0.0041070605
2 6 4 4  -0.0550575084
2 7 1 4  0.0041070605
2 7 5 4  -0.0550575084
2 0 0 6  0.0548548603
2 0 4 6  -0.0318931474
2 1 1 6  0.0548548603
2 1 5 6  -0.0318931474
2 2 2 6  -0.0073930615
2 2 6 6  0.0350132862
2 3 3 6  -0.0073930615
2 3 7 6  0.0350132862
2 4 0 6  -0.0318931474
2 4 4 6  -0.0069998685
2 5 1 6  -0.0318931474
2 5 5 6  -0.0069998685
2 6 2 6  0.0350132862
2 6 6 6  0.0614172709
2 7 3 6  0.0350132862
2 7 7 6  0.0614172709
3 0 2 1  0.0407585616
3 0 6 1  0.0295518355
3 1 3 1  0.0407585616
3 1 7 1  0.0295518355
3 2 0 1  0.0407585616
3 2 4 1  0.0544596706
3 3 1 1  0.0407585616
3 3 5 1  0.0544596706
3 4 2 1  0.0544596706
3 4 6 1  -0.0369723616
3 5 3 1  0.0544596706
3 5 7 1  -0.0369723616
3 6 0 1  0.0295518355
3 6 4 1  -0.0369723616
3 7 1 1  0.0295518355
3 7 5 1  -0.0369723616
3 0 0 3  0.2159472295
3 0 4 3  0.0106338146
3 1 1 3  0.2159472295
3 1 5 3  0.0106338146
3 2 2 3  0.2435230558
3 2 6 3  -0.0073930615
3 3 3 3  0.2435230558
3 3 7 3  -0.0073930615
3 4 0 3  0.0106338146
3 4 4 3  0.2438857491
3 5 1 3  0.0106338146
3 5 5 3  0.2438857491
3 6 2 3  -0.0073930615
3 6 6 3  0.2342259430
3 7 3 3  -0.0073930615
3 7 7 3  0.2342259430
3 0 2 5  0.0544596706
3 0 6 5  0.0041070605
3 1 3 5  0.0544596706
3 1 7 5  0.0041070605
3 2 0 5  0.0544596706
3 2 4 5  0.1091769420
3 3 1 5  0.0544596706
3 3 5 5  0.1091769420
3 4 2 5  0.1091769420
3 4 6 5  -0.0550575084
3 5 3 5  0.1091769420
3 5 7 5  -0.0550575084
3 6 0 5  0.0041070605
3 6 4 5  -0.0550575084
3 7 1 5  0.0041070605
3 7 5 5  -0.0550575084
3 0 0 7  0.0548548603
3 0 4 7  -0.0318931474
3 1 1 7  0.0548548603
3 1 5 7  -0.0318931474
3 2 2 7  -0.0073930615
3 2 6 7  0.0350132862
3 3 3 7  -0.0073930615
3 3 7 7  0.0350132862
3 4 0 7  -0.0318931474
3 4 4 7  -0.0069998685
3 5 1 7  -0.0318931474
3 5 5 7  -0.0069998685
3 6 2 7  0.0350132862
3 6 6 7  0.0614172709
3 7 3 7  0.0350132862
3 7 7 7  0.0614172709
4 0 0 0  -0.0639062129
4 0 4 0  0.0414111659
4 1 1 0  -0.0639062129
4 1 5 0  0.0414111659
4 2 2 0  0.0106338146
4 2 6 0  -0.0318931474
4 3 3 0  0.0106338146
4 3 7 0  -0.0318931474
4 4 0 0  0.0414111659
4 4 4 0  0.0007968252
4 5 1 0  0.0414111659
4 5 5 0  0.0007968252
4 6 2 0  -0.0318931474
4 6 6 0  -0.0672633827
4 7 3 0  -0.0318931474
4 7 7 0  -0.0672633827
4 0 2 2  0.0544596706
4 0 6 2  0.0041070605
4 1 3 2  0.0544596706
4 1 7 2  0.0041070605
4 2 0 2  0.0544596706
4 2 4 2  0.1091769420
4 3 1 2  0.0544596706
4 3 5 2  0.1091769420
4 4 2 2  0.1091769420
4 4 6 2  -0.0550575084
4 5 3 2  0.1091769420
4 5 7 2  -0.0550575084
4 6 0 2  0.0041070605
4 6 4 2  -0.0550575084
4 7 1 2  0.0041070605
4 7 5 2  -0.0550575084
4 0 0 4  0.2296995112
4 0 4 4  0.0007968252
4 1 1 4  0.2296995112
4 1 5 4  0.0007968252
4 2 2 4  0.2438857491
4 2 6 4  -0.0069998685
4 3 3 4  0.2438857491
4 3 7 4  -0.0069998685
4 4 0 4  0.0007968252
4 4 4 4  0.2520018699
4 5 1 4  0.0007968252
4 5 5 4  0.2520018699
4 6 2 4  -0.0069998685
4 6 6 4  0.2494855673
4 7 3 4  -0.0069998685
4 7 7 4  0.2494855673
4 0 2 6  -0.0369723616
4 0 6 6  -0.0287385301
4 1 3 6  -0.0369723616
4 1 7 6  -0.0287385301
4 2 0 6  -0.0369723616
4 2 4 6  -0.0550575084
4 3 1 6  -0.0369723616
4 3 5 6  -0.0550575084
4 4 2 6  -0.0550575084
4 4 6 6  0.0434749741
4 5 3 6  -0.0550575084
4 5 7 6  0.0434749741
4 6 0 6  -0.0287385301
4 6 4 6  0.0434749741
4 7 1 6  -0.0287385301
4 7 5 6  0.0434749741
5 0 0 1  -0.0639062129
5 0 4 1  0.0414111659
5 1 1 1  -0.0639062129
5 1 5 1  0.0414111659
5 2 2 1  0.0106338146
5 2 6 1  -0.0318931474
5 3 3 1  0.0106338146
5 3 7 1  -0.0318931474
5 4 0 1  0.0414111659
5 4 4 1  0.0007968252
5 5 1 1  0.0414111659
5 5 5 1  0.0007968252
5 6 2 1  -0.0318931474
5 6 6 1  -0.0672633827
5 7 3 1  -0.0318931474
5 7 7 1  -0.0672633827
5 0 2 3  0.0544596706
5 0 6 3  0.0041070605
5 1 3 3  0.0544596706
5 1 7 3  0.0041070605
5 2 0 3  0.0544596706
5 2 4 3  0.1091769420
5 3 1 3  0.0544596706
5 3 5 3  0.1091769420
5 4 2 3  0.1091769420
5 4 6 3  -0.0550575084
5 5 3 3  0.1091769420
5 5 7 3  -0.0550575084
5 6 0 3  0.0041070605
5 6 4 3  -0.0550575084
5 7 1 3  0.0041070605
5 7 5 3  -0.0550575084
5 0 0 5  0.2296995112
5 0 4 5  0.0007968252
5 1 1 5  0.2296995112
5 1 5 5  0.0007968252
5 2 2 5  0.2438857491
5 2 6 5  -0.0069998685
5 3 3 5  0.2438857491
5 3 7 5  -0.0069998685
5 4 0 5  0.0007968252
5 4 4 5  0.2520018699
5 5 1 5  0.0007968252
5 5 5 5  0.2520018699
5 6 2 5  -0.0069998685
5 6 6 5  0.2494855673
5 7 3 5  -0.0069998685
5 7 7 5  0.2494855673
5 0 2 7  -0.0369723616
5 0 6 7  -0.0287385301
5 1 3 7  -0.0369723616
5 1 7 7  -0.0287385301
5 2 0 7  -0.0369723616
5 2 4 7  -0.0550575084
5 3 1 7  -0.0369723616
5 3 5 7  -0.0550575084
5 4 2 7  -0.0550575084
5 4 6 7  0.0434749741
5 5 3 7  -0.0550575084
5 5 7 7  0.0434749741
5 6 0 7  -0.0287385301
5 6 4 7  0.0434749741
5 7 1 7  -0.0287385301
5 7 5 7  0.0434749741
6 0 2 0  0.0295518355
6 0 6 0  0.0620809364
6 1 3 0  0.0295518355
6 1 7 0  0.0620809364
6 2 0 0  0.0295518355
6 2 4 0  0.0041070605
6 3 1 0  0.0295518355
6 3 5 0  0.0041070605
6 4 2 0  0.0041070605
6 4 6 0  -0.0287385301
6 5 3 0  0.0041070605
6 5 7 0  -0.0287385301
6 6 0 0  0.0620809364
6 6 4 0  -0.0287385301
6 7 1 0  0.0620809364
6 7 5 0  -0.0287385301
6 0 0 2  0.0548548603
6 0 4 2  -0.0318931474
6 1 1 2  0.0548548603
6 1 5 2  -0.0318931474
6 2 2 2  -0.0073930615
6 2 6 2  0.0350132862
6 3 3 2  -0.0073930615
6 3 7 2  0.0350132862
6 4 0 2  -0.0318931474
6 4 4 2  -0.0069998685
6 5 1 2  -0.0318931474
6 5 5 2  -0.0069998685
6 6 2 2  0.0350132862
6 6 6 2  0.0614172709
6 7 3 2  0.0350132862
6 7 7 2  0.0614172709
6 0 2 4  -0.0369723616
6 0 6 4  -0.0287385301
6 1 3 4  -0.0369723616
6 1 7 4  -0.0287385301
6 2 0 4  -0.0369723616
6 2 4 4  -0.0550575084
6 3 1 4  -0.0369723616
6 3 5 4  -0.0550575084
6 4 2 4  -0.0550575084
6 4 6 4  0.0434749741
6 5 3 4  -0.0550575084
6 5 7 4  0.0434749741
6 6 0 4  -0.0287385301
6 6 4 4  0.0434749741
6 7 1 4  -0.0287385301
6 7 5 4  0.0434749741
6 0 0 6  0.3464222211
6 0 4 6  -0.0672633827
6 1 1 6  0.3464222211
6 1 5 6  -0.0672633827
6 2 2 6  0.2342259430
6 2 6 6  0.0614172709
6 3 3 6  0.2342259430
6 3 7 6  0.0614172709
6 4 0 6  -0.0672633827
6 4 4 6  0.2494855673
6 5 1 6  -0.0672633827
6 5 5 6  0.2494855673
6 6 2 6  0.0614172709
6 6 6 6  0.3939812740
6 7 3 6  0.0614172709
6 7 7 6  0.3939812740
7 0 2 1  0.0295518355
7 0 6 1  0.0620809364
7 1 3 1  0.0295518355
7 1 7 1  0.0620809364
7 2 0 1  0.0295518355
7 2 4 1  0.0041070605
7 3 1 1  0.0295518355
7 3 5 1  0.0041070605
7 4 2 1  0.0041070605
7 4 6 1  -0.0287385301
7 5 3 1  0.0041070605
7 5 7 1  -0.0287385301
7 6 0 1  0.0620809364
7 6 4 1  -0.0287385301
7 7 1 1  0.0620809364
7 7 5 1  -0.0287385301
7 0 0 3  0.0548548603
7 0 4 3  -0.0318931474
7 1 1 3  0.0548548603
7 1 5 3  -0.0318931474
7 2 2 3  -0.0073930615
7 2 6 3  0.0350132862
7 3 3 3  -0.0073930615
7 3 7 3  0.0350132862
7 4 0 3  -0.0318931474
7 4 4 3  -0.0069998685
7 5 1 3  -0.0318931474
7 5 5 3  -0.0069998685
7 6 2 3  0.0350132862
7 6 6 3  0.0614172709
7 7 3 3  0.0350132862
7 7 7 3  0.0614172709
7 0 2 5  -0.0369723616
7 0 6 5  -0.0287385301
7 1 3 5  -0.0369723616
7 1 7 5  -0.0287385301
7 2 0 5  -0.0369723616
7 2 4 5  -0.0550575084
7 3 1 5  -0.0369723616
7 3 5 5  -0.0550575084
7 4 2 5  -0.0550575084
7 4 6 5  0.0434749741
7 5 3 5  -0.0550575084
7 5 7 5  0.0434749741
7 6 0 5  -0.0287385301
7 6 4 5  0.0434749741
7 7 1 5  -0.0287385301
7 7 5 5  0.0434749741
7 0 0 7  0.3464222211
7 0 4 7  -0.0672633827
7 1 1 7  0.3464222211
7 1 5 7  -0.0672633827
7 2 2 7  0.2342259430
7 2 6 7  0.0614172709
7 3 3 7  0.2342259430
7 3 7 7  0.0614172709
7 4 0 7  -0.0672633827
7 4 4 7  0.2494855673
7 5 1 7  -0.0672633827
7 5 5 7  0.2494855673
7 6 2 7  0.0614172709
7 6 6 7  0.3939812740
7 7 3 7  0.0614172709
7 7 7 7  0.3939812740

 E(FCI) = -1.8415368455

 E(HF)  = -1.7350466000
