 MO Integrals

2.1666666667
0 0  -1.7697714871
0 4  0.1537025595
1 1  -1.7697714871
1 5  0.1537025595
2 2  -1.5055428432
2 6  -0.1235614927
3 3  -1.5055428432
3 7  -0.1235614927
4 0  0.1537025595
4 4  -1.2267919486
5 1  0.1537025595
5 5  -1.2267919486
6 2  -0.1235614927
6 6  -0.9370150458
7 3  -0.1235614927
7 7  -0.9370150458
0 0 0 0  0.2419182098
0 0 4 0  -0.0397106113
0 1 1 0  0.2419182098
0 1 5 0  -0.0397106113
0 2 2 0  0.2122337876
0 2 6 0  0.0410000971
0 3 3 0  0.2122337876
0 3 7 0  0.0410000971
0 4 0 0  -0.0397106113
0 4 4 0  0.2166900116
0 5 1 0  -0.0397106113
0 5 5 0  0.2166900116
0 6 2 0  0.0410000971
0 6 6 0  0.2538688424
0 7 3 0  0.0410000971
0 7 7 0  0.2538688424
0 0 2 2  0.0787670881
0 0 6 2  0.0210406067
0 1 3 2  0.0787670881
0 1 7 2  0.0210406067
0 2 0 2  0.0787670881
0 2 4 2  0.0481039501
0 3 1 2  0.0787670881
0 3 5 2  0.0481039501
0 4 2 2  0.0481039501
0 4 6 2  -0.0759538219
0 5 3 2  0.0481039501
0 5 7 2  -0.0759538219
0 6 0 2  0.0210406067
0 6 4 2  -0.0759538219
0 7 1 2  0.0210406067
0 7 5 2  -0.0759538219
0 0 0 4  -0.0397106113
0 0 4 4  0.0541339776
0 1 1 4  -0.0397106113
0 1 5 4  0.0541339776
0 2 2 4  0.0054815202
0 2 6 4  -0.0500432815
0 3 3 4  0.0054815202
0 3 7 4  -0.0500432815
0 4 0 4  0.0541339776
0 4 4 4  -0.0018313770
0 5 1 4  0.0541339776
0 5 5 4  -0.0018313770
0 6 2 4  -0.0500432815
0 6 6 4  -0.0416690248
0 7 3 4  -0.0500432815
0 7 7 4  -0.0416690248
0 0 2 6  0.0210406067
0 0 6 6  0.0491493592
0 1 3 6  0.0210406067
0 1 7 6  0.0491493592
0 2 0 6  0.0210406067
0 2 4 6  -0.0281285705
0 3 1 6  0.0210406067
0 3 5 6  -0.0281285705
0 4 2 6  -0.0281285705
0 4 6 6  -0.0200875883
0 5 3 6  -0.0281285705
0 5 7 6  -0.0200875883
0 6 0 6  0.0491493592
0 6 4 6  -0.0200875883
0 7 1 6  0.0491493592
0 7 5 6  -0.0200875883
1 0 0 1  0.2419182098
1 0 4 1  -0.0397106113
1 1 1 1  0.2419182098
1 1 5 1  -0.0397106113
1 2 2 1  0.2122337876
1 2 6 1  0.0410000971
1 3 3 1  0.2122337876
1 3 7 1  0.0410000971
1 4 0 1  -0.0397106113
1 4 4 1  0.2166900116
1 5 1 1  -0.0397106113
1 5 5 1  0.2166900116
1 6 2 1  0.0410000971
1 6 6 1  0.2538688424
1 7 3 1  0.0410000971
1 7 7 1  0.2538688424
1 0 2 3  0.0787670881
1 0 6 3  0.0210406067
1 1 3 3  0.0787670881
1 1 7 3  0.0210406067
1 2 0 3  0.0787670881
1 2 4 3  0.0481039501
1 3 1 3  0.0787670881
1 3 5 3  0.0481039501
1 4 2 3  0.0481039501
1 4 6 3  -0.0759538219
1 5 3 3  0.0481039501
1 5 7 3  -0.0759538219
1 6 0 3  0.0210406067
1 6 4 3  -0.0759538219
1 7 1 3  0.0210406067
1 7 5 3  -0.0759538219
1 0 0 5  -0.0397106113
1 0 4 5  0.0541339776
1 1 1 5  -0.0397106113
1 1 5 5  0.0541339776
1 2 2 5  0.0054815202
1 2 6 5  -0.0500432815
1 3 3 5  0.0054815202
1 3 7 5  -0.0500432815
1 4 0 5  0.0541339776
1 4 4 5  -0.0018313770
1 5 1 5  0.0541339776
1 5 5 5  -0.0018313770
1 6 2 5  -0.0500432815
1 6 6 5  -0.0416690248
1 7 3 5  -0.0500432815
1 7 7 5  -0.0416690248
1 0 2 7  0.0210406067
1 0 6 7  0.0491493592
1 1 3 7  0.0210406067
1 1 7 7  0.0491493592
1 2 0 7  0.0210406067
1 2 4 7  -0.0281285705
1 3 1 7  0.0210406067
1 3 5 7  -0.0281285705
1 4 2 7  -0.0281285705
1 4 6 7  -0.0200875883
1 5 3 7  -0.0281285705
1 5 7 7  -0.0200875883
1 6 0 7  0.0491493592
1 6 4 7  -0.0200875883
1 7 1 7  0.0491493592
1 7 5 7  -0.0200875883
2 0 2 0  0.0787670881
2 0 6 0  0.0210406067
2 1 3 0  0.0787670881
2 1 7 0  0.0210406067
2 2 0 0  0.0787670881
2 2 4 0  0.0481039501
2 3 1 0  0.0787670881
2 3 5 0  0.0481039501
2 4 2 0  0.0481039501
2 4 6 0  -0.0759538219
2 5 3 0  0.0481039501
2 5 7 0  -0.0759538219
2 6 0 0  0.0210406067
2 6 4 0  -0.0759538219
2 7 1 0  0.0210406067
2 7 5 0  -0.0759538219
2 0 0 2  0.2122337876
2 0 4 2  0.0054815202
2 1 1 2  0.2122337876
2 1 5 2  0.0054815202
2 2 2 2  0.2210401061
2 2 6 2  0.0008214122
2 3 3 2  0.2210401061
2 3 7 2  0.0008214122
2 4 0 2  0.0054815202
2 4 4 2  0.2184381174
2 5 1 2  0.0054815202
2 5 5 2  0.2184381174
2 6 2 2  0.0008214122
2 6 6 2  0.2253003282
2 7 3 2  0.0008214122
2 7 7 2  0.2253003282
2 0 2 4  0.0481039501
2 0 6 4  -0.0281285705
2 1 3 4  0.0481039501
2 1 7 4  -0.0281285705
2 2 0 4  0.0481039501
2 2 4 4  0.0686965279
2 3 1 4  0.0481039501
2 3 5 4  0.0686965279
2 4 2 4  0.0686965279
2 4 6 4  -0.0490545405
2 5 3 4  0.0686965279
2 5 7 4  -0.0490545405
2 6 0 4  -0.0281285705
2 6 4 4  -0.0490545405
2 7 1 4  -0.0281285705
2 7 5 4  -0.0490545405
2 0 0 6  0.0410000971
2 0 4 6  -0.0500432815
2 1 1 6  0.0410000971
2 1 5 6  -0.0500432815
2 2 2 6  0.0008214122
2 2 6 6  0.0529501589
2 3 3 6  0.0008214122
2 3 7 6  0.0529501589
2 4 0 6  -0.0500432815
2 4 4 6  -0.0000252812
2 5 1 6  -0.0500432815
2 5 5 6  -0.0000252812
2 6 2 6  0.0529501589
2 6 6 6  0.0452238523
2 7 3 6  0.0529501589
2 7 7 6  0.0452238523
3 0 2 1  0.0787670881
3 0 6 1  0.0210406067
3 1 3 1  0.0787670881
3 1 7 1  0.0210406067
3 2 0 1  0.0787670881
3 2 4 1  0.0481039501
3 3 1 1  0.0787670881
3 3 5 1  0.0481039501
3 4 2 1  0.0481039501
3 4 6 1  -0.0759538219
3 5 3 1  0.0481039501
3 5 7 1  -0.0759538219
3 6 0 1  0.0210406067
3 6 4 1  -0.0759538219
3 7 1 1  0.0210406067
3 7 5 1  -0.0759538219
3 0 0 3  0.2122337876
3 0 4 3  0.0054815202
3 1 1 3  0.2122337876
3 1 5 3  0.0054815202
3 2 2 3  0.2210401061
3 2 6 3  0.0008214122
3 3 3 3  0.2210401061
3 3 7 3  0.0008214122
3 4 0 3  0.0054815202
3 4 4 3  0.2184381174
3 5 1 3  0.0054815202
3 5 5 3  0.2184381174
3 6 2 3  0.0008214122
3 6 6 3  0.2253003282
3 7 3 3  0.0008214122
3 7 7 3  0.2253003282
3 0 2 5  0.0481039501
3 0 6 5  -0.0281285705
3 1 3 5  0.0481039501
3 1 7 5  -0.0281285705
3 2 0 5  0.0481039501
3 2 4 5  0.0686965279
3 3 1 5  0.0481039501
3 3 5 5  0.0686965279
3 4 2 5  0.0686965279
3 4 6 5  -0.0490545405
3 5 3 5  0.0686965279
3 5 7 5  -0.0490545405
3 6 0 5  -0.0281285705
3 6 4 5  -0.0490545405
3 7 1 5  -0.0281285705
3 7 5 5  -0.0490545405
3 0 0 7  0.0410000971
3 0 4 7  -0.0500432815
3 1 1 7  0.0410000971
3 1 5 7  -0.0500432815
3 2 2 7  0.0008214122
3 2 6 7  0.0529501589
3 3 3 7  0.0008214122
3 3 7 7  0.0529501589
3 4 0 7  -0.0500432815
3 4 4 7  -0.0000252812
3 5 1 7  -0.0500432815
3 5 5 7  -0.0000252812
3 6 2 7  0.0529501589
3 6 6 7  0.0452238523
3 7 3 7  0.0529501589
3 7 7 7  0.0452238523
4 0 0 0  -0.0397106113
4 0 4 0  0.0541339776
4 1 1 0  -0.0397106113
4 1 5 0  0.0541339776
4 2 2 0  0.0054815202
4 2 6 0  -0.0500432815
4 3 3 0  0.0054815202
4 3 7 0  -0.0500432815
4 4 0 0  0.0541339776
4 4 4 0  -0.0018313770
4 5 1 0  0.0541339776
4 5 5 0  -0.0018313770
4 6 2 0  -0.0500432815
4 6 6 0  -0.0416690248
4 7 3 0  -0.0500432815
4 7 7 0  -0.0416690248
4 0 2 2  0.0481039501
4 0 6 2  -0.0281285705
4 1 3 2  0.0481039501
4 1 7 2  -0.0281285705
4 2 0 2  0.0481039501
4 2 4 2  0.0686965279
4 3 1 2  0.0481039501
4 3 5 2  0.0686965279
4 4 2 2  0.0686965279
4 4 6 2  -0.0490545405
4 5 3 2  0.0686965279
4 5 7 2  -0.0490545405
4 6 0 2  -0.0281285705
4 6 4 2  -0.0490545405
4 7 1 2  -0.0281285705
4 7 5 2  -0.0490545405
4 0 0 4  0.2166900116
4 0 4 4  -0.0018313770
4 1 1 4  0.2166900116
4 1 5 4  -0.0018313770
4 2 2 4  0.2184381174
4 2 6 4  -0.0000252812
4 3 3 4  0.2184381174
4 3 7 4  -0.0000252812
4 4 0 4  -0.0018313770
4 4 4 4  0.2275855346
4 5 1 4  -0.0018313770
4 5 5 4  0.2275855346
4 6 2 4  -0.0000252812
4 6 6 4  0.2326698839
4 7 3 4  -0.0000252812
4 7 7 4  0.2326698839
4 0 2 6  -0.0759538219
4 0 6 6  -0.0200875883
4 1 3 6  -0.0759538219
4 1 7 6  -0.0200875883
4 2 0 6  -0.0759538219
4 2 4 6  -0.0490545405
4 3 1 6  -0.0759538219
4 3 5 6  -0.0490545405
4 4 2 6  -0.0490545405
4 4 6 6  0.0817610945
4 5 3 6  -0.0490545405
4 5 7 6  0.0817610945
4 6 0 6  -0.0200875883
4 6 4 6  0.0817610945
4 7 1 6  -0.0200875883
4 7 5 6  0.0817610945
5 0 0 1  -0.0397106113
5 0 4 1  0.0541339776
5 1 1 1  -0.0397106113
5 1 5 1  0.0541339776
5 2 2 1  0.0054815202
5 2 6 1  -0.0500432815
5 3 3 1  0.0054815202
5 3 7 1  -0.0500432815
5 4 0 1  0.0541339776
5 4 4 1  -0.0018313770
5 5 1 1  0.0541339776
5 5 5 1  -0.0018313770
5 6 2 1  -0.0500432815
5 6 6 1  -0.0416690248
5 7 3 1  -0.0500432815
5 7 7 1  -0.0416690248
5 0 2 3  0.0481039501
5 0 6 3  -0.0281285705
5 1 3 3  0.0481039501
5 1 7 3  -0.0281285705
5 2 0 3  0.0481039501
5 2 4 3  0.0686965279
5 3 1 3  0.0481039501
5 3 5 3  0.0686965279
5 4 2 3  0.0686965279
5 4 6 3  -0.0490545405
5 5 3 3  0.0686965279
5 5 7 3  -0.0490545405
5 6 0 3  -0.0281285705
5 6 4 3  -0.0490545405
5 7 1 3  -0.0281285705
5 7 5 3  -0.0490545405
5 0 0 5  0.2166900116
5 0 4 5  -0.0018313770
5 1 1 5  0.2166900116
5 1 5 5  -0.0018313770
5 2 2 5  0.2184381174
5 2 6 5  -0.0000252812
5 3 3 5  0.2184381174
5 3 7 5  -0.0000252812
5 4 0 5  -0.0018313770
5 4 4 5  0.2275855346
5 5 1 5  -0.0018313770
5 5 5 5  0.2275855346
5 6 2 5  -0.0000252812
5 6 6 5  0.2326698839
5 7 3 5  -0.0000252812
5 7 7 5  0.2326698839
5 0 2 7  -0.0759538219
5 0 6 7  -0.0200875883
5 1 3 7  -0.0759538219
5 1 7 7  -0.0200875883
5 2 0 7  -0.0759538219
5 2 4 7  -0.0490545405
5 3 1 7  -0.0759538219
5 3 5 7  -0.0490545405
5 4 2 7  -0.0490545405
5 4 6 7  0.0817610945
5 5 3 7  -0.0490545405
5 5 7 7  0.0817610945
5 6 0 7  -0.0200875883
5 6 4 7  0.0817610945
5 7 1 7  -0.0200875883
5 7 5 7  0.0817610945
6 0 2 0  0.0210406067
6 0 6 0  0.0491493592
6 1 3 0  0.0210406067
6 1 7 0  0.0491493592
6 2 0 0  0.0210406067
6 2 4 0  -0.0281285705
6 3 1 0  0.0210406067
6 3 5 0  -0.0281285705
6 4 2 0  -0.0281285705
6 4 6 0  -0.0200875883
6 5 3 0  -0.0281285705
6 5 7 0  -0.0200875883
6 6 0 0  0.0491493592
6 6 4 0  -0.0200875883
6 7 1 0  0.0491493592
6 7 5 0  -0.0200875883
6 0 0 2  0.0410000971
6 0 4 2  -0.0500432815
6 1 1 2  0.0410000971
6 1 5 2  -0.0500432815
6 2 2 2  0.0008214122
6 2 6 2  0.0529501589
6 3 3 2  0.0008214122
6 3 7 2  0.0529501589
6 4 0 2  -0.0500432815
6 4 4 2  -0.0000252812
6 5 1 2  -0.0500432815
6 5 5 2  -0.0000252812
6 6 2 2  0.0529501589
6 6 6 2  0.0452238523
6 7 3 2  0.0529501589
6 7 7 2  0.0452238523
6 0 2 4  -0.0759538219
6 0 6 4  -0.0200875883
6 1 3 4  -0.0759538219
6 1 7 4  -0.0200875883
6 2 0 4  -0.0759538219
6 2 4 4  -0.0490545405
6 3 1 4  -0.0759538219
6 3 5 4  -0.0490545405
6 4 2 4  -0.0490545405
6 4 6 4  0.0817610945
6 5 3 4  -0.0490545405
6 5 7 4  0.0817610945
6 6 0 4  -0.0200875883
6 6 4 4  0.0817610945
6 7 1 4  -0.0200875883
6 7 5 4  0.0817610945
6 0 0 6  0.2538688424
6 0 4 6  -0.0416690248
6 1 1 6  0.2538688424
6 1 5 6  -0.0416690248
6 2 2 6  0.2253003282
6 2 6 6  0.0452238523
6 3 3 6  0.2253003282
6 3 7 6  0.0452238523
6 4 0 6  -0.0416690248
6 4 4 6  0.2326698839
6 5 1 6  -0.0416690248
6 5 5 6  0.2326698839
6 6 2 6  0.0452238523
6 6 6 6  0.2806013495
6 7 3 6  0.0452238523
6 7 7 6  0.2806013495
7 0 2 1  0.0210406067
7 0 6 1  0.0491493592
7 1 3 1  0.0210406067
7 1 7 1  0.0491493592
7 2 0 1  0.0210406067
7 2 4 1  -0.0281285705
7 3 1 1  0.0210406067
7 3 5 1  -0.0281285705
7 4 2 1  -0.0281285705
7 4 6 1  -0.0200875883
7 5 3 1  -0.0281285705
7 5 7 1  -0.0200875883
7 6 0 1  0.0491493592
7 6 4 1  -0.0200875883
7 7 1 1  0.0491493592
7 7 5 1  -0.0200875883
7 0 0 3  0.0410000971
7 0 4 3  -0.0500432815
7 1 1 3  0.0410000971
7 1 5 3  -0.0500432815
7 2 2 3  0.0008214122
7 2 6 3  0.0529501589
7 3 3 3  0.0008214122
7 3 7 3  0.0529501589
7 4 0 3  -0.0500432815
7 4 4 3  -0.0000252812
7 5 1 3  -0.0500432815
7 5 5 3  -0.0000252812
7 6 2 3  0.0529501589
7 6 6 3  0.0452238523
7 7 3 3  0.0529501589
7 7 7 3  0.0452238523
7 0 2 5  -0.0759538219
7 0 6 5  -0.0200875883
7 1 3 5  -0.0759538219
7 1 7 5  -0.0200875883
7 2 0 5  -0.0759538219
7 2 4 5  -0.0490545405
7 3 1 5  -0.0759538219
7 3 5 5  -0.0490545405
7 4 2 5  -0.0490545405
7 4 6 5  0.0817610945
7 5 3 5  -0.0490545405
7 5 7 5  0.0817610945
7 6 0 5  -0.0200875883
7 6 4 5  0.0817610945
7 7 1 5  -0.0200875883
7 7 5 5  0.0817610945
7 0 0 7  0.2538688424
7 0 4 7  -0.0416690248
7 1 1 7  0.2538688424
7 1 5 7  -0.0416690248
7 2 2 7  0.2253003282
7 2 6 7  0.0452238523
7 3 3 7  0.2253003282
7 3 7 7  0.0452238523
7 4 0 7  -0.0416690248
7 4 4 7  0.2326698839
7 5 1 7  -0.0416690248
7 5 5 7  0.2326698839
7 6 2 7  0.0452238523
7 6 6 7  0.2806013495
7 7 3 7  0.0452238523
7 7 7 7  0.2806013495

 E(FCI) = -2.1510076237

 E(HF)  = -2.0752434142
