 MO Integrals

2.6506410256
0 0  -2.0623556213
0 4  0.1865442419
1 1  -2.0623556213
1 5  0.1865442419
2 2  -1.5283342131
2 6  -0.1420275053
3 3  -1.5283342131
3 7  -0.1420275053
4 0  0.1865442419
4 4  -1.3233193451
5 1  0.1865442419
5 5  -1.3233193451
6 2  -0.1420275053
6 6  -0.7519593041
7 3  -0.1420275053
7 7  -0.7519593041
0 0 0 0  0.2933876279
0 0 4 0  -0.0578525981
0 1 1 0  0.2933876279
0 1 5 0  -0.0578525981
0 2 2 0  0.2145059985
0 2 6 0  0.0527159419
0 3 3 0  0.2145059985
0 3 7 0  0.0527159419
0 4 0 0  -0.0578525981
0 4 4 0  0.2256225841
0 5 1 0  -0.0578525981
0 5 5 0  0.2256225841
0 6 2 0  0.0527159419
0 6 6 0  0.3093640225
0 7 3 0  0.0527159419
0 7 7 0  0.3093640225
0 0 2 2  0.0537021246
0 0 6 2  0.0288360441
0 1 3 2  0.0537021246
0 1 7 2  0.0288360441
0 2 0 2  0.0537021246
0 2 4 2  0.0559729120
0 3 1 2  0.0537021246
0 3 5 2  0.0559729120
0 4 2 2  0.0559729120
0 4 6 2  -0.0502525332
0 5 3 2  0.0559729120
0 5 7 2  -0.0502525332
0 6 0 2  0.0288360441
0 6 4 2  -0.0502525332
0 7 1 2  0.0288360441
0 7 5 2  -0.0502525332
0 0 0 4  -0.0578525981
0 0 4 4  0.0474644975
0 1 1 4  -0.0578525981
0 1 5 4  0.0474644975
0 2 2 4  0.0102766814
0 2 6 4  -0.0394592895
0 3 3 4  0.0102766814
0 3 7 4  -0.0394592895
0 4 0 4  0.0474644975
0 4 4 4  0.0004810815
0 5 1 4  0.0474644975
0 5 5 4  0.0004810815
0 6 2 4  -0.0394592895
0 6 6 4  -0.0600587379
0 7 3 4  -0.0394592895
0 7 7 4  -0.0600587379
0 0 2 6  0.0288360441
0 0 6 6  0.0571187081
0 1 3 6  0.0288360441
0 1 7 6  0.0571187081
0 2 0 6  0.0288360441
0 2 4 6  -0.0074271213
0 3 1 6  0.0288360441
0 3 5 6  -0.0074271213
0 4 2 6  -0.0074271213
0 4 6 6  -0.0280578708
0 5 3 6  -0.0074271213
0 5 7 6  -0.0280578708
0 6 0 6  0.0571187081
0 6 4 6  -0.0280578708
0 7 1 6  0.0571187081
0 7 5 6  -0.0280578708
1 0 0 1  0.2933876279
1 0 4 1  -0.0578525981
1 1 1 1  0.2933876279
1 1 5 1  -0.0578525981
1 2 2 1  0.2145059985
1 2 6 1  0.0527159419
1 3 3 1  0.2145059985
1 3 7 1  0.0527159419
1 4 0 1  -0.0578525981
1 4 4 1  0.2256225841
1 5 1 1  -0.0578525981
1 5 5 1  0.2256225841
1 6 2 1  0.0527159419
1 6 6 1  0.3093640225
1 7 3 1  0.0527159419
1 7 7 1  0.3093640225
1 0 2 3  0.0537021246
1 0 6 3  0.0288360441
1 1 3 3  0.0537021246
1 1 7 3  0.0288360441
1 2 0 3  0.0537021246
1 2 4 3  0.0559729120
1 3 1 3  0.0537021246
1 3 5 3  0.0559729120
1 4 2 3  0.0559729120
1 4 6 3  -0.0502525332
1 5 3 3  0.0559729120
1 5 7 3  -0.0502525332
1 6 0 3  0.0288360441
1 6 4 3  -0.0502525332
1 7 1 3  0.0288360441
1 7 5 3  -0.0502525332
1 0 0 5  -0.0578525981
1 0 4 5  0.0474644975
1 1 1 5  -0.0578525981
1 1 5 5  0.0474644975
1 2 2 5  0.0102766814
1 2 6 5  -0.0394592895
1 3 3 5  0.0102766814
1 3 7 5  -0.0394592895
1 4 0 5  0.0474644975
1 4 4 5  0.0004810815
1 5 1 5  0.0474644975
1 5 5 5  0.0004810815
1 6 2 5  -0.0394592895
1 6 6 5  -0.0600587379
1 7 3 5  -0.0394592895
1 7 7 5  -0.0600587379
1 0 2 7  0.0288360441
1 0 6 7  0.0571187081
1 1 3 7  0.0288360441
1 1 7 7  0.0571187081
1 2 0 7  0.0288360441
1 2 4 7  -0.0074271213
1 3 1 7  0.0288360441
1 3 5 7  -0.0074271213
1 4 2 7  -0.0074271213
1 4 6 7  -0.0280578708
1 5 3 7  -0.0074271213
1 5 7 7  -0.0280578708
1 6 0 7  0.0571187081
1 6 4 7  -0.0280578708
1 7 1 7  0.0571187081
1 7 5 7  -0.0280578708
2 0 2 0  0.0537021246
2 0 6 0  0.0288360441
2 1 3 0  0.0537021246
2 1 7 0  0.0288360441
2 2 0 0  0.0537021246
2 2 4 0  0.0559729120
2 3 1 0  0.0537021246
2 3 5 0  0.0559729120
2 4 2 0  0.0559729120
2 4 6 0  -0.0502525332
2 5 3 0  0.0559729120
2 5 7 0  -0.0502525332
2 6 0 0  0.0288360441
2 6 4 0  -0.0502525332
2 7 1 0  0.0288360441
2 7 5 0  -0.0502525332
2 0 0 2  0.2145059985
2 0 4 2  0.0102766814
2 1 1 2  0.2145059985
2 1 5 2  0.0102766814
2 2 2 2  0.2349904133
2 2 6 2  -0.0055825228
2 3 3 2  0.2349904133
2 3 7 2  -0.0055825228
2 4 0 2  0.0102766814
2 4 4 2  0.2344212834
2 5 1 2  0.0102766814
2 5 5 2  0.2344212834
2 6 2 2  -0.0055825228
2 6 6 2  0.2313309774
2 7 3 2  -0.0055825228
2 7 7 2  0.2313309774
2 0 2 4  0.0559729120
2 0 6 4  -0.0074271213
2 1 3 4  0.0559729120
2 1 7 4  -0.0074271213
2 2 0 4  0.0559729120
2 2 4 4  0.0949756820
2 3 1 4  0.0559729120
2 3 5 4  0.0949756820
2 4 2 4  0.0949756820
2 4 6 4  -0.0565090374
2 5 3 4  0.0949756820
2 5 7 4  -0.0565090374
2 6 0 4  -0.0074271213
2 6 4 4  -0.0565090374
2 7 1 4  -0.0074271213
2 7 5 4  -0.0565090374
2 0 0 6  0.0527159419
2 0 4 6  -0.0394592895
2 1 1 6  0.0527159419
2 1 5 6  -0.0394592895
2 2 2 6  -0.0055825228
2 2 6 6  0.0423791842
2 3 3 6  -0.0055825228
2 3 7 6  0.0423791842
2 4 0 6  -0.0394592895
2 4 4 6  -0.0053593338
2 5 1 6  -0.0394592895
2 5 5 6  -0.0053593338
2 6 2 6  0.0423791842
2 6 6 6  0.0585710558
2 7 3 6  0.0423791842
2 7 7 6  0.0585710558
3 0 2 1  0.0537021246
3 0 6 1  0.0288360441
3 1 3 1  0.0537021246
3 1 7 1  0.0288360441
3 2 0 1  0.0537021246
3 2 4 1  0.0559729120
3 3 1 1  0.0537021246
3 3 5 1  0.0559729120
3 4 2 1  0.0559729120
3 4 6 1  -0.0502525332
3 5 3 1  0.0559729120
3 5 7 1  -0.0502525332
3 6 0 1  0.0288360441
3 6 4 1  -0.0502525332
3 7 1 1  0.0288360441
3 7 5 1  -0.0502525332
3 0 0 3  0.2145059985
3 0 4 3  0.0102766814
3 1 1 3  0.2145059985
3 1 5 3  0.0102766814
3 2 2 3  0.2349904133
3 2 6 3  -0.0055825228
3 3 3 3  0.2349904133
3 3 7 3  -0.0055825228
3 4 0 3  0.0102766814
3 4 4 3  0.2344212834
3 5 1 3  0.0102766814
3 5 5 3  0.2344212834
3 6 2 3  -0.0055825228
3 6 6 3  0.2313309774
3 7 3 3  -0.0055825228
3 7 7 3  0.2313309774
3 0 2 5  0.0559729120
3 0 6 5  -0.0074271213
3 1 3 5  0.0559729120
3 1 7 5  -0.0074271213
3 2 0 5  0.0559729120
3 2 4 5  0.0949756820
3 3 1 5  0.0559729120
3 3 5 5  0.0949756820
3 4 2 5  0.0949756820
3 4 6 5  -0.0565090374
3 5 3 5  0.0949756820
3 5 7 5  -0.0565090374
3 6 0 5  -0.0074271213
3 6 4 5  -0.0565090374
3 7 1 5  -0.0074271213
3 7 5 5  -0.0565090374
3 0 0 7  0.0527159419
3 0 4 7  -0.0394592895
3 1 1 7  0.0527159419
3 1 5 7  -0.0394592895
3 2 2 7  -0.0055825228
3 2 6 7  0.0423791842
3 3 3 7  -0.0055825228
3 3 7 7  0.0423791842
3 4 0 7  -0.0394592895
3 4 4 7  -0.0053593338
3 5 1 7  -0.0394592895
3 5 5 7  -0.0053593338
3 6 2 7  0.0423791842
3 6 6 7  0.0585710558
3 7 3 7  0.0423791842
3 7 7 7  0.0585710558
4 0 0 0  -0.0578525981
4 0 4 0  0.0474644975
4 1 1 0  -0.0578525981
4 1 5 0  0.0474644975
4 2 2 0  0.0102766814
4 2 6 0  -0.0394592895
4 3 3 0  0.0102766814
4 3 7 0  -0.0394592895
4 4 0 0  0.0474644975
4 4 4 0  0.0004810815
4 5 1 0  0.0474644975
4 5 5 0  0.0004810815
4 6 2 0  -0.0394592895
4 6 6 0  -0.0600587379
4 7 3 0  -0.0394592895
4 7 7 0  -0.0600587379
4 0 2 2  0.0559729120
4 0 6 2  -0.0074271213
4 1 3 2  0.0559729120
4 1 7 2  -0.0074271213
4 2 0 2  0.0559729120
4 2 4 2  0.0949756820
4 3 1 2  0.0559729120
4 3 5 2  0.0949756820
4 4 2 2  0.0949756820
4 4 6 2  -0.0565090374
4 5 3 2  0.0949756820
4 5 7 2  -0.0565090374
4 6 0 2  -0.0074271213
4 6 4 2  -0.0565090374
4 7 1 2  -0.0074271213
4 7 5 2  -0.0565090374
4 0 0 4  0.2256225841
4 0 4 4  0.0004810815
4 1 1 4  0.2256225841
4 1 5 4  0.0004810815
4 2 2 4  0.2344212834
4 2 6 4  -0.0053593338
4 3 3 4  0.2344212834
4 3 7 4  -0.0053593338
4 4 0 4  0.0004810815
4 4 4 4  0.2432640326
4 5 1 4  0.0004810815
4 5 5 4  0.2432640326
4 6 2 4  -0.0053593338
4 6 6 4  0.2436843557
4 7 3 4  -0.0053593338
4 7 7 4  0.2436843557
4 0 2 6  -0.0502525332
4 0 6 6  -0.0280578708
4 1 3 6  -0.0502525332
4 1 7 6  -0.0280578708
4 2 0 6  -0.0502525332
4 2 4 6  -0.0565090374
4 3 1 6  -0.0502525332
4 3 5 6  -0.0565090374
4 4 2 6  -0.0565090374
4 4 6 6  0.0562863484
4 5 3 6  -0.0565090374
4 5 7 6  0.0562863484
4 6 0 6  -0.0280578708
4 6 4 6  0.0562863484
4 7 1 6  -0.0280578708
4 7 5 6  0.0562863484
5 0 0 1  -0.0578525981
5 0 4 1  0.0474644975
5 1 1 1  -0.0578525981
5 1 5 1  0.0474644975
5 2 2 1  0.0102766814
5 2 6 1  -0.0394592895
5 3 3 1  0.0102766814
5 3 7 1  -0.0394592895
5 4 0 1  0.0474644975
5 4 4 1  0.0004810815
5 5 1 1  0.0474644975
5 5 5 1  0.0004810815
5 6 2 1  -0.0394592895
5 6 6 1  -0.0600587379
5 7 3 1  -0.0394592895
5 7 7 1  -0.0600587379
5 0 2 3  0.0559729120
5 0 6 3  -0.0074271213
5 1 3 3  0.0559729120
5 1 7 3  -0.0074271213
5 2 0 3  0.0559729120
5 2 4 3  0.0949756820
5 3 1 3  0.0559729120
5 3 5 3  0.0949756820
5 4 2 3  0.0949756820
5 4 6 3  -0.0565090374
5 5 3 3  0.0949756820
5 5 7 3  -0.0565090374
5 6 0 3  -0.0074271213
5 6 4 3  -0.0565090374
5 7 1 3  -0.0074271213
5 7 5 3  -0.0565090374
5 0 0 5  0.2256225841
5 0 4 5  0.0004810815
5 1 1 5  0.2256225841
5 1 5 5  0.0004810815
5 2 2 5  0.2344212834
5 2 6 5  -0.0053593338
5 3 3 5  0.2344212834
5 3 7 5  -0.0053593338
5 4 0 5  0.0004810815
5 4 4 5  0.2432640326
5 5 1 5  0.0004810815
5 5 5 5  0.2432640326
5 6 2 5  -0.0053593338
5 6 6 5  0.2436843557
5 7 3 5  -0.0053593338
5 7 7 5  0.2436843557
5 0 2 7  -0.0502525332
5 0 6 7  -0.0280578708
5 1 3 7  -0.0502525332
5 1 7 7  -0.0280578708
5 2 0 7  -0.0502525332
5 2 4 7  -0.0565090374
5 3 1 7  -0.0502525332
5 3 5 7  -0.0565090374
5 4 2 7  -0.0565090374
5 4 6 7  0.0562863484
5 5 3 7  -0.0565090374
5 5 7 7  0.0562863484
5 6 0 7  -0.0280578708
5 6 4 7  0.0562863484
5 7 1 7  -0.0280578708
5 7 5 7  0.0562863484
6 0 2 0  0.0288360441
6 0 6 0  0.0571187081
6 1 3 0  0.0288360441
6 1 7 0  0.0571187081
6 2 0 0  0.0288360441
6 2 4 0  -0.0074271213
6 3 1 0  0.0288360441
6 3 5 0  -0.0074271213
6 4 2 0  -0.0074271213
6 4 6 0  -0.0280578708
6 5 3 0  -0.0074271213
6 5 7 0  -0.0280578708
6 6 0 0  0.0571187081
6 6 4 0  -0.0280578708
6 7 1 0  0.0571187081
6 7 5 0  -0.0280578708
6 0 0 2  0.0527159419
6 0 4 2  -0.0394592895
6 1 1 2  0.0527159419
6 1 5 2  -0.0394592895
6 2 2 2  -0.0055825228
6 2 6 2  0.0423791842
6 3 3 2  -0.0055825228
6 3 7 2  0.0423791842
6 4 0 2  -0.0394592895
6 4 4 2  -0.0053593338
6 5 1 2  -0.0394592895
6 5 5 2  -0.0053593338
6 6 2 2  0.0423791842
6 6 6 2  0.0585710558
6 7 3 2  0.0423791842
6 7 7 2  0.0585710558
6 0 2 4  -0.0502525332
6 0 6 4  -0.0280578708
6 1 3 4  -0.0502525332
6 1 7 4  -0.0280578708
6 2 0 4  -0.0502525332
6 2 4 4  -0.0565090374
6 3 1 4  -0.0502525332
6 3 5 4  -0.0565090374
6 4 2 4  -0.0565090374
6 4 6 4  0.0562863484
6 5 3 4  -0.0565090374
6 5 7 4  0.0562863484
6 6 0 4  -0.0280578708
6 6 4 4  0.0562863484
6 7 1 4  -0.0280578708
6 7 5 4  0.0562863484
6 0 0 6  0.3093640225
6 0 4 6  -0.0600587379
6 1 1 6  0.3093640225
6 1 5 6  -0.0600587379
6 2 2 6  0.2313309774
6 2 6 6  0.0585710558
6 3 3 6  0.2313309774
6 3 7 6  0.0585710558
6 4 0 6  -0.0600587379
6 4 4 6  0.2436843557
6 5 1 6  -0.0600587379
6 5 5 6  0.2436843557
6 6 2 6  0.0585710558
6 6 6 6  0.3477320876
6 7 3 6  0.0585710558
6 7 7 6  0.3477320876
7 0 2 1  0.0288360441
7 0 6 1  0.0571187081
7 1 3 1  0.0288360441
7 1 7 1  0.0571187081
7 2 0 1  0.0288360441
7 2 4 1  -0.0074271213
7 3 1 1  0.0288360441
7 3 5 1  -0.0074271213
7 4 2 1  -0.0074271213
7 4 6 1  -0.0280578708
7 5 3 1  -0.0074271213
7 5 7 1  -0.0280578708
7 6 0 1  0.0571187081
7 6 4 1  -0.0280578708
7 7 1 1  0.0571187081
7 7 5 1  -0.0280578708
7 0 0 3  0.0527159419
7 0 4 3  -0.0394592895
7 1 1 3  0.0527159419
7 1 5 3  -0.0394592895
7 2 2 3  -0.0055825228
7 2 6 3  0.0423791842
7 3 3 3  -0.0055825228
7 3 7 3  0.0423791842
7 4 0 3  -0.0394592895
7 4 4 3  -0.0053593338
7 5 1 3  -0.0394592895
7 5 5 3  -0.0053593338
7 6 2 3  0.0423791842
7 6 6 3  0.0585710558
7 7 3 3  0.0423791842
7 7 7 3  0.0585710558
7 0 2 5  -0.0502525332
7 0 6 5  -0.0280578708
7 1 3 5  -0.0502525332
7 1 7 5  -0.0280578708
7 2 0 5  -0.0502525332
7 2 4 5  -0.0565090374
7 3 1 5  -0.0502525332
7 3 5 5  -0.0565090374
7 4 2 5  -0.0565090374
7 4 6 5  0.0562863484
7 5 3 5  -0.0565090374
7 5 7 5  0.0562863484
7 6 0 5  -0.0280578708
7 6 4 5  0.0562863484
7 7 1 5  -0.0280578708
7 7 5 5  0.0562863484
7 0 0 7  0.3093640225
7 0 4 7  -0.0600587379
7 1 1 7  0.3093640225
7 1 5 7  -0.0600587379
7 2 2 7  0.2313309774
7 2 6 7  0.0585710558
7 3 3 7  0.2313309774
7 3 7 7  0.0585710558
7 4 0 7  -0.0600587379
7 4 4 7  0.2436843557
7 5 1 7  -0.0600587379
7 5 5 7  0.2436843557
7 6 2 7  0.0585710558
7 6 6 7  0.3477320876
7 7 3 7  0.0585710558
7 7 7 7  0.3477320876

 E(FCI) = -2.0631646360

 E(HF)  = -1.9727430710
