 MO Integrals

2.4199134199
0 0  -1.9474980881
0 2  0.1086943347
0 4  0.1086943347
1 1  -1.9474980881
1 3  0.1086943347
1 5  0.1086943347
2 0  0.1086943347
2 2  -1.3947023672
2 4  0.1178134246
2 6  -0.1090374371
3 1  0.1086943347
3 3  -1.3947023672
3 5  0.1178134246
3 7  -0.1090374371
4 0  0.1086943347
4 2  0.1178134246
4 4  -1.3947023672
4 6  0.1090374371
5 1  0.1086943347
5 3  0.1178134246
5 5  -1.3947023672
5 7  0.1090374371
6 2  -0.1090374371
6 4  0.1090374371
6 6  -0.8680579940
7 3  -0.1090374371
7 5  0.1090374371
7 7  -0.8680579940
0 0 0 0  0.2782713756
0 0 2 0  -0.0375074941
0 0 4 0  -0.0375074941
0 1 1 0  0.2782713756
0 1 3 0  -0.0375074941
0 1 5 0  -0.0375074941
0 2 0 0  -0.0375074941
0 2 2 0  0.2147882039
0 2 4 0  0.0041090486
0 2 6 0  0.0354494704
0 3 1 0  -0.0375074941
0 3 3 0  0.2147882039
0 3 5 0  0.0041090486
0 3 7 0  0.0354494704
0 4 0 0  -0.0375074941
0 4 2 0  0.0041090486
0 4 4 0  0.2147882039
0 4 6 0  -0.0354494704
0 5 1 0  -0.0375074941
0 5 3 0  0.0041090486
0 5 5 0  0.2147882039
0 5 7 0  -0.0354494704
0 6 2 0  0.0354494704
0 6 4 0  -0.0354494704
0 6 6 0  0.2915257525
0 7 3 0  0.0354494704
0 7 5 0  -0.0354494704
0 7 7 0  0.2915257525
0 0 0 2  -0.0375074941
0 0 2 2  0.0529040929
0 0 4 2  -0.0056059660
0 0 6 2  0.0207496185
0 1 1 2  -0.0375074941
0 1 3 2  0.0529040929
0 1 5 2  -0.0056059660
0 1 7 2  0.0207496185
0 2 0 2  0.0529040929
0 2 2 2  0.0438399046
0 2 4 2  -0.0028500166
0 2 6 2  -0.0481809600
0 3 1 2  0.0529040929
0 3 3 2  0.0438399046
0 3 5 2  -0.0028500166
0 3 7 2  -0.0481809600
0 4 0 2  -0.0056059660
0 4 2 2  -0.0028500166
0 4 4 2  -0.0346149133
0 4 6 2  -0.0073425057
0 5 1 2  -0.0056059660
0 5 3 2  -0.0028500166
0 5 5 2  -0.0346149133
0 5 7 2  -0.0073425057
0 6 0 2  0.0207496185
0 6 2 2  -0.0481809600
0 6 4 2  -0.0073425057
0 6 6 2  -0.0380852795
0 7 1 2  0.0207496185
0 7 3 2  -0.0481809600
0 7 5 2  -0.0073425057
0 7 7 2  -0.0380852795
0 0 0 4  -0.0375074941
0 0 2 4  -0.0056059660
0 0 4 4  0.0529040929
0 0 6 4  -0.0207496185
0 1 1 4  -0.0375074941
0 1 3 4  -0.0056059660
0 1 5 4  0.0529040929
0 1 7 4  -0.0207496185
0 2 0 4  -0.0056059660
0 2 2 4  -0.0346149133
0 2 4 4  -0.0028500166
0 2 6 4  0.0073425057
0 3 1 4  -0.0056059660
0 3 3 4  -0.0346149133
0 3 5 4  -0.0028500166
0 3 7 4  0.0073425057
0 4 0 4  0.0529040929
0 4 2 4  -0.0028500166
0 4 4 4  0.0438399046
0 4 6 4  0.0481809600
0 5 1 4  0.0529040929
0 5 3 4  -0.0028500166
0 5 5 4  0.0438399046
0 5 7 4  0.0481809600
0 6 0 4  -0.0207496185
0 6 2 4  0.0073425057
0 6 4 4  0.0481809600
0 6 6 4  -0.0380852795
0 7 1 4  -0.0207496185
0 7 3 4  0.0073425057
0 7 5 4  0.0481809600
0 7 7 4  -0.0380852795
0 0 2 6  0.0207496185
0 0 4 6  -0.0207496185
0 0 6 6  0.0568533071
0 1 3 6  0.0207496185
0 1 5 6  -0.0207496185
0 1 7 6  0.0568533071
0 2 0 6  0.0207496185
0 2 2 6  -0.0110047292
0 2 6 6  -0.0198434683
0 3 1 6  0.0207496185
0 3 3 6  -0.0110047292
0 3 7 6  -0.0198434683
0 4 0 6  -0.0207496185
0 4 4 6  0.0110047292
0 4 6 6  -0.0198434683
0 5 1 6  -0.0207496185
0 5 5 6  0.0110047292
0 5 7 6  -0.0198434683
0 6 0 6  0.0568533071
0 6 2 6  -0.0198434683
0 6 4 6  -0.0198434683
0 7 1 6  0.0568533071
0 7 3 6  -0.0198434683
0 7 5 6  -0.0198434683
1 0 0 1  0.2782713756
1 0 2 1  -0.0375074941
1 0 4 1  -0.0375074941
1 1 1 1  0.2782713756
1 1 3 1  -0.0375074941
1 1 5 1  -0.0375074941
1 2 0 1  -0.0375074941
1 2 2 1  0.2147882039
1 2 4 1  0.0041090486
1 2 6 1  0.0354494704
1 3 1 1  -0.0375074941
1 3 3 1  0.2147882039
1 3 5 1  0.0041090486
1 3 7 1  0.0354494704
1 4 0 1  -0.0375074941
1 4 2 1  0.0041090486
1 4 4 1  0.2147882039
1 4 6 1  -0.0354494704
1 5 1 1  -0.0375074941
1 5 3 1  0.0041090486
1 5 5 1  0.2147882039
1 5 7 1  -0.0354494704
1 6 2 1  0.0354494704
1 6 4 1  -0.0354494704
1 6 6 1  0.2915257525
1 7 3 1  0.0354494704
1 7 5 1  -0.0354494704
1 7 7 1  0.2915257525
1 0 0 3  -0.0375074941
1 0 2 3  0.0529040929
1 0 4 3  -0.0056059660
1 0 6 3  0.0207496185
1 1 1 3  -0.0375074941
1 1 3 3  0.0529040929
1 1 5 3  -0.0056059660
1 1 7 3  0.0207496185
1 2 0 3  0.0529040929
1 2 2 3  0.0438399046
1 2 4 3  -0.0028500166
1 2 6 3  -0.0481809600
1 3 1 3  0.0529040929
1 3 3 3  0.0438399046
1 3 5 3  -0.0028500166
1 3 7 3  -0.0481809600
1 4 0 3  -0.0056059660
1 4 2 3  -0.0028500166
1 4 4 3  -0.0346149133
1 4 6 3  -0.0073425057
1 5 1 3  -0.0056059660
1 5 3 3  -0.0028500166
1 5 5 3  -0.0346149133
1 5 7 3  -0.0073425057
1 6 0 3  0.0207496185
1 6 2 3  -0.0481809600
1 6 4 3  -0.0073425057
1 6 6 3  -0.0380852795
1 7 1 3  0.0207496185
1 7 3 3  -0.0481809600
1 7 5 3  -0.0073425057
1 7 7 3  -0.0380852795
1 0 0 5  -0.0375074941
1 0 2 5  -0.0056059660
1 0 4 5  0.0529040929
1 0 6 5  -0.0207496185
1 1 1 5  -0.0375074941
1 1 3 5  -0.0056059660
1 1 5 5  0.0529040929
1 1 7 5  -0.0207496185
1 2 0 5  -0.0056059660
1 2 2 5  -0.0346149133
1 2 4 5  -0.0028500166
1 2 6 5  0.0073425057
1 3 1 5  -0.0056059660
1 3 3 5  -0.0346149133
1 3 5 5  -0.0028500166
1 3 7 5  0.0073425057
1 4 0 5  0.0529040929
1 4 2 5  -0.0028500166
1 4 4 5  0.0438399046
1 4 6 5  0.0481809600
1 5 1 5  0.0529040929
1 5 3 5  -0.0028500166
1 5 5 5  0.0438399046
1 5 7 5  0.0481809600
1 6 0 5  -0.0207496185
1 6 2 5  0.0073425057
1 6 4 5  0.0481809600
1 6 6 5  -0.0380852795
1 7 1 5  -0.0207496185
1 7 3 5  0.0073425057
1 7 5 5  0.0481809600
1 7 7 5  -0.0380852795
1 0 2 7  0.0207496185
1 0 4 7  -0.0207496185
1 0 6 7  0.0568533071
1 1 3 7  0.0207496185
1 1 5 7  -0.0207496185
1 1 7 7  0.0568533071
1 2 0 7  0.0207496185
1 2 2 7  -0.0110047292
1 2 6 7  -0.0198434683
1 3 1 7  0.0207496185
1 3 3 7  -0.0110047292
1 3 7 7  -0.0198434683
1 4 0 7  -0.0207496185
1 4 4 7  0.0110047292
1 4 6 7  -0.0198434683
1 5 1 7  -0.0207496185
1 5 5 7  0.0110047292
1 5 7 7  -0.0198434683
1 6 0 7  0.0568533071
1 6 2 7  -0.0198434683
1 6 4 7  -0.0198434683
1 7 1 7  0.0568533071
1 7 3 7  -0.0198434683
1 7 5 7  -0.0198434683
2 0 0 0  -0.0375074941
2 0 2 0  0.0529040929
2 0 4 0  -0.0056059660
2 0 6 0  0.0207496185
2 1 1 0  -0.0375074941
2 1 3 0  0.0529040929
2 1 5 0  -0.0056059660
2 1 7 0  0.0207496185
2 2 0 0  0.0529040929
2 2 2 0  0.0438399046
2 2 4 0  -0.0028500166
2 2 6 0  -0.0481809600
2 3 1 0  0.0529040929
2 3 3 0  0.0438399046
2 3 5 0  -0.0028500166
2 3 7 0  -0.0481809600
2 4 0 0  -0.0056059660
2 4 2 0  -0.0028500166
2 4 4 0  -0.0346149133
2 4 6 0  -0.0073425057
2 5 1 0  -0.0056059660
2 5 3 0  -0.0028500166
2 5 5 0  -0.0346149133
2 5 7 0  -0.0073425057
2 6 0 0  0.0207496185
2 6 2 0  -0.0481809600
2 6 4 0  -0.0073425057
2 6 6 0  -0.0380852795
2 7 1 0  0.0207496185
2 7 3 0  -0.0481809600
2 7 5 0  -0.0073425057
2 7 7 0  -0.0380852795
2 0 0 2  0.2147882039
2 0 2 2  0.0438399046
2 0 4 2  -0.0346149133
2 0 6 2  -0.0110047292
2 1 1 2  0.2147882039
2 1 3 2  0.0438399046
2 1 5 2  -0.0346149133
2 1 7 2  -0.0110047292
2 2 0 2  0.0438399046
2 2 2 2  0.3219136858
2 2 4 2  0.0018849401
2 2 6 2  -0.0446962526
2 3 1 2  0.0438399046
2 3 3 2  0.3219136858
2 3 5 2  0.0018849401
2 3 7 2  -0.0446962526
2 4 0 2  -0.0346149133
2 4 2 2  0.0018849401
2 4 4 2  0.1403194354
2 4 6 2  -0.0359794027
2 5 1 2  -0.0346149133
2 5 3 2  0.0018849401
2 5 5 2  0.1403194354
2 5 7 2  -0.0359794027
2 6 0 2  -0.0110047292
2 6 2 2  -0.0446962526
2 6 4 2  -0.0359794027
2 6 6 2  0.2310502652
2 7 1 2  -0.0110047292
2 7 3 2  -0.0446962526
2 7 5 2  -0.0359794027
2 7 7 2  0.2310502652
2 0 0 4  0.0041090486
2 0 2 4  -0.0028500166
2 0 4 4  -0.0028500166
2 1 1 4  0.0041090486
2 1 3 4  -0.0028500166
2 1 5 4  -0.0028500166
2 2 0 4  -0.0028500166
2 2 2 4  0.0018849401
2 2 4 4  0.0023315619
2 2 6 4  -0.0003440639
2 3 1 4  -0.0028500166
2 3 3 4  0.0018849401
2 3 5 4  0.0023315619
2 3 7 4  -0.0003440639
2 4 0 4  -0.0028500166
2 4 2 4  0.0023315619
2 4 4 4  0.0018849401
2 4 6 4  0.0003440639
2 5 1 4  -0.0028500166
2 5 3 4  0.0023315619
2 5 5 4  0.0018849401
2 5 7 4  0.0003440639
2 6 2 4  -0.0003440639
2 6 4 4  0.0003440639
2 6 6 4  0.0046408301
2 7 3 4  -0.0003440639
2 7 5 4  0.0003440639
2 7 7 4  0.0046408301
2 0 0 6  0.0354494704
2 0 2 6  -0.0481809600
2 0 4 6  0.0073425057
2 0 6 6  -0.0198434683
2 1 1 6  0.0354494704
2 1 3 6  -0.0481809600
2 1 5 6  0.0073425057
2 1 7 6  -0.0198434683
2 2 0 6  -0.0481809600
2 2 2 6  -0.0446962526
2 2 4 6  -0.0003440639
2 2 6 6  0.0529319056
2 3 1 6  -0.0481809600
2 3 3 6  -0.0446962526
2 3 5 6  -0.0003440639
2 3 7 6  0.0529319056
2 4 0 6  0.0073425057
2 4 2 6  -0.0003440639
2 4 4 6  0.0359794027
2 4 6 6  0.0086936148
2 5 1 6  0.0073425057
2 5 3 6  -0.0003440639
2 5 5 6  0.0359794027
2 5 7 6  0.0086936148
2 6 0 6  -0.0198434683
2 6 2 6  0.0529319056
2 6 4 6  0.0086936148
2 6 6 6  0.0384772408
2 7 1 6  -0.0198434683
2 7 3 6  0.0529319056
2 7 5 6  0.0086936148
2 7 7 6  0.0384772408
3 0 0 1  -0.0375074941
3 0 2 1  0.0529040929
3 0 4 1  -0.0056059660
3 0 6 1  0.0207496185
3 1 1 1  -0.0375074941
3 1 3 1  0.0529040929
3 1 5 1  -0.0056059660
3 1 7 1  0.0207496185
3 2 0 1  0.0529040929
3 2 2 1  0.0438399046
3 2 4 1  -0.0028500166
3 2 6 1  -0.0481809600
3 3 1 1  0.0529040929
3 3 3 1  0.0438399046
3 3 5 1  -0.0028500166
3 3 7 1  -0.0481809600
3 4 0 1  -0.0056059660
3 4 2 1  -0.0028500166
3 4 4 1  -0.0346149133
3 4 6 1  -0.0073425057
3 5 1 1  -0.0056059660
3 5 3 1  -0.0028500166
3 5 5 1  -0.0346149133
3 5 7 1  -0.0073425057
3 6 0 1  0.0207496185
3 6 2 1  -0.0481809600
3 6 4 1  -0.0073425057
3 6 6 1  -0.0380852795
3 7 1 1  0.0207496185
3 7 3 1  -0.0481809600
3 7 5 1  -0.0073425057
3 7 7 1  -0.0380852795
3 0 0 3  0.2147882039
3 0 2 3  0.0438399046
3 0 4 3  -0.0346149133
3 0 6 3  -0.0110047292
3 1 1 3  0.2147882039
3 1 3 3  0.0438399046
3 1 5 3  -0.0346149133
3 1 7 3  -0.0110047292
3 2 0 3  0.0438399046
3 2 2 3  0.3219136858
3 2 4 3  0.0018849401
3 2 6 3  -0.0446962526
3 3 1 3  0.0438399046
3 3 3 3  0.3219136858
3 3 5 3  0.0018849401
3 3 7 3  -0.0446962526
3 4 0 3  -0.0346149133
3 4 2 3  0.0018849401
3 4 4 3  0.1403194354
3 4 6 3  -0.0359794027
3 5 1 3  -0.0346149133
3 5 3 3  0.0018849401
3 5 5 3  0.1403194354
3 5 7 3  -0.0359794027
3 6 0 3  -0.0110047292
3 6 2 3  -0.0446962526
3 6 4 3  -0.0359794027
3 6 6 3  0.2310502652
3 7 1 3  -0.0110047292
3 7 3 3  -0.0446962526
3 7 5 3  -0.0359794027
3 7 7 3  0.2310502652
3 0 0 5  0.0041090486
3 0 2 5  -0.0028500166
3 0 4 5  -0.0028500166
3 1 1 5  0.0041090486
3 1 3 5  -0.0028500166
3 1 5 5  -0.0028500166
3 2 0 5  -0.0028500166
3 2 2 5  0.0018849401
3 2 4 5  0.0023315619
3 2 6 5  -0.0003440639
3 3 1 5  -0.0028500166
3 3 3 5  0.0018849401
3 3 5 5  0.0023315619
3 3 7 5  -0.0003440639
3 4 0 5  -0.0028500166
3 4 2 5  0.0023315619
3 4 4 5  0.0018849401
3 4 6 5  0.0003440639
3 5 1 5  -0.0028500166
3 5 3 5  0.0023315619
3 5 5 5  0.0018849401
3 5 7 5  0.0003440639
3 6 2 5  -0.0003440639
3 6 4 5  0.0003440639
3 6 6 5  0.0046408301
3 7 3 5  -0.0003440639
3 7 5 5  0.0003440639
3 7 7 5  0.0046408301
3 0 0 7  0.0354494704
3 0 2 7  -0.0481809600
3 0 4 7  0.0073425057
3 0 6 7  -0.0198434683
3 1 1 7  0.0354494704
3 1 3 7  -0.0481809600
3 1 5 7  0.0073425057
3 1 7 7  -0.0198434683
3 2 0 7  -0.0481809600
3 2 2 7  -0.0446962526
3 2 4 7  -0.0003440639
3 2 6 7  0.0529319056
3 3 1 7  -0.0481809600
3 3 3 7  -0.0446962526
3 3 5 7  -0.0003440639
3 3 7 7  0.0529319056
3 4 0 7  0.0073425057
3 4 2 7  -0.0003440639
3 4 4 7  0.0359794027
3 4 6 7  0.0086936148
3 5 1 7  0.0073425057
3 5 3 7  -0.0003440639
3 5 5 7  0.0359794027
3 5 7 7  0.0086936148
3 6 0 7  -0.0198434683
3 6 2 7  0.0529319056
3 6 4 7  0.0086936148
3 6 6 7  0.0384772408
3 7 1 7  -0.0198434683
3 7 3 7  0.0529319056
3 7 5 7  0.0086936148
3 7 7 7  0.0384772408
4 0 0 0  -0.0375074941
4 0 2 0  -0.0056059660
4 0 4 0  0.0529040929
4 0 6 0  -0.0207496185
4 1 1 0  -0.0375074941
4 1 3 0  -0.0056059660
4 1 5 0  0.0529040929
4 1 7 0  -0.0207496185
4 2 0 0  -0.0056059660
4 2 2 0  -0.0346149133
4 2 4 0  -0.0028500166
4 2 6 0  0.0073425057
4 3 1 0  -0.0056059660
4 3 3 0  -0.0346149133
4 3 5 0  -0.0028500166
4 3 7 0  0.0073425057
4 4 0 0  0.0529040929
4 4 2 0  -0.0028500166
4 4 4 0  0.0438399046
4 4 6 0  0.0481809600
4 5 1 0  0.0529040929
4 5 3 0  -0.0028500166
4 5 5 0  0.0438399046
4 5 7 0  0.0481809600
4 6 0 0  -0.0207496185
4 6 2 0  0.0073425057
4 6 4 0  0.0481809600
4 6 6 0  -0.0380852795
4 7 1 0  -0.0207496185
4 7 3 0  0.0073425057
4 7 5 0  0.0481809600
4 7 7 0  -0.0380852795
4 0 0 2  0.0041090486
4 0 2 2  -0.0028500166
4 0 4 2  -0.0028500166
4 1 1 2  0.0041090486
4 1 3 2  -0.0028500166
4 1 5 2  -0.0028500166
4 2 0 2  -0.0028500166
4 2 2 2  0.0018849401
4 2 4 2  0.0023315619
4 2 6 2  -0.0003440639
4 3 1 2  -0.0028500166
4 3 3 2  0.0018849401
4 3 5 2  0.0023315619
4 3 7 2  -0.0003440639
4 4 0 2  -0.0028500166
4 4 2 2  0.0023315619
4 4 4 2  0.0018849401
4 4 6 2  0.0003440639
4 5 1 2  -0.0028500166
4 5 3 2  0.0023315619
4 5 5 2  0.0018849401
4 5 7 2  0.0003440639
4 6 2 2  -0.0003440639
4 6 4 2  0.0003440639
4 6 6 2  0.0046408301
4 7 3 2  -0.0003440639
4 7 5 2  0.0003440639
4 7 7 2  0.0046408301
4 0 0 4  0.2147882039
4 0 2 4  -0.0346149133
4 0 4 4  0.0438399046
4 0 6 4  0.0110047292
4 1 1 4  0.2147882039
4 1 3 4  -0.0346149133
4 1 5 4  0.0438399046
4 1 7 4  0.0110047292
4 2 0 4  -0.0346149133
4 2 2 4  0.1403194354
4 2 4 4  0.0018849401
4 2 6 4  0.0359794027
4 3 1 4  -0.0346149133
4 3 3 4  0.1403194354
4 3 5 4  0.0018849401
4 3 7 4  0.0359794027
4 4 0 4  0.0438399046
4 4 2 4  0.0018849401
4 4 4 4  0.3219136858
4 4 6 4  0.0446962526
4 5 1 4  0.0438399046
4 5 3 4  0.0018849401
4 5 5 4  0.3219136858
4 5 7 4  0.0446962526
4 6 0 4  0.0110047292
4 6 2 4  0.0359794027
4 6 4 4  0.0446962526
4 6 6 4  0.2310502652
4 7 1 4  0.0110047292
4 7 3 4  0.0359794027
4 7 5 4  0.0446962526
4 7 7 4  0.2310502652
4 0 0 6  -0.0354494704
4 0 2 6  -0.0073425057
4 0 4 6  0.0481809600
4 0 6 6  -0.0198434683
4 1 1 6  -0.0354494704
4 1 3 6  -0.0073425057
4 1 5 6  0.0481809600
4 1 7 6  -0.0198434683
4 2 0 6  -0.0073425057
4 2 2 6  -0.0359794027
4 2 4 6  0.0003440639
4 2 6 6  0.0086936148
4 3 1 6  -0.0073425057
4 3 3 6  -0.0359794027
4 3 5 6  0.0003440639
4 3 7 6  0.0086936148
4 4 0 6  0.0481809600
4 4 2 6  0.0003440639
4 4 4 6  0.0446962526
4 4 6 6  0.0529319056
4 5 1 6  0.0481809600
4 5 3 6  0.0003440639
4 5 5 6  0.0446962526
4 5 7 6  0.0529319056
4 6 0 6  -0.0198434683
4 6 2 6  0.0086936148
4 6 4 6  0.0529319056
4 6 6 6  -0.0384772408
4 7 1 6  -0.0198434683
4 7 3 6  0.0086936148
4 7 5 6  0.0529319056
4 7 7 6  -0.0384772408
5 0 0 1  -0.0375074941
5 0 2 1  -0.0056059660
5 0 4 1  0.0529040929
5 0 6 1  -0.0207496185
5 1 1 1  -0.0375074941
5 1 3 1  -0.0056059660
5 1 5 1  0.0529040929
5 1 7 1  -0.0207496185
5 2 0 1  -0.0056059660
5 2 2 1  -0.0346149133
5 2 4 1  -0.0028500166
5 2 6 1  0.0073425057
5 3 1 1  -0.0056059660
5 3 3 1  -0.0346149133
5 3 5 1  -0.0028500166
5 3 7 1  0.0073425057
5 4 0 1  0.0529040929
5 4 2 1  -0.0028500166
5 4 4 1  0.0438399046
5 4 6 1  0.0481809600
5 5 1 1  0.0529040929
5 5 3 1  -0.0028500166
5 5 5 1  0.0438399046
5 5 7 1  0.0481809600
5 6 0 1  -0.0207496185
5 6 2 1  0.0073425057
5 6 4 1  0.0481809600
5 6 6 1  -0.0380852795
5 7 1 1  -0.0207496185
5 7 3 1  0.0073425057
5 7 5 1  0.0481809600
5 7 7 1  -0.0380852795
5 0 0 3  0.0041090486
5 0 2 3  -0.0028500166
5 0 4 3  -0.0028500166
5 1 1 3  0.0041090486
5 1 3 3  -0.0028500166
5 1 5 3  -0.0028500166
5 2 0 3  -0.0028500166
5 2 2 3  0.0018849401
5 2 4 3  0.0023315619
5 2 6 3  -0.0003440639
5 3 1 3  -0.0028500166
5 3 3 3  0.0018849401
5 3 5 3  0.0023315619
5 3 7 3  -0.0003440639
5 4 0 3  -0.0028500166
5 4 2 3  0.0023315619
5 4 4 3  0.0018849401
5 4 6 3  0.0003440639
5 5 1 3  -0.0028500166
5 5 3 3  0.0023315619
5 5 5 3  0.0018849401
5 5 7 3  0.0003440639
5 6 2 3  -0.0003440639
5 6 4 3  0.0003440639
5 6 6 3  0.0046408301
5 7 3 3  -0.0003440639
5 7 5 3  0.0003440639
5 7 7 3  0.0046408301
5 0 0 5  0.2147882039
5 0 2 5  -0.0346149133
5 0 4 5  0.0438399046
5 0 6 5  0.0110047292
5 1 1 5  0.2147882039
5 1 3 5  -0.0346149133
5 1 5 5  0.0438399046
5 1 7 5  0.0110047292
5 2 0 5  -0.0346149133
5 2 2 5  0.1403194354
5 2 4 5  0.0018849401
5 2 6 5  0.0359794027
5 3 1 5  -0.0346149133
5 3 3 5  0.1403194354
5 3 5 5  0.0018849401
5 3 7 5  0.0359794027
5 4 0 5  0.0438399046
5 4 2 5  0.0018849401
5 4 4 5  0.3219136858
5 4 6 5  0.0446962526
5 5 1 5  0.0438399046
5 5 3 5  0.0018849401
5 5 5 5  0.3219136858
5 5 7 5  0.0446962526
5 6 0 5  0.0110047292
5 6 2 5  0.0359794027
5 6 4 5  0.0446962526
5 6 6 5  0.2310502652
5 7 1 5  0.0110047292
5 7 3 5  0.0359794027
5 7 5 5  0.0446962526
5 7 7 5  0.2310502652
5 0 0 7  -0.0354494704
5 0 2 7  -0.0073425057
5 0 4 7  0.0481809600
5 0 6 7  -0.0198434683
5 1 1 7  -0.0354494704
5 1 3 7  -0.0073425057
5 1 5 7  0.0481809600
5 1 7 7  -0.0198434683
5 2 0 7  -0.0073425057
5 2 2 7  -0.0359794027
5 2 4 7  0.0003440639
5 2 6 7  0.0086936148
5 3 1 7  -0.0073425057
5 3 3 7  -0.0359794027
5 3 5 7  0.0003440639
5 3 7 7  0.0086936148
5 4 0 7  0.0481809600
5 4 2 7  0.0003440639
5 4 4 7  0.0446962526
5 4 6 7  0.0529319056
5 5 1 7  0.0481809600
5 5 3 7  0.0003440639
5 5 5 7  0.0446962526
5 5 7 7  0.0529319056
5 6 0 7  -0.0198434683
5 6 2 7  0.0086936148
5 6 4 7  0.0529319056
5 6 6 7  -0.0384772408
5 7 1 7  -0.0198434683
5 7 3 7  0.0086936148
5 7 5 7  0.0529319056
5 7 7 7  -0.0384772408
6 0 2 0  0.0207496185
6 0 4 0  -0.0207496185
6 0 6 0  0.0568533071
6 1 3 0  0.0207496185
6 1 5 0  -0.0207496185
6 1 7 0  0.0568533071
6 2 0 0  0.0207496185
6 2 2 0  -0.0110047292
6 2 6 0  -0.0198434683
6 3 1 0  0.0207496185
6 3 3 0  -0.0110047292
6 3 7 0  -0.0198434683
6 4 0 0  -0.0207496185
6 4 4 0  0.0110047292
6 4 6 0  -0.0198434683
6 5 1 0  -0.0207496185
6 5 5 0  0.0110047292
6 5 7 0  -0.0198434683
6 6 0 0  0.0568533071
6 6 2 0  -0.0198434683
6 6 4 0  -0.0198434683
6 7 1 0  0.0568533071
6 7 3 0  -0.0198434683
6 7 5 0  -0.0198434683
6 0 0 2  0.0354494704
6 0 2 2  -0.0481809600
6 0 4 2  0.0073425057
6 0 6 2  -0.0198434683
6 1 1 2  0.0354494704
6 1 3 2  -0.0481809600
6 1 5 2  0.0073425057
6 1 7 2  -0.0198434683
6 2 0 2  -0.0481809600
6 2 2 2  -0.0446962526
6 2 4 2  -0.0003440639
6 2 6 2  0.0529319056
6 3 1 2  -0.0481809600
6 3 3 2  -0.0446962526
6 3 5 2  -0.0003440639
6 3 7 2  0.0529319056
6 4 0 2  0.0073425057
6 4 2 2  -0.0003440639
6 4 4 2  0.0359794027
6 4 6 2  0.0086936148
6 5 1 2  0.0073425057
6 5 3 2  -0.0003440639
6 5 5 2  0.0359794027
6 5 7 2  0.0086936148
6 6 0 2  -0.0198434683
6 6 2 2  0.0529319056
6 6 4 2  0.0086936148
6 6 6 2  0.0384772408
6 7 1 2  -0.0198434683
6 7 3 2  0.0529319056
6 7 5 2  0.0086936148
6 7 7 2  0.0384772408
6 0 0 4  -0.0354494704
6 0 2 4  -0.0073425057
6 0 4 4  0.0481809600
6 0 6 4  -0.0198434683
6 1 1 4  -0.0354494704
6 1 3 4  -0.0073425057
6 1 5 4  0.0481809600
6 1 7 4  -0.0198434683
6 2 0 4  -0.0073425057
6 2 2 4  -0.0359794027
6 2 4 4  0.0003440639
6 2 6 4  0.0086936148
6 3 1 4  -0.0073425057
6 3 3 4  -0.0359794027
6 3 5 4  0.0003440639
6 3 7 4  0.0086936148
6 4 0 4  0.0481809600
6 4 2 4  0.0003440639
6 4 4 4  0.0446962526
6 4 6 4  0.0529319056
6 5 1 4  0.0481809600
6 5 3 4  0.0003440639
6 5 5 4  0.0446962526
6 5 7 4  0.0529319056
6 6 0 4  -0.0198434683
6 6 2 4  0.0086936148
6 6 4 4  0.0529319056
6 6 6 4  -0.0384772408
6 7 1 4  -0.0198434683
6 7 3 4  0.0086936148
6 7 5 4  0.0529319056
6 7 7 4  -0.0384772408
6 0 0 6  0.2915257525
6 0 2 6  -0.0380852795
6 0 4 6  -0.0380852795
6 1 1 6  0.2915257525
6 1 3 6  -0.0380852795
6 1 5 6  -0.0380852795
6 2 0 6  -0.0380852795
6 2 2 6  0.2310502652
6 2 4 6  0.0046408301
6 2 6 6  0.0384772408
6 3 1 6  -0.0380852795
6 3 3 6  0.2310502652
6 3 5 6  0.0046408301
6 3 7 6  0.0384772408
6 4 0 6  -0.0380852795
6 4 2 6  0.0046408301
6 4 4 6  0.2310502652
6 4 6 6  -0.0384772408
6 5 1 6  -0.0380852795
6 5 3 6  0.0046408301
6 5 5 6  0.2310502652
6 5 7 6  -0.0384772408
6 6 2 6  0.0384772408
6 6 4 6  -0.0384772408
6 6 6 6  0.3241763960
6 7 3 6  0.0384772408
6 7 5 6  -0.0384772408
6 7 7 6  0.3241763960
7 0 2 1  0.0207496185
7 0 4 1  -0.0207496185
7 0 6 1  0.0568533071
7 1 3 1  0.0207496185
7 1 5 1  -0.0207496185
7 1 7 1  0.0568533071
7 2 0 1  0.0207496185
7 2 2 1  -0.0110047292
7 2 6 1  -0.0198434683
7 3 1 1  0.0207496185
7 3 3 1  -0.0110047292
7 3 7 1  -0.0198434683
7 4 0 1  -0.0207496185
7 4 4 1  0.0110047292
7 4 6 1  -0.0198434683
7 5 1 1  -0.0207496185
7 5 5 1  0.0110047292
7 5 7 1  -0.0198434683
7 6 0 1  0.0568533071
7 6 2 1  -0.0198434683
7 6 4 1  -0.0198434683
7 7 1 1  0.0568533071
7 7 3 1  -0.0198434683
7 7 5 1  -0.0198434683
7 0 0 3  0.0354494704
7 0 2 3  -0.0481809600
7 0 4 3  0.0073425057
7 0 6 3  -0.0198434683
7 1 1 3  0.0354494704
7 1 3 3  -0.0481809600
7 1 5 3  0.0073425057
7 1 7 3  -0.0198434683
7 2 0 3  -0.0481809600
7 2 2 3  -0.0446962526
7 2 4 3  -0.0003440639
7 2 6 3  0.0529319056
7 3 1 3  -0.0481809600
7 3 3 3  -0.0446962526
7 3 5 3  -0.0003440639
7 3 7 3  0.0529319056
7 4 0 3  0.0073425057
7 4 2 3  -0.0003440639
7 4 4 3  0.0359794027
7 4 6 3  0.0086936148
7 5 1 3  0.0073425057
7 5 3 3  -0.0003440639
7 5 5 3  0.0359794027
7 5 7 3  0.0086936148
7 6 0 3  -0.0198434683
7 6 2 3  0.0529319056
7 6 4 3  0.0086936148
7 6 6 3  0.0384772408
7 7 1 3  -0.0198434683
7 7 3 3  0.0529319056
7 7 5 3  0.0086936148
7 7 7 3  0.0384772408
7 0 0 5  -0.0354494704
7 0 2 5  -0.0073425057
7 0 4 5  0.0481809600
7 0 6 5  -0.0198434683
7 1 1 5  -0.0354494704
7 1 3 5  -0.0073425057
7 1 5 5  0.0481809600
7 1 7 5  -0.0198434683
7 2 0 5  -0.0073425057
7 2 2 5  -0.0359794027
7 2 4 5  0.0003440639
7 2 6 5  0.0086936148
7 3 1 5  -0.0073425057
7 3 3 5  -0.0359794027
7 3 5 5  0.0003440639
7 3 7 5  0.0086936148
7 4 0 5  0.0481809600
7 4 2 5  0.0003440639
7 4 4 5  0.0446962526
7 4 6 5  0.0529319056
7 5 1 5  0.0481809600
7 5 3 5  0.0003440639
7 5 5 5  0.0446962526
7 5 7 5  0.0529319056
7 6 0 5  -0.0198434683
7 6 2 5  0.0086936148
7 6 4 5  0.0529319056
7 6 6 5  -0.0384772408
7 7 1 5  -0.0198434683
7 7 3 5  0.0086936148
7 7 5 5  0.0529319056
7 7 7 5  -0.0384772408
7 0 0 7  0.2915257525
7 0 2 7  -0.0380852795
7 0 4 7  -0.0380852795
7 1 1 7  0.2915257525
7 1 3 7  -0.0380852795
7 1 5 7  -0.0380852795
7 2 0 7  -0.0380852795
7 2 2 7  0.2310502652
7 2 4 7  0.0046408301
7 2 6 7  0.0384772408
7 3 1 7  -0.0380852795
7 3 3 7  0.2310502652
7 3 5 7  0.0046408301
7 3 7 7  0.0384772408
7 4 0 7  -0.0380852795
7 4 2 7  0.0046408301
7 4 4 7  0.2310502652
7 4 6 7  -0.0384772408
7 5 1 7  -0.0380852795
7 5 3 7  0.0046408301
7 5 5 7  0.2310502652
7 5 7 7  -0.0384772408
7 6 2 7  0.0384772408
7 6 4 7  -0.0384772408
7 6 6 7  0.3241763960
7 7 3 7  0.0384772408
7 7 5 7  -0.0384772408
7 7 7 7  0.3241763960

 E(FCI) = -2.1172113993

 E(HF)  = -1.5574281087
