 MO Integrals

2.8666666667
0 0  -2.1580898196
0 4  0.1910903226
1 1  -2.1580898196
1 5  0.1910903226
2 2  -1.5349230531
2 6  -0.1441100131
3 3  -1.5349230531
3 7  -0.1441100131
4 0  0.1910903226
4 4  -1.3461106523
5 1  0.1910903226
5 5  -1.3461106523
6 2  -0.1441100131
6 6  -0.6330873738
7 3  -0.1441100131
7 7  -0.6330873738
0 0 0 0  0.3098702604
0 0 4 0  -0.0612922372
0 1 1 0  0.3098702604
0 1 5 0  -0.0612922372
0 2 2 0  0.2149720362
0 2 6 0  0.0541356091
0 3 3 0  0.2149720362
0 3 7 0  0.0541356091
0 4 0 0  -0.0612922372
0 4 4 0  0.2275698482
0 5 1 0  -0.0612922372
0 5 5 0  0.2275698482
0 6 2 0  0.0541356091
0 6 6 0  0.3274613393
0 7 3 0  0.0541356091
0 7 7 0  0.3274613393
0 0 2 2  0.0469889779
0 0 6 2  0.0294851403
0 1 3 2  0.0469889779
0 1 7 2  0.0294851403
0 2 0 2  0.0469889779
0 2 4 2  0.0557024128
0 3 1 2  0.0469889779
0 3 5 2  0.0557024128
0 4 2 2  0.0557024128
0 4 6 2  -0.0433631589
0 5 3 2  0.0557024128
0 5 7 2  -0.0433631589
0 6 0 2  0.0294851403
0 6 4 2  -0.0433631589
0 7 1 2  0.0294851403
0 7 5 2  -0.0433631589
0 0 0 4  -0.0612922372
0 0 4 4  0.0445444376
0 1 1 4  -0.0612922372
0 1 5 4  0.0445444376
0 2 2 4  0.0107247138
0 2 6 4  -0.0357002013
0 3 3 4  0.0107247138
0 3 7 4  -0.0357002013
0 4 0 4  0.0445444376
0 4 4 4  0.0007947329
0 5 1 4  0.0445444376
0 5 5 4  0.0007947329
0 6 2 4  -0.0357002013
0 6 6 4  -0.0640060387
0 7 3 4  -0.0357002013
0 7 7 4  -0.0640060387
0 0 2 6  0.0294851403
0 0 6 6  0.0596771345
0 1 3 6  0.0294851403
0 1 7 6  0.0596771345
0 2 0 6  0.0294851403
0 2 4 6  -0.0015008614
0 3 1 6  0.0294851403
0 3 5 6  -0.0015008614
0 4 2 6  -0.0015008614
0 4 6 6  -0.0287284611
0 5 3 6  -0.0015008614
0 5 7 6  -0.0287284611
0 6 0 6  0.0596771345
0 6 4 6  -0.0287284611
0 7 1 6  0.0596771345
0 7 5 6  -0.0287284611
1 0 0 1  0.3098702604
1 0 4 1  -0.0612922372
1 1 1 1  0.3098702604
1 1 5 1  -0.0612922372
1 2 2 1  0.2149720362
1 2 6 1  0.0541356091
1 3 3 1  0.2149720362
1 3 7 1  0.0541356091
1 4 0 1  -0.0612922372
1 4 4 1  0.2275698482
1 5 1 1  -0.0612922372
1 5 5 1  0.2275698482
1 6 2 1  0.0541356091
1 6 6 1  0.3274613393
1 7 3 1  0.0541356091
1 7 7 1  0.3274613393
1 0 2 3  0.0469889779
1 0 6 3  0.0294851403
1 1 3 3  0.0469889779
1 1 7 3  0.0294851403
1 2 0 3  0.0469889779
1 2 4 3  0.0557024128
1 3 1 3  0.0469889779
1 3 5 3  0.0557024128
1 4 2 3  0.0557024128
1 4 6 3  -0.0433631589
1 5 3 3  0.0557024128
1 5 7 3  -0.0433631589
1 6 0 3  0.0294851403
1 6 4 3  -0.0433631589
1 7 1 3  0.0294851403
1 7 5 3  -0.0433631589
1 0 0 5  -0.0612922372
1 0 4 5  0.0445444376
1 1 1 5  -0.0612922372
1 1 5 5  0.0445444376
1 2 2 5  0.0107247138
1 2 6 5  -0.0357002013
1 3 3 5  0.0107247138
1 3 7 5  -0.0357002013
1 4 0 5  0.0445444376
1 4 4 5  0.0007947329
1 5 1 5  0.0445444376
1 5 5 5  0.0007947329
1 6 2 5  -0.0357002013
1 6 6 5  -0.0640060387
1 7 3 5  -0.0357002013
1 7 7 5  -0.0640060387
1 0 2 7  0.0294851403
1 0 6 7  0.0596771345
1 1 3 7  0.0294851403
1 1 7 7  0.0596771345
1 2 0 7  0.0294851403
1 2 4 7  -0.0015008614
1 3 1 7  0.0294851403
1 3 5 7  -0.0015008614
1 4 2 7  -0.0015008614
1 4 6 7  -0.0287284611
1 5 3 7  -0.0015008614
1 5 7 7  -0.0287284611
1 6 0 7  0.0596771345
1 6 4 7  -0.0287284611
1 7 1 7  0.0596771345
1 7 5 7  -0.0287284611
2 0 2 0  0.0469889779
2 0 6 0  0.0294851403
2 1 3 0  0.0469889779
2 1 7 0  0.0294851403
2 2 0 0  0.0469889779
2 2 4 0  0.0557024128
2 3 1 0  0.0469889779
2 3 5 0  0.0557024128
2 4 2 0  0.0557024128
2 4 6 0  -0.0433631589
2 5 3 0  0.0557024128
2 5 7 0  -0.0433631589
2 6 0 0  0.0294851403
2 6 4 0  -0.0433631589
2 7 1 0  0.0294851403
2 7 5 0  -0.0433631589
2 0 0 2  0.2149720362
2 0 4 2  0.0107247138
2 1 1 2  0.2149720362
2 1 5 2  0.0107247138
2 2 2 2  0.2391809072
2 2 6 2  -0.0067308934
2 3 3 2  0.2391809072
2 3 7 2  -0.0067308934
2 4 0 2  0.0107247138
2 4 4 2  0.2390983546
2 5 1 2  0.0107247138
2 5 5 2  0.2390983546
2 6 2 2  -0.0067308934
2 6 6 2  0.2325469095
2 7 3 2  -0.0067308934
2 7 7 2  0.2325469095
2 0 2 4  0.0557024128
2 0 6 4  -0.0015008614
2 1 3 4  0.0557024128
2 1 7 4  -0.0015008614
2 2 0 4  0.0557024128
2 2 4 4  0.1023590078
2 3 1 4  0.0557024128
2 3 5 4  0.1023590078
2 4 2 4  0.1023590078
2 4 6 4  -0.0561878000
2 5 3 4  0.1023590078
2 5 7 4  -0.0561878000
2 6 0 4  -0.0015008614
2 6 4 4  -0.0561878000
2 7 1 4  -0.0015008614
2 7 5 4  -0.0561878000
2 0 0 6  0.0541356091
2 0 4 6  -0.0357002013
2 1 1 6  0.0541356091
2 1 5 6  -0.0357002013
2 2 2 6  -0.0067308934
2 2 6 6  0.0386528338
2 3 3 6  -0.0067308934
2 3 7 6  0.0386528338
2 4 0 6  -0.0357002013
2 4 4 6  -0.0063493285
2 5 1 6  -0.0357002013
2 5 5 6  -0.0063493285
2 6 2 6  0.0386528338
2 6 6 6  0.0603746240
2 7 3 6  0.0386528338
2 7 7 6  0.0603746240
3 0 2 1  0.0469889779
3 0 6 1  0.0294851403
3 1 3 1  0.0469889779
3 1 7 1  0.0294851403
3 2 0 1  0.0469889779
3 2 4 1  0.0557024128
3 3 1 1  0.0469889779
3 3 5 1  0.0557024128
3 4 2 1  0.0557024128
3 4 6 1  -0.0433631589
3 5 3 1  0.0557024128
3 5 7 1  -0.0433631589
3 6 0 1  0.0294851403
3 6 4 1  -0.0433631589
3 7 1 1  0.0294851403
3 7 5 1  -0.0433631589
3 0 0 3  0.2149720362
3 0 4 3  0.0107247138
3 1 1 3  0.2149720362
3 1 5 3  0.0107247138
3 2 2 3  0.2391809072
3 2 6 3  -0.0067308934
3 3 3 3  0.2391809072
3 3 7 3  -0.0067308934
3 4 0 3  0.0107247138
3 4 4 3  0.2390983546
3 5 1 3  0.0107247138
3 5 5 3  0.2390983546
3 6 2 3  -0.0067308934
3 6 6 3  0.2325469095
3 7 3 3  -0.0067308934
3 7 7 3  0.2325469095
3 0 2 5  0.0557024128
3 0 6 5  -0.0015008614
3 1 3 5  0.0557024128
3 1 7 5  -0.0015008614
3 2 0 5  0.0557024128
3 2 4 5  0.1023590078
3 3 1 5  0.0557024128
3 3 5 5  0.1023590078
3 4 2 5  0.1023590078
3 4 6 5  -0.0561878000
3 5 3 5  0.1023590078
3 5 7 5  -0.0561878000
3 6 0 5  -0.0015008614
3 6 4 5  -0.0561878000
3 7 1 5  -0.0015008614
3 7 5 5  -0.0561878000
3 0 0 7  0.0541356091
3 0 4 7  -0.0357002013
3 1 1 7  0.0541356091
3 1 5 7  -0.0357002013
3 2 2 7  -0.0067308934
3 2 6 7  0.0386528338
3 3 3 7  -0.0067308934
3 3 7 7  0.0386528338
3 4 0 7  -0.0357002013
3 4 4 7  -0.0063493285
3 5 1 7  -0.0357002013
3 5 5 7  -0.0063493285
3 6 2 7  0.0386528338
3 6 6 7  0.0603746240
3 7 3 7  0.0386528338
3 7 7 7  0.0603746240
4 0 0 0  -0.0612922372
4 0 4 0  0.0445444376
4 1 1 0  -0.0612922372
4 1 5 0  0.0445444376
4 2 2 0  0.0107247138
4 2 6 0  -0.0357002013
4 3 3 0  0.0107247138
4 3 7 0  -0.0357002013
4 4 0 0  0.0445444376
4 4 4 0  0.0007947329
4 5 1 0  0.0445444376
4 5 5 0  0.0007947329
4 6 2 0  -0.0357002013
4 6 6 0  -0.0640060387
4 7 3 0  -0.0357002013
4 7 7 0  -0.0640060387
4 0 2 2  0.0557024128
4 0 6 2  -0.0015008614
4 1 3 2  0.0557024128
4 1 7 2  -0.0015008614
4 2 0 2  0.0557024128
4 2 4 2  0.1023590078
4 3 1 2  0.0557024128
4 3 5 2  0.1023590078
4 4 2 2  0.1023590078
4 4 6 2  -0.0561878000
4 5 3 2  0.1023590078
4 5 7 2  -0.0561878000
4 6 0 2  -0.0015008614
4 6 4 2  -0.0561878000
4 7 1 2  -0.0015008614
4 7 5 2  -0.0561878000
4 0 0 4  0.2275698482
4 0 4 4  0.0007947329
4 1 1 4  0.2275698482
4 1 5 4  0.0007947329
4 2 2 4  0.2390983546
4 2 6 4  -0.0063493285
4 3 3 4  0.2390983546
4 3 7 4  -0.0063493285
4 4 0 4  0.0007947329
4 4 4 4  0.2475797503
4 5 1 4  0.0007947329
4 5 5 4  0.2475797503
4 6 2 4  -0.0063493285
4 6 6 4  0.2464434432
4 7 3 4  -0.0063493285
4 7 7 4  0.2464434432
4 0 2 6  -0.0433631589
4 0 6 6  -0.0287284611
4 1 3 6  -0.0433631589
4 1 7 6  -0.0287284611
4 2 0 6  -0.0433631589
4 2 4 6  -0.0561878000
4 3 1 6  -0.0433631589
4 3 5 6  -0.0561878000
4 4 2 6  -0.0561878000
4 4 6 6  0.0495902619
4 5 3 6  -0.0561878000
4 5 7 6  0.0495902619
4 6 0 6  -0.0287284611
4 6 4 6  0.0495902619
4 7 1 6  -0.0287284611
4 7 5 6  0.0495902619
5 0 0 1  -0.0612922372
5 0 4 1  0.0445444376
5 1 1 1  -0.0612922372
5 1 5 1  0.0445444376
5 2 2 1  0.0107247138
5 2 6 1  -0.0357002013
5 3 3 1  0.0107247138
5 3 7 1  -0.0357002013
5 4 0 1  0.0445444376
5 4 4 1  0.0007947329
5 5 1 1  0.0445444376
5 5 5 1  0.0007947329
5 6 2 1  -0.0357002013
5 6 6 1  -0.0640060387
5 7 3 1  -0.0357002013
5 7 7 1  -0.0640060387
5 0 2 3  0.0557024128
5 0 6 3  -0.0015008614
5 1 3 3  0.0557024128
5 1 7 3  -0.0015008614
5 2 0 3  0.0557024128
5 2 4 3  0.1023590078
5 3 1 3  0.0557024128
5 3 5 3  0.1023590078
5 4 2 3  0.1023590078
5 4 6 3  -0.0561878000
5 5 3 3  0.1023590078
5 5 7 3  -0.0561878000
5 6 0 3  -0.0015008614
5 6 4 3  -0.0561878000
5 7 1 3  -0.0015008614
5 7 5 3  -0.0561878000
5 0 0 5  0.2275698482
5 0 4 5  0.0007947329
5 1 1 5  0.2275698482
5 1 5 5  0.0007947329
5 2 2 5  0.2390983546
5 2 6 5  -0.0063493285
5 3 3 5  0.2390983546
5 3 7 5  -0.0063493285
5 4 0 5  0.0007947329
5 4 4 5  0.2475797503
5 5 1 5  0.0007947329
5 5 5 5  0.2475797503
5 6 2 5  -0.0063493285
5 6 6 5  0.2464434432
5 7 3 5  -0.0063493285
5 7 7 5  0.2464434432
5 0 2 7  -0.0433631589
5 0 6 7  -0.0287284611
5 1 3 7  -0.0433631589
5 1 7 7  -0.0287284611
5 2 0 7  -0.0433631589
5 2 4 7  -0.0561878000
5 3 1 7  -0.0433631589
5 3 5 7  -0.0561878000
5 4 2 7  -0.0561878000
5 4 6 7  0.0495902619
5 5 3 7  -0.0561878000
5 5 7 7  0.0495902619
5 6 0 7  -0.0287284611
5 6 4 7  0.0495902619
5 7 1 7  -0.0287284611
5 7 5 7  0.0495902619
6 0 2 0  0.0294851403
6 0 6 0  0.0596771345
6 1 3 0  0.0294851403
6 1 7 0  0.0596771345
6 2 0 0  0.0294851403
6 2 4 0  -0.0015008614
6 3 1 0  0.0294851403
6 3 5 0  -0.0015008614
6 4 2 0  -0.0015008614
6 4 6 0  -0.0287284611
6 5 3 0  -0.0015008614
6 5 7 0  -0.0287284611
6 6 0 0  0.0596771345
6 6 4 0  -0.0287284611
6 7 1 0  0.0596771345
6 7 5 0  -0.0287284611
6 0 0 2  0.0541356091
6 0 4 2  -0.0357002013
6 1 1 2  0.0541356091
6 1 5 2  -0.0357002013
6 2 2 2  -0.0067308934
6 2 6 2  0.0386528338
6 3 3 2  -0.0067308934
6 3 7 2  0.0386528338
6 4 0 2  -0.0357002013
6 4 4 2  -0.0063493285
6 5 1 2  -0.0357002013
6 5 5 2  -0.0063493285
6 6 2 2  0.0386528338
6 6 6 2  0.0603746240
6 7 3 2  0.0386528338
6 7 7 2  0.0603746240
6 0 2 4  -0.0433631589
6 0 6 4  -0.0287284611
6 1 3 4  -0.0433631589
6 1 7 4  -0.0287284611
6 2 0 4  -0.0433631589
6 2 4 4  -0.0561878000
6 3 1 4  -0.0433631589
6 3 5 4  -0.0561878000
6 4 2 4  -0.0561878000
6 4 6 4  0.0495902619
6 5 3 4  -0.0561878000
6 5 7 4  0.0495902619
6 6 0 4  -0.0287284611
6 6 4 4  0.0495902619
6 7 1 4  -0.0287284611
6 7 5 4  0.0495902619
6 0 0 6  0.3274613393
6 0 4 6  -0.0640060387
6 1 1 6  0.3274613393
6 1 5 6  -0.0640060387
6 2 2 6  0.2325469095
6 2 6 6  0.0603746240
6 3 3 6  0.2325469095
6 3 7 6  0.0603746240
6 4 0 6  -0.0640060387
6 4 4 6  0.2464434432
6 5 1 6  -0.0640060387
6 5 5 6  0.2464434432
6 6 2 6  0.0603746240
6 6 6 6  0.3700941706
6 7 3 6  0.0603746240
6 7 7 6  0.3700941706
7 0 2 1  0.0294851403
7 0 6 1  0.0596771345
7 1 3 1  0.0294851403
7 1 7 1  0.0596771345
7 2 0 1  0.0294851403
7 2 4 1  -0.0015008614
7 3 1 1  0.0294851403
7 3 5 1  -0.0015008614
7 4 2 1  -0.0015008614
7 4 6 1  -0.0287284611
7 5 3 1  -0.0015008614
7 5 7 1  -0.0287284611
7 6 0 1  0.0596771345
7 6 4 1  -0.0287284611
7 7 1 1  0.0596771345
7 7 5 1  -0.0287284611
7 0 0 3  0.0541356091
7 0 4 3  -0.0357002013
7 1 1 3  0.0541356091
7 1 5 3  -0.0357002013
7 2 2 3  -0.0067308934
7 2 6 3  0.0386528338
7 3 3 3  -0.0067308934
7 3 7 3  0.0386528338
7 4 0 3  -0.0357002013
7 4 4 3  -0.0063493285
7 5 1 3  -0.0357002013
7 5 5 3  -0.0063493285
7 6 2 3  0.0386528338
7 6 6 3  0.0603746240
7 7 3 3  0.0386528338
7 7 7 3  0.0603746240
7 0 2 5  -0.0433631589
7 0 6 5  -0.0287284611
7 1 3 5  -0.0433631589
7 1 7 5  -0.0287284611
7 2 0 5  -0.0433631589
7 2 4 5  -0.0561878000
7 3 1 5  -0.0433631589
7 3 5 5  -0.0561878000
7 4 2 5  -0.0561878000
7 4 6 5  0.0495902619
7 5 3 5  -0.0561878000
7 5 7 5  0.0495902619
7 6 0 5  -0.0287284611
7 6 4 5  0.0495902619
7 7 1 5  -0.0287284611
7 7 5 5  0.0495902619
7 0 0 7  0.3274613393
7 0 4 7  -0.0640060387
7 1 1 7  0.3274613393
7 1 5 7  -0.0640060387
7 2 2 7  0.2325469095
7 2 6 7  0.0603746240
7 3 3 7  0.2325469095
7 3 7 7  0.0603746240
7 4 0 7  -0.0640060387
7 4 4 7  0.2464434432
7 5 1 7  -0.0640060387
7 5 5 7  0.2464434432
7 6 2 7  0.0603746240
7 6 6 7  0.3700941706
7 7 3 7  0.0603746240
7 7 7 7  0.3700941706

 E(FCI) = -1.9876261338

 E(HF)  = -1.8894363654
