 MO Integrals

3.6532887402
0 0  -2.3741328122
0 4  0.1962757210
1 1  -2.3741328122
1 5  0.1962757210
2 2  -1.5572666960
2 6  -0.1469993298
3 3  -1.5572666960
3 7  -0.1469993298
4 0  0.1962757210
4 4  -1.3922693674
5 1  0.1962757210
5 5  -1.3922693674
6 2  -0.1469993298
6 6  -0.2397842693
7 3  -0.1469993298
7 7  -0.2397842693
0 0 0 0  0.3438993906
0 0 4 0  -0.0656367345
0 1 1 0  0.3438993906
0 1 5 0  -0.0656367345
0 2 2 0  0.2178003873
0 2 6 0  0.0551305137
0 3 3 0  0.2178003873
0 3 7 0  0.0551305137
0 4 0 0  -0.0656367345
0 4 4 0  0.2322372968
0 5 1 0  -0.0656367345
0 5 5 0  0.2322372968
0 6 2 0  0.0551305137
0 6 6 0  0.3652547734
0 7 3 0  0.0551305137
0 7 7 0  0.3652547734
0 0 2 2  0.0353850321
0 0 6 2  0.0292424908
0 1 3 2  0.0353850321
0 1 7 2  0.0292424908
0 2 0 2  0.0353850321
0 2 4 2  0.0524952285
0 3 1 2  0.0353850321
0 3 5 2  0.0524952285
0 4 2 2  0.0524952285
0 4 6 2  -0.0314708220
0 5 3 2  0.0524952285
0 5 7 2  -0.0314708220
0 6 0 2  0.0292424908
0 6 4 2  -0.0314708220
0 7 1 2  0.0292424908
0 7 5 2  -0.0314708220
0 0 0 4  -0.0656367345
0 0 4 4  0.0383047397
0 1 1 4  -0.0656367345
0 1 5 4  0.0383047397
0 2 2 4  0.0099968693
0 2 6 4  -0.0283564123
0 3 3 4  0.0099968693
0 3 7 4  -0.0283564123
0 4 0 4  0.0383047397
0 4 4 4  0.0004563095
0 5 1 4  0.0383047397
0 5 5 4  0.0004563095
0 6 2 4  -0.0283564123
0 6 6 4  -0.0696367445
0 7 3 4  -0.0283564123
0 7 7 4  -0.0696367445
0 0 2 6  0.0292424908
0 0 6 6  0.0641640962
0 1 3 6  0.0292424908
0 1 7 6  0.0641640962
0 2 0 6  0.0292424908
0 2 4 6  0.0090756832
0 3 1 6  0.0292424908
0 3 5 6  0.0090756832
0 4 2 6  0.0090756832
0 4 6 6  -0.0282507066
0 5 3 6  0.0090756832
0 5 7 6  -0.0282507066
0 6 0 6  0.0641640962
0 6 4 6  -0.0282507066
0 7 1 6  0.0641640962
0 7 5 6  -0.0282507066
1 0 0 1  0.3438993906
1 0 4 1  -0.0656367345
1 1 1 1  0.3438993906
1 1 5 1  -0.0656367345
1 2 2 1  0.2178003873
1 2 6 1  0.0551305137
1 3 3 1  0.2178003873
1 3 7 1  0.0551305137
1 4 0 1  -0.0656367345
1 4 4 1  0.2322372968
1 5 1 1  -0.0656367345
1 5 5 1  0.2322372968
1 6 2 1  0.0551305137
1 6 6 1  0.3652547734
1 7 3 1  0.0551305137
1 7 7 1  0.3652547734
1 0 2 3  0.0353850321
1 0 6 3  0.0292424908
1 1 3 3  0.0353850321
1 1 7 3  0.0292424908
1 2 0 3  0.0353850321
1 2 4 3  0.0524952285
1 3 1 3  0.0353850321
1 3 5 3  0.0524952285
1 4 2 3  0.0524952285
1 4 6 3  -0.0314708220
1 5 3 3  0.0524952285
1 5 7 3  -0.0314708220
1 6 0 3  0.0292424908
1 6 4 3  -0.0314708220
1 7 1 3  0.0292424908
1 7 5 3  -0.0314708220
1 0 0 5  -0.0656367345
1 0 4 5  0.0383047397
1 1 1 5  -0.0656367345
1 1 5 5  0.0383047397
1 2 2 5  0.0099968693
1 2 6 5  -0.0283564123
1 3 3 5  0.0099968693
1 3 7 5  -0.0283564123
1 4 0 5  0.0383047397
1 4 4 5  0.0004563095
1 5 1 5  0.0383047397
1 5 5 5  0.0004563095
1 6 2 5  -0.0283564123
1 6 6 5  -0.0696367445
1 7 3 5  -0.0283564123
1 7 7 5  -0.0696367445
1 0 2 7  0.0292424908
1 0 6 7  0.0641640962
1 1 3 7  0.0292424908
1 1 7 7  0.0641640962
1 2 0 7  0.0292424908
1 2 4 7  0.0090756832
1 3 1 7  0.0292424908
1 3 5 7  0.0090756832
1 4 2 7  0.0090756832
1 4 6 7  -0.0282507066
1 5 3 7  0.0090756832
1 5 7 7  -0.0282507066
1 6 0 7  0.0641640962
1 6 4 7  -0.0282507066
1 7 1 7  0.0641640962
1 7 5 7  -0.0282507066
2 0 2 0  0.0353850321
2 0 6 0  0.0292424908
2 1 3 0  0.0353850321
2 1 7 0  0.0292424908
2 2 0 0  0.0353850321
2 2 4 0  0.0524952285
2 3 1 0  0.0353850321
2 3 5 0  0.0524952285
2 4 2 0  0.0524952285
2 4 6 0  -0.0314708220
2 5 3 0  0.0524952285
2 5 7 0  -0.0314708220
2 6 0 0  0.0292424908
2 6 4 0  -0.0314708220
2 7 1 0  0.0292424908
2 7 5 0  -0.0314708220
2 0 0 2  0.2178003873
2 0 4 2  0.0099968693
2 1 1 2  0.2178003873
2 1 5 2  0.0099968693
2 2 2 2  0.2479032568
2 2 6 2  -0.0075192539
2 3 3 2  0.2479032568
2 3 7 2  -0.0075192539
2 4 0 2  0.0099968693
2 4 4 2  0.2486744838
2 5 1 2  0.0099968693
2 5 5 2  0.2486744838
2 6 2 2  -0.0075192539
2 6 6 2  0.2367947653
2 7 3 2  -0.0075192539
2 7 7 2  0.2367947653
2 0 2 4  0.0524952285
2 0 6 4  0.0090756832
2 1 3 4  0.0524952285
2 1 7 4  0.0090756832
2 2 0 4  0.0524952285
2 2 4 4  0.1149488519
2 3 1 4  0.0524952285
2 3 5 4  0.1149488519
2 4 2 4  0.1149488519
2 4 6 4  -0.0534823278
2 5 3 4  0.1149488519
2 5 7 4  -0.0534823278
2 6 0 4  0.0090756832
2 6 4 4  -0.0534823278
2 7 1 4  0.0090756832
2 7 5 4  -0.0534823278
2 0 0 6  0.0551305137
2 0 4 6  -0.0283564123
2 1 1 6  0.0551305137
2 1 5 6  -0.0283564123
2 2 2 6  -0.0075192539
2 2 6 6  0.0318562751
2 3 3 6  -0.0075192539
2 3 7 6  0.0318562751
2 4 0 6  -0.0283564123
2 4 4 6  -0.0072836707
2 5 1 6  -0.0283564123
2 5 5 6  -0.0072836707
2 6 2 6  0.0318562751
2 6 6 6  0.0619102170
2 7 3 6  0.0318562751
2 7 7 6  0.0619102170
3 0 2 1  0.0353850321
3 0 6 1  0.0292424908
3 1 3 1  0.0353850321
3 1 7 1  0.0292424908
3 2 0 1  0.0353850321
3 2 4 1  0.0524952285
3 3 1 1  0.0353850321
3 3 5 1  0.0524952285
3 4 2 1  0.0524952285
3 4 6 1  -0.0314708220
3 5 3 1  0.0524952285
3 5 7 1  -0.0314708220
3 6 0 1  0.0292424908
3 6 4 1  -0.0314708220
3 7 1 1  0.0292424908
3 7 5 1  -0.0314708220
3 0 0 3  0.2178003873
3 0 4 3  0.0099968693
3 1 1 3  0.2178003873
3 1 5 3  0.0099968693
3 2 2 3  0.2479032568
3 2 6 3  -0.0075192539
3 3 3 3  0.2479032568
3 3 7 3  -0.0075192539
3 4 0 3  0.0099968693
3 4 4 3  0.2486744838
3 5 1 3  0.0099968693
3 5 5 3  0.2486744838
3 6 2 3  -0.0075192539
3 6 6 3  0.2367947653
3 7 3 3  -0.0075192539
3 7 7 3  0.2367947653
3 0 2 5  0.0524952285
3 0 6 5  0.0090756832
3 1 3 5  0.0524952285
3 1 7 5  0.0090756832
3 2 0 5  0.0524952285
3 2 4 5  0.1149488519
3 3 1 5  0.0524952285
3 3 5 5  0.1149488519
3 4 2 5  0.1149488519
3 4 6 5  -0.0534823278
3 5 3 5  0.1149488519
3 5 7 5  -0.0534823278
3 6 0 5  0.0090756832
3 6 4 5  -0.0534823278
3 7 1 5  0.0090756832
3 7 5 5  -0.0534823278
3 0 0 7  0.0551305137
3 0 4 7  -0.0283564123
3 1 1 7  0.0551305137
3 1 5 7  -0.0283564123
3 2 2 7  -0.0075192539
3 2 6 7  0.0318562751
3 3 3 7  -0.0075192539
3 3 7 7  0.0318562751
3 4 0 7  -0.0283564123
3 4 4 7  -0.0072836707
3 5 1 7  -0.0283564123
3 5 5 7  -0.0072836707
3 6 2 7  0.0318562751
3 6 6 7  0.0619102170
3 7 3 7  0.0318562751
3 7 7 7  0.0619102170
4 0 0 0  -0.0656367345
4 0 4 0  0.0383047397
4 1 1 0  -0.0656367345
4 1 5 0  0.0383047397
4 2 2 0  0.0099968693
4 2 6 0  -0.0283564123
4 3 3 0  0.0099968693
4 3 7 0  -0.0283564123
4 4 0 0  0.0383047397
4 4 4 0  0.0004563095
4 5 1 0  0.0383047397
4 5 5 0  0.0004563095
4 6 2 0  -0.0283564123
4 6 6 0  -0.0696367445
4 7 3 0  -0.0283564123
4 7 7 0  -0.0696367445
4 0 2 2  0.0524952285
4 0 6 2  0.0090756832
4 1 3 2  0.0524952285
4 1 7 2  0.0090756832
4 2 0 2  0.0524952285
4 2 4 2  0.1149488519
4 3 1 2  0.0524952285
4 3 5 2  0.1149488519
4 4 2 2  0.1149488519
4 4 6 2  -0.0534823278
4 5 3 2  0.1149488519
4 5 7 2  -0.0534823278
4 6 0 2  0.0090756832
4 6 4 2  -0.0534823278
4 7 1 2  0.0090756832
4 7 5 2  -0.0534823278
4 0 0 4  0.2322372968
4 0 4 4  0.0004563095
4 1 1 4  0.2322372968
4 1 5 4  0.0004563095
4 2 2 4  0.2486744838
4 2 6 4  -0.0072836707
4 3 3 4  0.2486744838
4 3 7 4  -0.0072836707
4 4 0 4  0.0004563095
4 4 4 4  0.2564855589
4 5 1 4  0.0004563095
4 5 5 4  0.2564855589
4 6 2 4  -0.0072836707
4 6 6 4  0.2530026423
4 7 3 4  -0.0072836707
4 7 7 4  0.2530026423
4 0 2 6  -0.0314708220
4 0 6 6  -0.0282507066
4 1 3 6  -0.0314708220
4 1 7 6  -0.0282507066
4 2 0 6  -0.0314708220
4 2 4 6  -0.0534823278
4 3 1 6  -0.0314708220
4 3 5 6  -0.0534823278
4 4 2 6  -0.0534823278
4 4 6 6  0.0383459195
4 5 3 6  -0.0534823278
4 5 7 6  0.0383459195
4 6 0 6  -0.0282507066
4 6 4 6  0.0383459195
4 7 1 6  -0.0282507066
4 7 5 6  0.0383459195
5 0 0 1  -0.0656367345
5 0 4 1  0.0383047397
5 1 1 1  -0.0656367345
5 1 5 1  0.0383047397
5 2 2 1  0.0099968693
5 2 6 1  -0.0283564123
5 3 3 1  0.0099968693
5 3 7 1  -0.0283564123
5 4 0 1  0.0383047397
5 4 4 1  0.0004563095
5 5 1 1  0.0383047397
5 5 5 1  0.0004563095
5 6 2 1  -0.0283564123
5 6 6 1  -0.0696367445
5 7 3 1  -0.0283564123
5 7 7 1  -0.0696367445
5 0 2 3  0.0524952285
5 0 6 3  0.0090756832
5 1 3 3  0.0524952285
5 1 7 3  0.0090756832
5 2 0 3  0.0524952285
5 2 4 3  0.1149488519
5 3 1 3  0.0524952285
5 3 5 3  0.1149488519
5 4 2 3  0.1149488519
5 4 6 3  -0.0534823278
5 5 3 3  0.1149488519
5 5 7 3  -0.0534823278
5 6 0 3  0.0090756832
5 6 4 3  -0.0534823278
5 7 1 3  0.0090756832
5 7 5 3  -0.0534823278
5 0 0 5  0.2322372968
5 0 4 5  0.0004563095
5 1 1 5  0.2322372968
5 1 5 5  0.0004563095
5 2 2 5  0.2486744838
5 2 6 5  -0.0072836707
5 3 3 5  0.2486744838
5 3 7 5  -0.0072836707
5 4 0 5  0.0004563095
5 4 4 5  0.2564855589
5 5 1 5  0.0004563095
5 5 5 5  0.2564855589
5 6 2 5  -0.0072836707
5 6 6 5  0.2530026423
5 7 3 5  -0.0072836707
5 7 7 5  0.2530026423
5 0 2 7  -0.0314708220
5 0 6 7  -0.0282507066
5 1 3 7  -0.0314708220
5 1 7 7  -0.0282507066
5 2 0 7  -0.0314708220
5 2 4 7  -0.0534823278
5 3 1 7  -0.0314708220
5 3 5 7  -0.0534823278
5 4 2 7  -0.0534823278
5 4 6 7  0.0383459195
5 5 3 7  -0.0534823278
5 5 7 7  0.0383459195
5 6 0 7  -0.0282507066
5 6 4 7  0.0383459195
5 7 1 7  -0.0282507066
5 7 5 7  0.0383459195
6 0 2 0  0.0292424908
6 0 6 0  0.0641640962
6 1 3 0  0.0292424908
6 1 7 0  0.0641640962
6 2 0 0  0.0292424908
6 2 4 0  0.0090756832
6 3 1 0  0.0292424908
6 3 5 0  0.0090756832
6 4 2 0  0.0090756832
6 4 6 0  -0.0282507066
6 5 3 0  0.0090756832
6 5 7 0  -0.0282507066
6 6 0 0  0.0641640962
6 6 4 0  -0.0282507066
6 7 1 0  0.0641640962
6 7 5 0  -0.0282507066
6 0 0 2  0.0551305137
6 0 4 2  -0.0283564123
6 1 1 2  0.0551305137
6 1 5 2  -0.0283564123
6 2 2 2  -0.0075192539
6 2 6 2  0.0318562751
6 3 3 2  -0.0075192539
6 3 7 2  0.0318562751
6 4 0 2  -0.0283564123
6 4 4 2  -0.0072836707
6 5 1 2  -0.0283564123
6 5 5 2  -0.0072836707
6 6 2 2  0.0318562751
6 6 6 2  0.0619102170
6 7 3 2  0.0318562751
6 7 7 2  0.0619102170
6 0 2 4  -0.0314708220
6 0 6 4  -0.0282507066
6 1 3 4  -0.0314708220
6 1 7 4  -0.0282507066
6 2 0 4  -0.0314708220
6 2 4 4  -0.0534823278
6 3 1 4  -0.0314708220
6 3 5 4  -0.0534823278
6 4 2 4  -0.0534823278
6 4 6 4  0.0383459195
6 5 3 4  -0.0534823278
6 5 7 4  0.0383459195
6 6 0 4  -0.0282507066
6 6 4 4  0.0383459195
6 7 1 4  -0.0282507066
6 7 5 4  0.0383459195
6 0 0 6  0.3652547734
6 0 4 6  -0.0696367445
6 1 1 6  0.3652547734
6 1 5 6  -0.0696367445
6 2 2 6  0.2367947653
6 2 6 6  0.0619102170
6 3 3 6  0.2367947653
6 3 7 6  0.0619102170
6 4 0 6  -0.0696367445
6 4 4 6  0.2530026423
6 5 1 6  -0.0696367445
6 5 5 6  0.2530026423
6 6 2 6  0.0619102170
6 6 6 6  0.4181095701
6 7 3 6  0.0619102170
6 7 7 6  0.4181095701
7 0 2 1  0.0292424908
7 0 6 1  0.0641640962
7 1 3 1  0.0292424908
7 1 7 1  0.0641640962
7 2 0 1  0.0292424908
7 2 4 1  0.0090756832
7 3 1 1  0.0292424908
7 3 5 1  0.0090756832
7 4 2 1  0.0090756832
7 4 6 1  -0.0282507066
7 5 3 1  0.0090756832
7 5 7 1  -0.0282507066
7 6 0 1  0.0641640962
7 6 4 1  -0.0282507066
7 7 1 1  0.0641640962
7 7 5 1  -0.0282507066
7 0 0 3  0.0551305137
7 0 4 3  -0.0283564123
7 1 1 3  0.0551305137
7 1 5 3  -0.0283564123
7 2 2 3  -0.0075192539
7 2 6 3  0.0318562751
7 3 3 3  -0.0075192539
7 3 7 3  0.0318562751
7 4 0 3  -0.0283564123
7 4 4 3  -0.0072836707
7 5 1 3  -0.0283564123
7 5 5 3  -0.0072836707
7 6 2 3  0.0318562751
7 6 6 3  0.0619102170
7 7 3 3  0.0318562751
7 7 7 3  0.0619102170
7 0 2 5  -0.0314708220
7 0 6 5  -0.0282507066
7 1 3 5  -0.0314708220
7 1 7 5  -0.0282507066
7 2 0 5  -0.0314708220
7 2 4 5  -0.0534823278
7 3 1 5  -0.0314708220
7 3 5 5  -0.0534823278
7 4 2 5  -0.0534823278
7 4 6 5  0.0383459195
7 5 3 5  -0.0534823278
7 5 7 5  0.0383459195
7 6 0 5  -0.0282507066
7 6 4 5  0.0383459195
7 7 1 5  -0.0282507066
7 7 5 5  0.0383459195
7 0 0 7  0.3652547734
7 0 4 7  -0.0696367445
7 1 1 7  0.3652547734
7 1 5 7  -0.0696367445
7 2 2 7  0.2367947653
7 2 6 7  0.0619102170
7 3 3 7  0.2367947653
7 3 7 7  0.0619102170
7 4 0 7  -0.0696367445
7 4 4 7  0.2530026423
7 5 1 7  -0.0696367445
7 5 5 7  0.2530026423
7 6 2 7  0.0619102170
7 6 6 7  0.4181095701
7 7 3 7  0.0619102170
7 7 7 7  0.4181095701

 E(FCI) = -1.5391605084

 E(HF)  = -1.4250420113
