 MO Integrals

3.1726190476
0 0  -2.2833434620
0 2  0.0966199732
0 4  0.0966199732
1 1  -2.2833434620
1 3  0.0966199732
1 5  0.0966199732
2 0  0.0966199732
2 2  -1.4399419481
2 4  0.0918056000
2 6  -0.1310309554
3 1  0.0966199732
3 3  -1.4399419481
3 5  0.0918056000
3 7  -0.1310309554
4 0  0.0966199732
4 2  0.0918056000
4 4  -1.4399419481
4 6  0.1310309554
5 1  0.0966199732
5 3  0.0918056000
5 5  -1.4399419481
5 7  0.1310309554
6 2  -0.1310309554
6 4  0.1310309554
6 6  -0.4765020507
7 3  -0.1310309554
7 5  0.1310309554
7 7  -0.4765020507
0 0 0 0  0.3428132190
0 0 2 0  -0.0436446732
0 0 4 0  -0.0436446732
0 1 1 0  0.3428132190
0 1 3 0  -0.0436446732
0 1 5 0  -0.0436446732
0 2 0 0  -0.0436446732
0 2 2 0  0.2160128560
0 2 4 0  0.0054563684
0 2 6 0  0.0376518777
0 3 1 0  -0.0436446732
0 3 3 0  0.2160128560
0 3 5 0  0.0054563684
0 3 7 0  0.0376518777
0 4 0 0  -0.0436446732
0 4 2 0  0.0054563684
0 4 4 0  0.2160128560
0 4 6 0  -0.0376518777
0 5 1 0  -0.0436446732
0 5 3 0  0.0054563684
0 5 5 0  0.2160128560
0 5 7 0  -0.0376518777
0 6 2 0  0.0376518777
0 6 4 0  -0.0376518777
0 6 6 0  0.3586415349
0 7 3 0  0.0376518777
0 7 5 0  -0.0376518777
0 7 7 0  0.3586415349
0 0 0 2  -0.0436446732
0 0 2 2  0.0325483453
0 0 4 2  0.0006325352
0 0 6 2  0.0212294886
0 1 1 2  -0.0436446732
0 1 3 2  0.0325483453
0 1 5 2  0.0006325352
0 1 7 2  0.0212294886
0 2 0 2  0.0325483453
0 2 2 2  0.0408294566
0 2 4 2  -0.0024594751
0 2 6 2  -0.0268708838
0 3 1 2  0.0325483453
0 3 3 2  0.0408294566
0 3 5 2  -0.0024594751
0 3 7 2  -0.0268708838
0 4 0 2  0.0006325352
0 4 2 2  -0.0024594751
0 4 4 2  -0.0305202448
0 4 6 2  -0.0017685669
0 5 1 2  0.0006325352
0 5 3 2  -0.0024594751
0 5 5 2  -0.0305202448
0 5 7 2  -0.0017685669
0 6 0 2  0.0212294886
0 6 2 2  -0.0268708838
0 6 4 2  -0.0017685669
0 6 6 2  -0.0442823233
0 7 1 2  0.0212294886
0 7 3 2  -0.0268708838
0 7 5 2  -0.0017685669
0 7 7 2  -0.0442823233
0 0 0 4  -0.0436446732
0 0 2 4  0.0006325352
0 0 4 4  0.0325483453
0 0 6 4  -0.0212294886
0 1 1 4  -0.0436446732
0 1 3 4  0.0006325352
0 1 5 4  0.0325483453
0 1 7 4  -0.0212294886
0 2 0 4  0.0006325352
0 2 2 4  -0.0305202448
0 2 4 4  -0.0024594751
0 2 6 4  0.0017685669
0 3 1 4  0.0006325352
0 3 3 4  -0.0305202448
0 3 5 4  -0.0024594751
0 3 7 4  0.0017685669
0 4 0 4  0.0325483453
0 4 2 4  -0.0024594751
0 4 4 4  0.0408294566
0 4 6 4  0.0268708838
0 5 1 4  0.0325483453
0 5 3 4  -0.0024594751
0 5 5 4  0.0408294566
0 5 7 4  0.0268708838
0 6 0 4  -0.0212294886
0 6 2 4  0.0017685669
0 6 4 4  0.0268708838
0 6 6 4  -0.0442823233
0 7 1 4  -0.0212294886
0 7 3 4  0.0017685669
0 7 5 4  0.0268708838
0 7 7 4  -0.0442823233
0 0 2 6  0.0212294886
0 0 4 6  -0.0212294886
0 0 6 6  0.0678950537
0 1 3 6  0.0212294886
0 1 5 6  -0.0212294886
0 1 7 6  0.0678950537
0 2 0 6  0.0212294886
0 2 2 6  0.0124399712
0 2 6 6  -0.0198391185
0 3 1 6  0.0212294886
0 3 3 6  0.0124399712
0 3 7 6  -0.0198391185
0 4 0 6  -0.0212294886
0 4 4 6  -0.0124399712
0 4 6 6  -0.0198391185
0 5 1 6  -0.0212294886
0 5 5 6  -0.0124399712
0 5 7 6  -0.0198391185
0 6 0 6  0.0678950537
0 6 2 6  -0.0198391185
0 6 4 6  -0.0198391185
0 7 1 6  0.0678950537
0 7 3 6  -0.0198391185
0 7 5 6  -0.0198391185
1 0 0 1  0.3428132190
1 0 2 1  -0.0436446732
1 0 4 1  -0.0436446732
1 1 1 1  0.3428132190
1 1 3 1  -0.0436446732
1 1 5 1  -0.0436446732
1 2 0 1  -0.0436446732
1 2 2 1  0.2160128560
1 2 4 1  0.0054563684
1 2 6 1  0.0376518777
1 3 1 1  -0.0436446732
1 3 3 1  0.2160128560
1 3 5 1  0.0054563684
1 3 7 1  0.0376518777
1 4 0 1  -0.0436446732
1 4 2 1  0.0054563684
1 4 4 1  0.2160128560
1 4 6 1  -0.0376518777
1 5 1 1  -0.0436446732
1 5 3 1  0.0054563684
1 5 5 1  0.2160128560
1 5 7 1  -0.0376518777
1 6 2 1  0.0376518777
1 6 4 1  -0.0376518777
1 6 6 1  0.3586415349
1 7 3 1  0.0376518777
1 7 5 1  -0.0376518777
1 7 7 1  0.3586415349
1 0 0 3  -0.0436446732
1 0 2 3  0.0325483453
1 0 4 3  0.0006325352
1 0 6 3  0.0212294886
1 1 1 3  -0.0436446732
1 1 3 3  0.0325483453
1 1 5 3  0.0006325352
1 1 7 3  0.0212294886
1 2 0 3  0.0325483453
1 2 2 3  0.0408294566
1 2 4 3  -0.0024594751
1 2 6 3  -0.0268708838
1 3 1 3  0.0325483453
1 3 3 3  0.0408294566
1 3 5 3  -0.0024594751
1 3 7 3  -0.0268708838
1 4 0 3  0.0006325352
1 4 2 3  -0.0024594751
1 4 4 3  -0.0305202448
1 4 6 3  -0.0017685669
1 5 1 3  0.0006325352
1 5 3 3  -0.0024594751
1 5 5 3  -0.0305202448
1 5 7 3  -0.0017685669
1 6 0 3  0.0212294886
1 6 2 3  -0.0268708838
1 6 4 3  -0.0017685669
1 6 6 3  -0.0442823233
1 7 1 3  0.0212294886
1 7 3 3  -0.0268708838
1 7 5 3  -0.0017685669
1 7 7 3  -0.0442823233
1 0 0 5  -0.0436446732
1 0 2 5  0.0006325352
1 0 4 5  0.0325483453
1 0 6 5  -0.0212294886
1 1 1 5  -0.0436446732
1 1 3 5  0.0006325352
1 1 5 5  0.0325483453
1 1 7 5  -0.0212294886
1 2 0 5  0.0006325352
1 2 2 5  -0.0305202448
1 2 4 5  -0.0024594751
1 2 6 5  0.0017685669
1 3 1 5  0.0006325352
1 3 3 5  -0.0305202448
1 3 5 5  -0.0024594751
1 3 7 5  0.0017685669
1 4 0 5  0.0325483453
1 4 2 5  -0.0024594751
1 4 4 5  0.0408294566
1 4 6 5  0.0268708838
1 5 1 5  0.0325483453
1 5 3 5  -0.0024594751
1 5 5 5  0.0408294566
1 5 7 5  0.0268708838
1 6 0 5  -0.0212294886
1 6 2 5  0.0017685669
1 6 4 5  0.0268708838
1 6 6 5  -0.0442823233
1 7 1 5  -0.0212294886
1 7 3 5  0.0017685669
1 7 5 5  0.0268708838
1 7 7 5  -0.0442823233
1 0 2 7  0.0212294886
1 0 4 7  -0.0212294886
1 0 6 7  0.0678950537
1 1 3 7  0.0212294886
1 1 5 7  -0.0212294886
1 1 7 7  0.0678950537
1 2 0 7  0.0212294886
1 2 2 7  0.0124399712
1 2 6 7  -0.0198391185
1 3 1 7  0.0212294886
1 3 3 7  0.0124399712
1 3 7 7  -0.0198391185
1 4 0 7  -0.0212294886
1 4 4 7  -0.0124399712
1 4 6 7  -0.0198391185
1 5 1 7  -0.0212294886
1 5 5 7  -0.0124399712
1 5 7 7  -0.0198391185
1 6 0 7  0.0678950537
1 6 2 7  -0.0198391185
1 6 4 7  -0.0198391185
1 7 1 7  0.0678950537
1 7 3 7  -0.0198391185
1 7 5 7  -0.0198391185
2 0 0 0  -0.0436446732
2 0 2 0  0.0325483453
2 0 4 0  0.0006325352
2 0 6 0  0.0212294886
2 1 1 0  -0.0436446732
2 1 3 0  0.0325483453
2 1 5 0  0.0006325352
2 1 7 0  0.0212294886
2 2 0 0  0.0325483453
2 2 2 0  0.0408294566
2 2 4 0  -0.0024594751
2 2 6 0  -0.0268708838
2 3 1 0  0.0325483453
2 3 3 0  0.0408294566
2 3 5 0  -0.0024594751
2 3 7 0  -0.0268708838
2 4 0 0  0.0006325352
2 4 2 0  -0.0024594751
2 4 4 0  -0.0305202448
2 4 6 0  -0.0017685669
2 5 1 0  0.0006325352
2 5 3 0  -0.0024594751
2 5 5 0  -0.0305202448
2 5 7 0  -0.0017685669
2 6 0 0  0.0212294886
2 6 2 0  -0.0268708838
2 6 4 0  -0.0017685669
2 6 6 0  -0.0442823233
2 7 1 0  0.0212294886
2 7 3 0  -0.0268708838
2 7 5 0  -0.0017685669
2 7 7 0  -0.0442823233
2 0 0 2  0.2160128560
2 0 2 2  0.0408294566
2 0 4 2  -0.0305202448
2 0 6 2  0.0124399712
2 1 1 2  0.2160128560
2 1 3 2  0.0408294566
2 1 5 2  -0.0305202448
2 1 7 2  0.0124399712
2 2 0 2  0.0408294566
2 2 2 2  0.3671562093
2 2 4 2  0.0019592610
2 2 6 2  -0.0450956854
2 3 1 2  0.0408294566
2 3 3 2  0.3671562093
2 3 5 2  0.0019592610
2 3 7 2  -0.0450956854
2 4 0 2  -0.0305202448
2 4 2 2  0.0019592610
2 4 4 2  0.1274439647
2 4 6 2  -0.0309985944
2 5 1 2  -0.0305202448
2 5 3 2  0.0019592610
2 5 5 2  0.1274439647
2 5 7 2  -0.0309985944
2 6 0 2  0.0124399712
2 6 2 2  -0.0450956854
2 6 4 2  -0.0309985944
2 6 6 2  0.2348992775
2 7 1 2  0.0124399712
2 7 3 2  -0.0450956854
2 7 5 2  -0.0309985944
2 7 7 2  0.2348992775
2 0 0 4  0.0054563684
2 0 2 4  -0.0024594751
2 0 4 4  -0.0024594751
2 1 1 4  0.0054563684
2 1 3 4  -0.0024594751
2 1 5 4  -0.0024594751
2 2 0 4  -0.0024594751
2 2 2 4  0.0019592610
2 2 4 4  0.0013959978
2 2 6 4  -0.0004385440
2 3 1 4  -0.0024594751
2 3 3 4  0.0019592610
2 3 5 4  0.0013959978
2 3 7 4  -0.0004385440
2 4 0 4  -0.0024594751
2 4 2 4  0.0013959978
2 4 4 4  0.0019592610
2 4 6 4  0.0004385440
2 5 1 4  -0.0024594751
2 5 3 4  0.0013959978
2 5 5 4  0.0019592610
2 5 7 4  0.0004385440
2 6 2 4  -0.0004385440
2 6 4 4  0.0004385440
2 6 6 4  0.0057393731
2 7 3 4  -0.0004385440
2 7 5 4  0.0004385440
2 7 7 4  0.0057393731
2 0 0 6  0.0376518777
2 0 2 6  -0.0268708838
2 0 4 6  0.0017685669
2 0 6 6  -0.0198391185
2 1 1 6  0.0376518777
2 1 3 6  -0.0268708838
2 1 5 6  0.0017685669
2 1 7 6  -0.0198391185
2 2 0 6  -0.0268708838
2 2 2 6  -0.0450956854
2 2 4 6  -0.0004385440
2 2 6 6  0.0328858371
2 3 1 6  -0.0268708838
2 3 3 6  -0.0450956854
2 3 5 6  -0.0004385440
2 3 7 6  0.0328858371
2 4 0 6  0.0017685669
2 4 2 6  -0.0004385440
2 4 4 6  0.0309985944
2 4 6 6  0.0029385888
2 5 1 6  0.0017685669
2 5 3 6  -0.0004385440
2 5 5 6  0.0309985944
2 5 7 6  0.0029385888
2 6 0 6  -0.0198391185
2 6 2 6  0.0328858371
2 6 4 6  0.0029385888
2 6 6 6  0.0407465786
2 7 1 6  -0.0198391185
2 7 3 6  0.0328858371
2 7 5 6  0.0029385888
2 7 7 6  0.0407465786
3 0 0 1  -0.0436446732
3 0 2 1  0.0325483453
3 0 4 1  0.0006325352
3 0 6 1  0.0212294886
3 1 1 1  -0.0436446732
3 1 3 1  0.0325483453
3 1 5 1  0.0006325352
3 1 7 1  0.0212294886
3 2 0 1  0.0325483453
3 2 2 1  0.0408294566
3 2 4 1  -0.0024594751
3 2 6 1  -0.0268708838
3 3 1 1  0.0325483453
3 3 3 1  0.0408294566
3 3 5 1  -0.0024594751
3 3 7 1  -0.0268708838
3 4 0 1  0.0006325352
3 4 2 1  -0.0024594751
3 4 4 1  -0.0305202448
3 4 6 1  -0.0017685669
3 5 1 1  0.0006325352
3 5 3 1  -0.0024594751
3 5 5 1  -0.0305202448
3 5 7 1  -0.0017685669
3 6 0 1  0.0212294886
3 6 2 1  -0.0268708838
3 6 4 1  -0.0017685669
3 6 6 1  -0.0442823233
3 7 1 1  0.0212294886
3 7 3 1  -0.0268708838
3 7 5 1  -0.0017685669
3 7 7 1  -0.0442823233
3 0 0 3  0.2160128560
3 0 2 3  0.0408294566
3 0 4 3  -0.0305202448
3 0 6 3  0.0124399712
3 1 1 3  0.2160128560
3 1 3 3  0.0408294566
3 1 5 3  -0.0305202448
3 1 7 3  0.0124399712
3 2 0 3  0.0408294566
3 2 2 3  0.3671562093
3 2 4 3  0.0019592610
3 2 6 3  -0.0450956854
3 3 1 3  0.0408294566
3 3 3 3  0.3671562093
3 3 5 3  0.0019592610
3 3 7 3  -0.0450956854
3 4 0 3  -0.0305202448
3 4 2 3  0.0019592610
3 4 4 3  0.1274439647
3 4 6 3  -0.0309985944
3 5 1 3  -0.0305202448
3 5 3 3  0.0019592610
3 5 5 3  0.1274439647
3 5 7 3  -0.0309985944
3 6 0 3  0.0124399712
3 6 2 3  -0.0450956854
3 6 4 3  -0.0309985944
3 6 6 3  0.2348992775
3 7 1 3  0.0124399712
3 7 3 3  -0.0450956854
3 7 5 3  -0.0309985944
3 7 7 3  0.2348992775
3 0 0 5  0.0054563684
3 0 2 5  -0.0024594751
3 0 4 5  -0.0024594751
3 1 1 5  0.0054563684
3 1 3 5  -0.0024594751
3 1 5 5  -0.0024594751
3 2 0 5  -0.0024594751
3 2 2 5  0.0019592610
3 2 4 5  0.0013959978
3 2 6 5  -0.0004385440
3 3 1 5  -0.0024594751
3 3 3 5  0.0019592610
3 3 5 5  0.0013959978
3 3 7 5  -0.0004385440
3 4 0 5  -0.0024594751
3 4 2 5  0.0013959978
3 4 4 5  0.0019592610
3 4 6 5  0.0004385440
3 5 1 5  -0.0024594751
3 5 3 5  0.0013959978
3 5 5 5  0.0019592610
3 5 7 5  0.0004385440
3 6 2 5  -0.0004385440
3 6 4 5  0.0004385440
3 6 6 5  0.0057393731
3 7 3 5  -0.0004385440
3 7 5 5  0.0004385440
3 7 7 5  0.0057393731
3 0 0 7  0.0376518777
3 0 2 7  -0.0268708838
3 0 4 7  0.0017685669
3 0 6 7  -0.0198391185
3 1 1 7  0.0376518777
3 1 3 7  -0.0268708838
3 1 5 7  0.0017685669
3 1 7 7  -0.0198391185
3 2 0 7  -0.0268708838
3 2 2 7  -0.0450956854
3 2 4 7  -0.0004385440
3 2 6 7  0.0328858371
3 3 1 7  -0.0268708838
3 3 3 7  -0.0450956854
3 3 5 7  -0.0004385440
3 3 7 7  0.0328858371
3 4 0 7  0.0017685669
3 4 2 7  -0.0004385440
3 4 4 7  0.0309985944
3 4 6 7  0.0029385888
3 5 1 7  0.0017685669
3 5 3 7  -0.0004385440
3 5 5 7  0.0309985944
3 5 7 7  0.0029385888
3 6 0 7  -0.0198391185
3 6 2 7  0.0328858371
3 6 4 7  0.0029385888
3 6 6 7  0.0407465786
3 7 1 7  -0.0198391185
3 7 3 7  0.0328858371
3 7 5 7  0.0029385888
3 7 7 7  0.0407465786
4 0 0 0  -0.0436446732
4 0 2 0  0.0006325352
4 0 4 0  0.0325483453
4 0 6 0  -0.0212294886
4 1 1 0  -0.0436446732
4 1 3 0  0.0006325352
4 1 5 0  0.0325483453
4 1 7 0  -0.0212294886
4 2 0 0  0.0006325352
4 2 2 0  -0.0305202448
4 2 4 0  -0.0024594751
4 2 6 0  0.0017685669
4 3 1 0  0.0006325352
4 3 3 0  -0.0305202448
4 3 5 0  -0.0024594751
4 3 7 0  0.0017685669
4 4 0 0  0.0325483453
4 4 2 0  -0.0024594751
4 4 4 0  0.0408294566
4 4 6 0  0.0268708838
4 5 1 0  0.0325483453
4 5 3 0  -0.0024594751
4 5 5 0  0.0408294566
4 5 7 0  0.0268708838
4 6 0 0  -0.0212294886
4 6 2 0  0.0017685669
4 6 4 0  0.0268708838
4 6 6 0  -0.0442823233
4 7 1 0  -0.0212294886
4 7 3 0  0.0017685669
4 7 5 0  0.0268708838
4 7 7 0  -0.0442823233
4 0 0 2  0.0054563684
4 0 2 2  -0.0024594751
4 0 4 2  -0.0024594751
4 1 1 2  0.0054563684
4 1 3 2  -0.0024594751
4 1 5 2  -0.0024594751
4 2 0 2  -0.0024594751
4 2 2 2  0.0019592610
4 2 4 2  0.0013959978
4 2 6 2  -0.0004385440
4 3 1 2  -0.0024594751
4 3 3 2  0.0019592610
4 3 5 2  0.0013959978
4 3 7 2  -0.0004385440
4 4 0 2  -0.0024594751
4 4 2 2  0.0013959978
4 4 4 2  0.0019592610
4 4 6 2  0.0004385440
4 5 1 2  -0.0024594751
4 5 3 2  0.0013959978
4 5 5 2  0.0019592610
4 5 7 2  0.0004385440
4 6 2 2  -0.0004385440
4 6 4 2  0.0004385440
4 6 6 2  0.0057393731
4 7 3 2  -0.0004385440
4 7 5 2  0.0004385440
4 7 7 2  0.0057393731
4 0 0 4  0.2160128560
4 0 2 4  -0.0305202448
4 0 4 4  0.0408294566
4 0 6 4  -0.0124399712
4 1 1 4  0.2160128560
4 1 3 4  -0.0305202448
4 1 5 4  0.0408294566
4 1 7 4  -0.0124399712
4 2 0 4  -0.0305202448
4 2 2 4  0.1274439647
4 2 4 4  0.0019592610
4 2 6 4  0.0309985944
4 3 1 4  -0.0305202448
4 3 3 4  0.1274439647
4 3 5 4  0.0019592610
4 3 7 4  0.0309985944
4 4 0 4  0.0408294566
4 4 2 4  0.0019592610
4 4 4 4  0.3671562093
4 4 6 4  0.0450956854
4 5 1 4  0.0408294566
4 5 3 4  0.0019592610
4 5 5 4  0.3671562093
4 5 7 4  0.0450956854
4 6 0 4  -0.0124399712
4 6 2 4  0.0309985944
4 6 4 4  0.0450956854
4 6 6 4  0.2348992775
4 7 1 4  -0.0124399712
4 7 3 4  0.0309985944
4 7 5 4  0.0450956854
4 7 7 4  0.2348992775
4 0 0 6  -0.0376518777
4 0 2 6  -0.0017685669
4 0 4 6  0.0268708838
4 0 6 6  -0.0198391185
4 1 1 6  -0.0376518777
4 1 3 6  -0.0017685669
4 1 5 6  0.0268708838
4 1 7 6  -0.0198391185
4 2 0 6  -0.0017685669
4 2 2 6  -0.0309985944
4 2 4 6  0.0004385440
4 2 6 6  0.0029385888
4 3 1 6  -0.0017685669
4 3 3 6  -0.0309985944
4 3 5 6  0.0004385440
4 3 7 6  0.0029385888
4 4 0 6  0.0268708838
4 4 2 6  0.0004385440
4 4 4 6  0.0450956854
4 4 6 6  0.0328858371
4 5 1 6  0.0268708838
4 5 3 6  0.0004385440
4 5 5 6  0.0450956854
4 5 7 6  0.0328858371
4 6 0 6  -0.0198391185
4 6 2 6  0.0029385888
4 6 4 6  0.0328858371
4 6 6 6  -0.0407465786
4 7 1 6  -0.0198391185
4 7 3 6  0.0029385888
4 7 5 6  0.0328858371
4 7 7 6  -0.0407465786
5 0 0 1  -0.0436446732
5 0 2 1  0.0006325352
5 0 4 1  0.0325483453
5 0 6 1  -0.0212294886
5 1 1 1  -0.0436446732
5 1 3 1  0.0006325352
5 1 5 1  0.0325483453
5 1 7 1  -0.0212294886
5 2 0 1  0.0006325352
5 2 2 1  -0.0305202448
5 2 4 1  -0.0024594751
5 2 6 1  0.0017685669
5 3 1 1  0.0006325352
5 3 3 1  -0.0305202448
5 3 5 1  -0.0024594751
5 3 7 1  0.0017685669
5 4 0 1  0.0325483453
5 4 2 1  -0.0024594751
5 4 4 1  0.0408294566
5 4 6 1  0.0268708838
5 5 1 1  0.0325483453
5 5 3 1  -0.0024594751
5 5 5 1  0.0408294566
5 5 7 1  0.0268708838
5 6 0 1  -0.0212294886
5 6 2 1  0.0017685669
5 6 4 1  0.0268708838
5 6 6 1  -0.0442823233
5 7 1 1  -0.0212294886
5 7 3 1  0.0017685669
5 7 5 1  0.0268708838
5 7 7 1  -0.0442823233
5 0 0 3  0.0054563684
5 0 2 3  -0.0024594751
5 0 4 3  -0.0024594751
5 1 1 3  0.0054563684
5 1 3 3  -0.0024594751
5 1 5 3  -0.0024594751
5 2 0 3  -0.0024594751
5 2 2 3  0.0019592610
5 2 4 3  0.0013959978
5 2 6 3  -0.0004385440
5 3 1 3  -0.0024594751
5 3 3 3  0.0019592610
5 3 5 3  0.0013959978
5 3 7 3  -0.0004385440
5 4 0 3  -0.0024594751
5 4 2 3  0.0013959978
5 4 4 3  0.0019592610
5 4 6 3  0.0004385440
5 5 1 3  -0.0024594751
5 5 3 3  0.0013959978
5 5 5 3  0.0019592610
5 5 7 3  0.0004385440
5 6 2 3  -0.0004385440
5 6 4 3  0.0004385440
5 6 6 3  0.0057393731
5 7 3 3  -0.0004385440
5 7 5 3  0.0004385440
5 7 7 3  0.0057393731
5 0 0 5  0.2160128560
5 0 2 5  -0.0305202448
5 0 4 5  0.0408294566
5 0 6 5  -0.0124399712
5 1 1 5  0.2160128560
5 1 3 5  -0.0305202448
5 1 5 5  0.0408294566
5 1 7 5  -0.0124399712
5 2 0 5  -0.0305202448
5 2 2 5  0.1274439647
5 2 4 5  0.0019592610
5 2 6 5  0.0309985944
5 3 1 5  -0.0305202448
5 3 3 5  0.1274439647
5 3 5 5  0.0019592610
5 3 7 5  0.0309985944
5 4 0 5  0.0408294566
5 4 2 5  0.0019592610
5 4 4 5  0.3671562093
5 4 6 5  0.0450956854
5 5 1 5  0.0408294566
5 5 3 5  0.0019592610
5 5 5 5  0.3671562093
5 5 7 5  0.0450956854
5 6 0 5  -0.0124399712
5 6 2 5  0.0309985944
5 6 4 5  0.0450956854
5 6 6 5  0.2348992775
5 7 1 5  -0.0124399712
5 7 3 5  0.0309985944
5 7 5 5  0.0450956854
5 7 7 5  0.2348992775
5 0 0 7  -0.0376518777
5 0 2 7  -0.0017685669
5 0 4 7  0.0268708838
5 0 6 7  -0.0198391185
5 1 1 7  -0.0376518777
5 1 3 7  -0.0017685669
5 1 5 7  0.0268708838
5 1 7 7  -0.0198391185
5 2 0 7  -0.0017685669
5 2 2 7  -0.0309985944
5 2 4 7  0.0004385440
5 2 6 7  0.0029385888
5 3 1 7  -0.0017685669
5 3 3 7  -0.0309985944
5 3 5 7  0.0004385440
5 3 7 7  0.0029385888
5 4 0 7  0.0268708838
5 4 2 7  0.0004385440
5 4 4 7  0.0450956854
5 4 6 7  0.0328858371
5 5 1 7  0.0268708838
5 5 3 7  0.0004385440
5 5 5 7  0.0450956854
5 5 7 7  0.0328858371
5 6 0 7  -0.0198391185
5 6 2 7  0.0029385888
5 6 4 7  0.0328858371
5 6 6 7  -0.0407465786
5 7 1 7  -0.0198391185
5 7 3 7  0.0029385888
5 7 5 7  0.0328858371
5 7 7 7  -0.0407465786
6 0 2 0  0.0212294886
6 0 4 0  -0.0212294886
6 0 6 0  0.0678950537
6 1 3 0  0.0212294886
6 1 5 0  -0.0212294886
6 1 7 0  0.0678950537
6 2 0 0  0.0212294886
6 2 2 0  0.0124399712
6 2 6 0  -0.0198391185
6 3 1 0  0.0212294886
6 3 3 0  0.0124399712
6 3 7 0  -0.0198391185
6 4 0 0  -0.0212294886
6 4 4 0  -0.0124399712
6 4 6 0  -0.0198391185
6 5 1 0  -0.0212294886
6 5 5 0  -0.0124399712
6 5 7 0  -0.0198391185
6 6 0 0  0.0678950537
6 6 2 0  -0.0198391185
6 6 4 0  -0.0198391185
6 7 1 0  0.0678950537
6 7 3 0  -0.0198391185
6 7 5 0  -0.0198391185
6 0 0 2  0.0376518777
6 0 2 2  -0.0268708838
6 0 4 2  0.0017685669
6 0 6 2  -0.0198391185
6 1 1 2  0.0376518777
6 1 3 2  -0.0268708838
6 1 5 2  0.0017685669
6 1 7 2  -0.0198391185
6 2 0 2  -0.0268708838
6 2 2 2  -0.0450956854
6 2 4 2  -0.0004385440
6 2 6 2  0.0328858371
6 3 1 2  -0.0268708838
6 3 3 2  -0.0450956854
6 3 5 2  -0.0004385440
6 3 7 2  0.0328858371
6 4 0 2  0.0017685669
6 4 2 2  -0.0004385440
6 4 4 2  0.0309985944
6 4 6 2  0.0029385888
6 5 1 2  0.0017685669
6 5 3 2  -0.0004385440
6 5 5 2  0.0309985944
6 5 7 2  0.0029385888
6 6 0 2  -0.0198391185
6 6 2 2  0.0328858371
6 6 4 2  0.0029385888
6 6 6 2  0.0407465786
6 7 1 2  -0.0198391185
6 7 3 2  0.0328858371
6 7 5 2  0.0029385888
6 7 7 2  0.0407465786
6 0 0 4  -0.0376518777
6 0 2 4  -0.0017685669
6 0 4 4  0.0268708838
6 0 6 4  -0.0198391185
6 1 1 4  -0.0376518777
6 1 3 4  -0.0017685669
6 1 5 4  0.0268708838
6 1 7 4  -0.0198391185
6 2 0 4  -0.0017685669
6 2 2 4  -0.0309985944
6 2 4 4  0.0004385440
6 2 6 4  0.0029385888
6 3 1 4  -0.0017685669
6 3 3 4  -0.0309985944
6 3 5 4  0.0004385440
6 3 7 4  0.0029385888
6 4 0 4  0.0268708838
6 4 2 4  0.0004385440
6 4 4 4  0.0450956854
6 4 6 4  0.0328858371
6 5 1 4  0.0268708838
6 5 3 4  0.0004385440
6 5 5 4  0.0450956854
6 5 7 4  0.0328858371
6 6 0 4  -0.0198391185
6 6 2 4  0.0029385888
6 6 4 4  0.0328858371
6 6 6 4  -0.0407465786
6 7 1 4  -0.0198391185
6 7 3 4  0.0029385888
6 7 5 4  0.0328858371
6 7 7 4  -0.0407465786
6 0 0 6  0.3586415349
6 0 2 6  -0.0442823233
6 0 4 6  -0.0442823233
6 1 1 6  0.3586415349
6 1 3 6  -0.0442823233
6 1 5 6  -0.0442823233
6 2 0 6  -0.0442823233
6 2 2 6  0.2348992775
6 2 4 6  0.0057393731
6 2 6 6  0.0407465786
6 3 1 6  -0.0442823233
6 3 3 6  0.2348992775
6 3 5 6  0.0057393731
6 3 7 6  0.0407465786
6 4 0 6  -0.0442823233
6 4 2 6  0.0057393731
6 4 4 6  0.2348992775
6 4 6 6  -0.0407465786
6 5 1 6  -0.0442823233
6 5 3 6  0.0057393731
6 5 5 6  0.2348992775
6 5 7 6  -0.0407465786
6 6 2 6  0.0407465786
6 6 4 6  -0.0407465786
6 6 6 6  0.4028588414
6 7 3 6  0.0407465786
6 7 5 6  -0.0407465786
6 7 7 6  0.4028588414
7 0 2 1  0.0212294886
7 0 4 1  -0.0212294886
7 0 6 1  0.0678950537
7 1 3 1  0.0212294886
7 1 5 1  -0.0212294886
7 1 7 1  0.0678950537
7 2 0 1  0.0212294886
7 2 2 1  0.0124399712
7 2 6 1  -0.0198391185
7 3 1 1  0.0212294886
7 3 3 1  0.0124399712
7 3 7 1  -0.0198391185
7 4 0 1  -0.0212294886
7 4 4 1  -0.0124399712
7 4 6 1  -0.0198391185
7 5 1 1  -0.0212294886
7 5 5 1  -0.0124399712
7 5 7 1  -0.0198391185
7 6 0 1  0.0678950537
7 6 2 1  -0.0198391185
7 6 4 1  -0.0198391185
7 7 1 1  0.0678950537
7 7 3 1  -0.0198391185
7 7 5 1  -0.0198391185
7 0 0 3  0.0376518777
7 0 2 3  -0.0268708838
7 0 4 3  0.0017685669
7 0 6 3  -0.0198391185
7 1 1 3  0.0376518777
7 1 3 3  -0.0268708838
7 1 5 3  0.0017685669
7 1 7 3  -0.0198391185
7 2 0 3  -0.0268708838
7 2 2 3  -0.0450956854
7 2 4 3  -0.0004385440
7 2 6 3  0.0328858371
7 3 1 3  -0.0268708838
7 3 3 3  -0.0450956854
7 3 5 3  -0.0004385440
7 3 7 3  0.0328858371
7 4 0 3  0.0017685669
7 4 2 3  -0.0004385440
7 4 4 3  0.0309985944
7 4 6 3  0.0029385888
7 5 1 3  0.0017685669
7 5 3 3  -0.0004385440
7 5 5 3  0.0309985944
7 5 7 3  0.0029385888
7 6 0 3  -0.0198391185
7 6 2 3  0.0328858371
7 6 4 3  0.0029385888
7 6 6 3  0.0407465786
7 7 1 3  -0.0198391185
7 7 3 3  0.0328858371
7 7 5 3  0.0029385888
7 7 7 3  0.0407465786
7 0 0 5  -0.0376518777
7 0 2 5  -0.0017685669
7 0 4 5  0.0268708838
7 0 6 5  -0.0198391185
7 1 1 5  -0.0376518777
7 1 3 5  -0.0017685669
7 1 5 5  0.0268708838
7 1 7 5  -0.0198391185
7 2 0 5  -0.0017685669
7 2 2 5  -0.0309985944
7 2 4 5  0.0004385440
7 2 6 5  0.0029385888
7 3 1 5  -0.0017685669
7 3 3 5  -0.0309985944
7 3 5 5  0.0004385440
7 3 7 5  0.0029385888
7 4 0 5  0.0268708838
7 4 2 5  0.0004385440
7 4 4 5  0.0450956854
7 4 6 5  0.0328858371
7 5 1 5  0.0268708838
7 5 3 5  0.0004385440
7 5 5 5  0.0450956854
7 5 7 5  0.0328858371
7 6 0 5  -0.0198391185
7 6 2 5  0.0029385888
7 6 4 5  0.0328858371
7 6 6 5  -0.0407465786
7 7 1 5  -0.0198391185
7 7 3 5  0.0029385888
7 7 5 5  0.0328858371
7 7 7 5  -0.0407465786
7 0 0 7  0.3586415349
7 0 2 7  -0.0442823233
7 0 4 7  -0.0442823233
7 1 1 7  0.3586415349
7 1 3 7  -0.0442823233
7 1 5 7  -0.0442823233
7 2 0 7  -0.0442823233
7 2 2 7  0.2348992775
7 2 4 7  0.0057393731
7 2 6 7  0.0407465786
7 3 1 7  -0.0442823233
7 3 3 7  0.2348992775
7 3 5 7  0.0057393731
7 3 7 7  0.0407465786
7 4 0 7  -0.0442823233
7 4 2 7  0.0057393731
7 4 4 7  0.2348992775
7 4 6 7  -0.0407465786
7 5 1 7  -0.0442823233
7 5 3 7  0.0057393731
7 5 5 7  0.2348992775
7 5 7 7  -0.0407465786
7 6 2 7  0.0407465786
7 6 4 7  -0.0407465786
7 6 6 7  0.4028588414
7 7 3 7  0.0407465786
7 7 5 7  -0.0407465786
7 7 7 7  0.4028588414

 E(FCI) = -1.8415368402

 E(HF)  = -1.2561034494
