0.440981041
0 0  -1.0232224054
1 1  -1.0232224054
2 2  -0.6403341009
3 3  -0.6403341009
0 0 0 0  0.2966207570
0 1 1 0  0.2966207570
0 2 2 0  0.2971049383
0 3 3 0  0.2971049383
0 0 2 2  0.1050444961
0 1 3 2  0.1050444961
0 2 0 2  0.1050444961
0 3 1 2  0.1050444961
1 0 0 1  0.2966207570
1 1 1 1  0.2966207570
1 2 2 1  0.2971049383
1 3 3 1  0.2971049383
1 0 2 3  0.1050444961
1 1 3 3  0.1050444961
1 2 0 3  0.1050444961
1 3 1 3  0.1050444961
2 0 2 0  0.1050444961
2 1 3 0  0.1050444961
2 2 0 0  0.1050444961
2 3 1 0  0.1050444961
2 0 0 2  0.2971049383
2 1 1 2  0.2971049383
2 2 2 2  0.3114958281
2 3 3 2  0.3114958281
3 0 2 1  0.1050444961
3 1 3 1  0.1050444961
3 2 0 1  0.1050444961
3 3 1 1  0.1050444961
3 0 0 3  0.2971049383
3 1 1 3  0.2971049383
3 2 2 3  0.3114958281
3 3 3 3  0.3114958281