0.1824749135
0 0  -0.6644304105
1 1  -0.6644304105
2 2  -0.6420117363
3 3  -0.6420117363
0 0 0 0  0.2367391589
0 1 1 0  0.2367391589
0 2 2 0  0.2393796595
0 3 3 0  0.2393796595
0 0 2 2  0.1482363023
0 1 3 2  0.1482363023
0 2 0 2  0.1482363023
0 3 1 2  0.1482363023
1 0 0 1  0.2367391589
1 1 1 1  0.2367391589
1 2 2 1  0.2393796595
1 3 3 1  0.2393796595
1 0 2 3  0.1482363023
1 1 3 3  0.1482363023
1 2 0 3  0.1482363023
1 3 1 3  0.1482363023
2 0 2 0  0.1482363023
2 1 3 0  0.1482363023
2 2 0 0  0.1482363023
2 3 1 0  0.1482363023
2 0 0 2  0.2393796595
2 1 1 2  0.2393796595
2 2 2 2  0.2422380561
2 3 3 2  0.2422380561
3 0 2 1  0.1482363023
3 1 3 1  0.1482363023
3 2 0 1  0.1482363023
3 3 1 1  0.1482363023
3 0 0 3  0.2393796595
3 1 1 3  0.2393796595
3 2 2 3  0.2422380561
3 3 3 3  0.2422380561
