0.3527848328
0 0  -0.9121618933
1 1  -0.9121618933
2 2  -0.6706298355
3 3  -0.6706298355
0 0 0 0  0.2763012152
0 1 1 0  0.2763012152
0 2 2 0  0.2799685617
0 3 3 0  0.2799685617
0 0 2 2  0.1148753569
0 1 3 2  0.1148753569
0 2 0 2  0.1148753569
0 3 1 2  0.1148753569
1 0 0 1  0.2763012152
1 1 1 1  0.2763012152
1 2 2 1  0.2799685617
1 3 3 1  0.2799685617
1 0 2 3  0.1148753569
1 1 3 3  0.1148753569
1 2 0 3  0.1148753569
1 3 1 3  0.1148753569
2 0 2 0  0.1148753569
2 1 3 0  0.1148753569
2 2 0 0  0.1148753569
2 3 1 0  0.1148753569
2 0 0 2  0.2799685617
2 1 1 2  0.2799685617
2 2 2 2  0.2921499053
2 3 3 2  0.2921499053
3 0 2 1  0.1148753569
3 1 3 1  0.1148753569
3 2 0 1  0.1148753569
3 3 1 1  0.1148753569
3 0 0 3  0.2799685617
3 1 1 3  0.2799685617
3 2 2 3  0.2921499053
3 3 3 3  0.2921499053