0.2035297112
0 0  -0.6929953378
1 1  -0.6929953378
2 2  -0.6544300180
3 3  -0.6544300180
0 0 0 0  0.2409551311
0 1 1 0  0.2409551311
0 2 2 0  0.2446489134
0 3 3 0  0.2446489134
0 0 2 2  0.1431637689
0 1 3 2  0.1431637689
0 2 0 2  0.1431637689
0 3 1 2  0.1431637689
1 0 0 1  0.2409551311
1 1 1 1  0.2409551311
1 2 2 1  0.2446489134
1 3 3 1  0.2446489134
1 0 2 3  0.1431637689
1 1 3 3  0.1431637689
1 2 0 3  0.1431637689
1 3 1 3  0.1431637689
2 0 2 0  0.1431637689
2 1 3 0  0.1431637689
2 2 0 0  0.1431637689
2 3 1 0  0.1431637689
2 0 0 2  0.2446489134
2 1 1 2  0.2446489134
2 2 2 2  0.2488949045
2 3 3 2  0.2488949045
3 0 2 1  0.1431637689
3 1 3 1  0.1431637689
3 2 0 1  0.1431637689
3 3 1 1  0.1431637689
3 0 0 3  0.2446489134
3 1 1 3  0.2446489134
3 2 2 3  0.2488949045
3 3 3 3  0.2488949045
