0.2645886246
0 0  -0.7290043593
0 2  -0.0541740233
1 1  -0.7290043593
1 3  -0.0541740233
2 0  -0.0541740233
2 2  -0.7290043593
3 1  -0.0541740233
3 3  -0.7290043593
0 0 0 0  0.3901665503
0 0 2 0  -0.0033902226
0 1 1 0  0.3901665503
0 1 3 0  -0.0033902226
0 2 0 0  -0.0033902226
0 2 2 0  0.1307706213
0 3 1 0  -0.0033902226
0 3 3 0  0.1307706213
0 0 0 2  -0.0033902226
0 0 2 2  0.0007196811
0 1 1 2  -0.0033902226
0 1 3 2  0.0007196811
0 2 0 2  0.0007196811
0 2 2 2  -0.0033902226
0 3 1 2  0.0007196811
0 3 3 2  -0.0033902226
1 0 0 1  0.3901665503
1 0 2 1  -0.0033902226
1 1 1 1  0.3901665503
1 1 3 1  -0.0033902226
1 2 0 1  -0.0033902226
1 2 2 1  0.1307706213
1 3 1 1  -0.0033902226
1 3 3 1  0.1307706213
1 0 0 3  -0.0033902226
1 0 2 3  0.0007196811
1 1 1 3  -0.0033902226
1 1 3 3  0.0007196811
1 2 0 3  0.0007196811
1 2 2 3  -0.0033902226
1 3 1 3  0.0007196811
1 3 3 3  -0.0033902226
2 0 0 0  -0.0033902226
2 0 2 0  0.0007196811
2 1 1 0  -0.0033902226
2 1 3 0  0.0007196811
2 2 0 0  0.0007196811
2 2 2 0  -0.0033902226
2 3 1 0  0.0007196811
2 3 3 0  -0.0033902226
2 0 0 2  0.1307706213
2 0 2 2  -0.0033902226
2 1 1 2  0.1307706213
2 1 3 2  -0.0033902226
2 2 0 2  -0.0033902226
2 2 2 2  0.3901665503
2 3 1 2  -0.0033902226
2 3 3 2  0.3901665503
3 0 0 1  -0.0033902226
3 0 2 1  0.0007196811
3 1 1 1  -0.0033902226
3 1 3 1  0.0007196811
3 2 0 1  0.0007196811
3 2 2 1  -0.0033902226
3 3 1 1  0.0007196811
3 3 3 1  -0.0033902226
3 0 0 3  0.1307706213
3 0 2 3  -0.0033902226
3 1 1 3  0.1307706213
3 1 3 3  -0.0033902226
3 2 0 3  -0.0033902226
3 2 2 3  0.3901665503
3 3 1 3  -0.0033902226
3 3 3 3  0.3901665503
