0.2939873607
0 0  -0.8274784267
1 1  -0.8274784267
2 2  -0.6772386342
3 3  -0.6772386342
0 0 0 0  0.2615869738
0 1 1 0  0.2615869738
0 2 2 0  0.2667728817
0 3 3 0  0.2667728817
0 0 2 2  0.1241202811
0 1 3 2  0.1241202811
0 2 0 2  0.1241202811
0 3 1 2  0.1241202811
1 0 0 1  0.2615869738
1 1 1 1  0.2615869738
1 2 2 1  0.2667728817
1 3 3 1  0.2667728817
1 0 2 3  0.1241202811
1 1 3 3  0.1241202811
1 2 0 3  0.1241202811
1 3 1 3  0.1241202811
2 0 2 0  0.1241202811
2 1 3 0  0.1241202811
2 2 0 0  0.1241202811
2 3 1 0  0.1241202811
2 0 0 2  0.2667728817
2 1 1 2  0.2667728817
2 2 2 2  0.2765660170
2 3 3 2  0.2765660170
3 0 2 1  0.1241202811
3 1 3 1  0.1241202811
3 2 0 1  0.1241202811
3 3 1 1  0.1241202811
3 0 0 3  0.2667728817
3 1 1 3  0.2667728817
3 2 2 3  0.2765660170
3 3 3 3  0.2765660170
