0.2300770649
0 0  -0.6986917754
0 2  -0.0326301845
1 1  -0.6986917754
1 3  -0.0326301845
2 0  -0.0326301845
2 2  -0.6986917754
3 1  -0.0326301845
3 3  -0.6986917754
0 0 0 0  0.3886303797
0 0 2 0  -0.0026977362
0 1 1 0  0.3886303797
0 1 3 0  -0.0026977362
0 2 0 0  -0.0026977362
0 2 2 0  0.1145604098
0 3 1 0  -0.0026977362
0 3 3 0  0.1145604098
0 0 0 2  -0.0026977362
0 0 2 2  0.0003282053
0 1 1 2  -0.0026977362
0 1 3 2  0.0003282053
0 2 0 2  0.0003282053
0 2 2 2  -0.0026977362
0 3 1 2  0.0003282053
0 3 3 2  -0.0026977362
1 0 0 1  0.3886303797
1 0 2 1  -0.0026977362
1 1 1 1  0.3886303797
1 1 3 1  -0.0026977362
1 2 0 1  -0.0026977362
1 2 2 1  0.1145604098
1 3 1 1  -0.0026977362
1 3 3 1  0.1145604098
1 0 0 3  -0.0026977362
1 0 2 3  0.0003282053
1 1 1 3  -0.0026977362
1 1 3 3  0.0003282053
1 2 0 3  0.0003282053
1 2 2 3  -0.0026977362
1 3 1 3  0.0003282053
1 3 3 3  -0.0026977362
2 0 0 0  -0.0026977362
2 0 2 0  0.0003282053
2 1 1 0  -0.0026977362
2 1 3 0  0.0003282053
2 2 0 0  0.0003282053
2 2 2 0  -0.0026977362
2 3 1 0  0.0003282053
2 3 3 0  -0.0026977362
2 0 0 2  0.1145604098
2 0 2 2  -0.0026977362
2 1 1 2  0.1145604098
2 1 3 2  -0.0026977362
2 2 0 2  -0.0026977362
2 2 2 2  0.3886303797
2 3 1 2  -0.0026977362
2 3 3 2  0.3886303797
3 0 0 1  -0.0026977362
3 0 2 1  0.0003282053
3 1 1 1  -0.0026977362
3 1 3 1  0.0003282053
3 2 0 1  0.0003282053
3 2 2 1  -0.0026977362
3 3 1 1  0.0003282053
3 3 3 1  -0.0026977362
3 0 0 3  0.1145604098
3 0 2 3  -0.0026977362
3 1 1 3  0.1145604098
3 1 3 3  -0.0026977362
3 2 0 3  -0.0026977362
3 2 2 3  0.3886303797
3 3 1 3  -0.0026977362
3 3 3 3  0.3886303797
