0.3112807348
0 0  -0.8530902439
1 1  -0.8530902439
2 2  -0.6767433690
3 3  -0.6767433690
0 0 0 0  0.2659163999
0 1 1 0  0.2659163999
0 2 2 0  0.2707847283
0 3 3 0  0.2707847283
0 0 2 2  0.1211420312
0 1 3 2  0.1211420312
0 2 0 2  0.1211420312
0 3 1 2  0.1211420312
1 0 0 1  0.2659163999
1 1 1 1  0.2659163999
1 2 2 1  0.2707847283
1 3 3 1  0.2707847283
1 0 2 3  0.1211420312
1 1 3 3  0.1211420312
1 2 0 3  0.1211420312
1 3 1 3  0.1211420312
2 0 2 0  0.1211420312
2 1 3 0  0.1211420312
2 2 0 0  0.1211420312
2 3 1 0  0.1211420312
2 0 0 2  0.2707847283
2 1 1 2  0.2707847283
2 2 2 2  0.2813793706
2 3 3 2  0.2813793706
3 0 2 1  0.1211420312
3 1 3 1  0.1211420312
3 2 0 1  0.1211420312
3 3 1 1  0.1211420312
3 0 0 3  0.2707847283
3 1 1 3  0.2707847283
3 2 2 3  0.2813793706
3 3 3 3  0.2813793706
