0.2300770649
0 0  -0.7313219582
1 1  -0.7313219582
2 2  -0.6660615893
3 3  -0.6660615893
0 0 0 0  0.2465281265
0 1 1 0  0.2465281265
0 2 2 0  0.2512671882
0 3 3 0  0.2512671882
0 0 2 2  0.1370349843
0 1 3 2  0.1370349843
0 2 0 2  0.1370349843
0 3 1 2  0.1370349843
1 0 0 1  0.2465281265
1 1 1 1  0.2465281265
1 2 2 1  0.2512671882
1 3 3 1  0.2512671882
1 0 2 3  0.1370349843
1 1 3 3  0.1370349843
1 2 0 3  0.1370349843
1 3 1 3  0.1370349843
2 0 2 0  0.1370349843
2 1 3 0  0.1370349843
2 2 0 0  0.1370349843
2 3 1 0  0.1370349843
2 0 0 2  0.2512671882
2 1 1 2  0.2512671882
2 2 2 2  0.2573190712
2 3 3 2  0.2573190712
3 0 2 1  0.1370349843
3 1 3 1  0.1370349843
3 2 0 1  0.1370349843
3 3 1 1  0.1370349843
3 0 0 3  0.2512671882
3 1 1 3  0.2512671882
3 2 2 3  0.2573190712
3 3 3 3  0.2573190712