0.2035297112
0 0  -0.6737126791
0 2  -0.0192826603
1 1  -0.6737126791
1 3  -0.0192826603
2 0  -0.0192826603
2 2  -0.6737126791
3 1  -0.0192826603
3 3  -0.6737126791
0 0 0 0  0.3879507359
0 0 2 0  -0.0019849432
0 1 1 0  0.3879507359
0 1 3 0  -0.0019849432
0 2 0 0  -0.0019849432
0 2 2 0  0.1016231971
0 3 1 0  -0.0019849432
0 3 3 0  0.1016231971
0 0 0 2  -0.0019849432
0 0 2 2  0.0001380522
0 1 1 2  -0.0019849432
0 1 3 2  0.0001380522
0 2 0 2  0.0001380522
0 2 2 2  -0.0019849432
0 3 1 2  0.0001380522
0 3 3 2  -0.0019849432
1 0 0 1  0.3879507359
1 0 2 1  -0.0019849432
1 1 1 1  0.3879507359
1 1 3 1  -0.0019849432
1 2 0 1  -0.0019849432
1 2 2 1  0.1016231971
1 3 1 1  -0.0019849432
1 3 3 1  0.1016231971
1 0 0 3  -0.0019849432
1 0 2 3  0.0001380522
1 1 1 3  -0.0019849432
1 1 3 3  0.0001380522
1 2 0 3  0.0001380522
1 2 2 3  -0.0019849432
1 3 1 3  0.0001380522
1 3 3 3  -0.0019849432
2 0 0 0  -0.0019849432
2 0 2 0  0.0001380522
2 1 1 0  -0.0019849432
2 1 3 0  0.0001380522
2 2 0 0  0.0001380522
2 2 2 0  -0.0019849432
2 3 1 0  0.0001380522
2 3 3 0  -0.0019849432
2 0 0 2  0.1016231971
2 0 2 2  -0.0019849432
2 1 1 2  0.1016231971
2 1 3 2  -0.0019849432
2 2 0 2  -0.0019849432
2 2 2 2  0.3879507359
2 3 1 2  -0.0019849432
2 3 3 2  0.3879507359
3 0 0 1  -0.0019849432
3 0 2 1  0.0001380522
3 1 1 1  -0.0019849432
3 1 3 1  0.0001380522
3 2 0 1  0.0001380522
3 2 2 1  -0.0019849432
3 3 1 1  0.0001380522
3 3 3 1  -0.0019849432
3 0 0 3  0.1016231971
3 0 2 3  -0.0019849432
3 1 1 3  0.1016231971
3 1 3 3  -0.0019849432
3 2 0 3  -0.0019849432
3 2 2 3  0.3879507359
3 3 1 3  -0.0019849432
3 3 3 3  0.3879507359
