0.3527848328
0 0  -0.7913958690
0 2  -0.1207660302
1 1  -0.7913958690
1 3  -0.1207660302
2 0  -0.1207660302
2 2  -0.7913958690
3 1  -0.1207660302
3 3  -0.7913958690
0 0 0 0  0.3969724223
0 0 2 0  -0.0039621723
0 1 1 0  0.3969724223
0 1 3 0  -0.0039621723
0 2 0 0  -0.0039621723
0 2 2 0  0.1672217060
0 3 1 0  -0.0039621723
0 3 3 0  0.1672217060
0 0 0 2  -0.0039621723
0 0 2 2  0.0021284993
0 1 1 2  -0.0039621723
0 1 3 2  0.0021284993
0 2 0 2  0.0021284993
0 2 2 2  -0.0039621723
0 3 1 2  0.0021284993
0 3 3 2  -0.0039621723
1 0 0 1  0.3969724223
1 0 2 1  -0.0039621723
1 1 1 1  0.3969724223
1 1 3 1  -0.0039621723
1 2 0 1  -0.0039621723
1 2 2 1  0.1672217060
1 3 1 1  -0.0039621723
1 3 3 1  0.1672217060
1 0 0 3  -0.0039621723
1 0 2 3  0.0021284993
1 1 1 3  -0.0039621723
1 1 3 3  0.0021284993
1 2 0 3  0.0021284993
1 2 2 3  -0.0039621723
1 3 1 3  0.0021284993
1 3 3 3  -0.0039621723
2 0 0 0  -0.0039621723
2 0 2 0  0.0021284993
2 1 1 0  -0.0039621723
2 1 3 0  0.0021284993
2 2 0 0  0.0021284993
2 2 2 0  -0.0039621723
2 3 1 0  0.0021284993
2 3 3 0  -0.0039621723
2 0 0 2  0.1672217060
2 0 2 2  -0.0039621723
2 1 1 2  0.1672217060
2 1 3 2  -0.0039621723
2 2 0 2  -0.0039621723
2 2 2 2  0.3969724223
2 3 1 2  -0.0039621723
2 3 3 2  0.3969724223
3 0 0 1  -0.0039621723
3 0 2 1  0.0021284993
3 1 1 1  -0.0039621723
3 1 3 1  0.0021284993
3 2 0 1  0.0021284993
3 2 2 1  -0.0039621723
3 3 1 1  0.0021284993
3 3 3 1  -0.0039621723
3 0 0 3  0.1672217060
3 0 2 3  -0.0039621723
3 1 1 3  0.1672217060
3 1 3 3  -0.0039621723
3 2 0 3  -0.0039621723
3 2 2 3  0.3969724223
3 3 1 3  -0.0039621723
3 3 3 3  0.3969724223