0.1889918747
0 0  -0.6730640050
1 1  -0.6730640050
2 2  -0.6461579064
3 3  -0.6461579064
0 0 0 0  0.2380352558
0 1 1 0  0.2380352558
0 2 2 0  0.2410112449
0 3 3 0  0.2410112449
0 0 2 2  0.1466510390
0 1 3 2  0.1466510390
0 2 0 2  0.1466510390
0 3 1 2  0.1466510390
1 0 0 1  0.2380352558
1 1 1 1  0.2380352558
1 2 2 1  0.2410112449
1 3 3 1  0.2410112449
1 0 2 3  0.1466510390
1 1 3 3  0.1466510390
1 2 0 3  0.1466510390
1 3 1 3  0.1466510390
2 0 2 0  0.1466510390
2 1 3 0  0.1466510390
2 2 0 0  0.1466510390
2 3 1 0  0.1466510390
2 0 0 2  0.2410112449
2 1 1 2  0.2410112449
2 2 2 2  0.2442861373
2 3 3 2  0.2442861373
3 0 2 1  0.1466510390
3 1 3 1  0.1466510390
3 2 0 1  0.1466510390
3 3 1 1  0.1466510390
3 0 0 3  0.2410112449
3 1 1 3  0.2410112449
3 2 2 3  0.2442861373
3 3 3 3  0.2442861373
