0.1763924164
0 0  -0.6472277175
0 2  -0.0093256551
1 1  -0.6472277175
1 3  -0.0093256551
2 0  -0.0093256551
2 2  -0.6472277175
3 1  -0.0093256551
3 3  -0.6472277175
0 0 0 0  0.3876218978
0 0 2 0  -0.0012032540
0 1 1 0  0.3876218978
0 1 3 0  -0.0012032540
0 2 0 0  -0.0012032540
0 2 2 0  0.0881706684
0 3 1 0  -0.0012032540
0 3 3 0  0.0881706684
0 0 0 2  -0.0012032540
0 0 2 2  0.0000394930
0 1 1 2  -0.0012032540
0 1 3 2  0.0000394930
0 2 0 2  0.0000394930
0 2 2 2  -0.0012032540
0 3 1 2  0.0000394930
0 3 3 2  -0.0012032540
1 0 0 1  0.3876218978
1 0 2 1  -0.0012032540
1 1 1 1  0.3876218978
1 1 3 1  -0.0012032540
1 2 0 1  -0.0012032540
1 2 2 1  0.0881706684
1 3 1 1  -0.0012032540
1 3 3 1  0.0881706684
1 0 0 3  -0.0012032540
1 0 2 3  0.0000394930
1 1 1 3  -0.0012032540
1 1 3 3  0.0000394930
1 2 0 3  0.0000394930
1 2 2 3  -0.0012032540
1 3 1 3  0.0000394930
1 3 3 3  -0.0012032540
2 0 0 0  -0.0012032540
2 0 2 0  0.0000394930
2 1 1 0  -0.0012032540
2 1 3 0  0.0000394930
2 2 0 0  0.0000394930
2 2 2 0  -0.0012032540
2 3 1 0  0.0000394930
2 3 3 0  -0.0012032540
2 0 0 2  0.0881706684
2 0 2 2  -0.0012032540
2 1 1 2  0.0881706684
2 1 3 2  -0.0012032540
2 2 0 2  -0.0012032540
2 2 2 2  0.3876218978
2 3 1 2  -0.0012032540
2 3 3 2  0.3876218978
3 0 0 1  -0.0012032540
3 0 2 1  0.0000394930
3 1 1 1  -0.0012032540
3 1 3 1  0.0000394930
3 2 0 1  0.0000394930
3 2 2 1  -0.0012032540
3 3 1 1  0.0000394930
3 3 3 1  -0.0012032540
3 0 0 3  0.0881706684
3 0 2 3  -0.0012032540
3 1 1 3  0.0881706684
3 1 3 3  -0.0012032540
3 2 0 3  -0.0012032540
3 2 2 3  0.3876218978
3 3 1 3  -0.0012032540
3 3 3 3  0.3876218978
