0.3779837495
0 0  -0.9459957530
1 1  -0.9459957530
2 2  -0.6640439581
3 3  -0.6640439581
0 0 0 0  0.2824291649
0 1 1 0  0.2824291649
0 2 2 0  0.2852041021
0 3 3 0  0.2852041021
0 0 2 2  0.1116284231
0 1 3 2  0.1116284231
0 2 0 2  0.1116284231
0 3 1 2  0.1116284231
1 0 0 1  0.2824291649
1 1 1 1  0.2824291649
1 2 2 1  0.2852041021
1 3 3 1  0.2852041021
1 0 2 3  0.1116284231
1 1 3 3  0.1116284231
1 2 0 3  0.1116284231
1 3 1 3  0.1116284231
2 0 2 0  0.1116284231
2 1 3 0  0.1116284231
2 2 0 0  0.1116284231
2 3 1 0  0.1116284231
2 0 0 2  0.2852041021
2 1 1 2  0.2852041021
2 2 2 2  0.2981520388
2 3 3 2  0.2981520388
3 0 2 1  0.1116284231
3 1 3 1  0.1116284231
3 2 0 1  0.1116284231
3 3 1 1  0.1116284231
3 0 0 3  0.2852041021
3 1 1 3  0.2852041021
3 2 2 3  0.2981520388
3 3 3 3  0.2981520388
