0.3307357808
0 0  -0.8812548655
1 1  -0.8812548655
2 2  -0.6746832020
3 3  -0.6746832020
0 0 0 0  0.2708070574
0 1 1 0  0.2708070574
0 2 2 0  0.2751725204
0 3 3 0  0.2751725204
0 0 2 2  0.1180542647
0 1 3 2  0.1180542647
0 2 0 2  0.1180542647
0 3 1 2  0.1180542647
1 0 0 1  0.2708070574
1 1 1 1  0.2708070574
1 2 2 1  0.2751725204
1 3 3 1  0.2751725204
1 0 2 3  0.1180542647
1 1 3 3  0.1180542647
1 2 0 3  0.1180542647
1 3 1 3  0.1180542647
2 0 2 0  0.1180542647
2 1 3 0  0.1180542647
2 2 0 0  0.1180542647
2 3 1 0  0.1180542647
2 0 0 2  0.2751725204
2 1 1 2  0.2751725204
2 2 2 2  0.2865663951
2 3 3 2  0.2865663951
3 0 2 1  0.1180542647
3 1 3 1  0.1180542647
3 2 0 1  0.1180542647
3 3 1 1  0.1180542647
3 0 0 3  0.2751725204
3 1 1 3  0.2751725204
3 2 2 3  0.2865663951
3 3 3 3  0.2865663951
