0.3779837495
0 0  -0.8050198500
0 2  -0.1409758957
1 1  -0.8050198500
1 3  -0.1409758957
2 0  -0.1409758957
2 2  -0.8050198500
3 1  -0.1409758957
3 3  -0.8050198500
0 0 0 0  0.3993757697
0 0 2 0  -0.0039307187
0 1 1 0  0.3993757697
0 1 3 0  -0.0039307187
0 2 0 0  -0.0039307187
0 2 2 0  0.1761189265
0 3 1 0  -0.0039307187
0 3 3 0  0.1761189265
0 0 0 2  -0.0039307187
0 0 2 2  0.0025432498
0 1 1 2  -0.0039307187
0 1 3 2  0.0025432498
0 2 0 2  0.0025432498
0 2 2 2  -0.0039307187
0 3 1 2  0.0025432498
0 3 3 2  -0.0039307187
1 0 0 1  0.3993757697
1 0 2 1  -0.0039307187
1 1 1 1  0.3993757697
1 1 3 1  -0.0039307187
1 2 0 1  -0.0039307187
1 2 2 1  0.1761189265
1 3 1 1  -0.0039307187
1 3 3 1  0.1761189265
1 0 0 3  -0.0039307187
1 0 2 3  0.0025432498
1 1 1 3  -0.0039307187
1 1 3 3  0.0025432498
1 2 0 3  0.0025432498
1 2 2 3  -0.0039307187
1 3 1 3  0.0025432498
1 3 3 3  -0.0039307187
2 0 0 0  -0.0039307187
2 0 2 0  0.0025432498
2 1 1 0  -0.0039307187
2 1 3 0  0.0025432498
2 2 0 0  0.0025432498
2 2 2 0  -0.0039307187
2 3 1 0  0.0025432498
2 3 3 0  -0.0039307187
2 0 0 2  0.1761189265
2 0 2 2  -0.0039307187
2 1 1 2  0.1761189265
2 1 3 2  -0.0039307187
2 2 0 2  -0.0039307187
2 2 2 2  0.3993757697
2 3 1 2  -0.0039307187
2 3 3 2  0.3993757697
3 0 0 1  -0.0039307187
3 0 2 1  0.0025432498
3 1 1 1  -0.0039307187
3 1 3 1  0.0025432498
3 2 0 1  0.0025432498
3 2 2 1  -0.0039307187
3 3 1 1  0.0025432498
3 3 3 1  -0.0039307187
3 0 0 3  0.1761189265
3 0 2 3  -0.0039307187
3 1 1 3  0.1761189265
3 1 3 3  -0.0039307187
3 2 0 3  -0.0039307187
3 2 2 3  0.3993757697
3 3 1 3  -0.0039307187
3 3 3 3  0.3993757697
