0.2519891663
0 0  -0.7182705887
0 2  -0.0458524377
1 1  -0.7182705887
1 3  -0.0458524377
2 0  -0.0458524377
2 2  -0.7182705887
3 1  -0.0458524377
3 3  -0.7182705887
0 0 0 0  0.3895180195
0 0 2 0  -0.0031727644
0 1 1 0  0.3895180195
0 1 3 0  -0.0031727644
0 2 0 0  -0.0031727644
0 2 2 0  0.1249522679
0 3 1 0  -0.0031727644
0 3 3 0  0.1249522679
0 0 0 2  -0.0031727644
0 0 2 2  0.0005595440
0 1 1 2  -0.0031727644
0 1 3 2  0.0005595440
0 2 0 2  0.0005595440
0 2 2 2  -0.0031727644
0 3 1 2  0.0005595440
0 3 3 2  -0.0031727644
1 0 0 1  0.3895180195
1 0 2 1  -0.0031727644
1 1 1 1  0.3895180195
1 1 3 1  -0.0031727644
1 2 0 1  -0.0031727644
1 2 2 1  0.1249522679
1 3 1 1  -0.0031727644
1 3 3 1  0.1249522679
1 0 0 3  -0.0031727644
1 0 2 3  0.0005595440
1 1 1 3  -0.0031727644
1 1 3 3  0.0005595440
1 2 0 3  0.0005595440
1 2 2 3  -0.0031727644
1 3 1 3  0.0005595440
1 3 3 3  -0.0031727644
2 0 0 0  -0.0031727644
2 0 2 0  0.0005595440
2 1 1 0  -0.0031727644
2 1 3 0  0.0005595440
2 2 0 0  0.0005595440
2 2 2 0  -0.0031727644
2 3 1 0  0.0005595440
2 3 3 0  -0.0031727644
2 0 0 2  0.1249522679
2 0 2 2  -0.0031727644
2 1 1 2  0.1249522679
2 1 3 2  -0.0031727644
2 2 0 2  -0.0031727644
2 2 2 2  0.3895180195
2 3 1 2  -0.0031727644
2 3 3 2  0.3895180195
3 0 0 1  -0.0031727644
3 0 2 1  0.0005595440
3 1 1 1  -0.0031727644
3 1 3 1  0.0005595440
3 2 0 1  0.0005595440
3 2 2 1  -0.0031727644
3 3 1 1  0.0005595440
3 3 3 1  -0.0031727644
3 0 0 3  0.1249522679
3 0 2 3  -0.0031727644
3 1 1 3  0.1249522679
3 1 3 3  -0.0031727644
3 2 0 3  -0.0031727644
3 2 2 3  0.3895180195
3 3 1 3  -0.0031727644
3 3 3 3  0.3895180195
