0.4070594225
0 0  -0.8185943671
0 2  -0.1643546257
1 1  -0.8185943671
1 3  -0.1643546257
2 0  -0.1643546257
2 2  -0.8185943671
3 1  -0.1643546257
3 3  -0.8185943671
0 0 0 0  0.4022446866
0 0 2 0  -0.0038473143
0 1 1 0  0.4022446866
0 1 3 0  -0.0038473143
0 2 0 0  -0.0038473143
0 2 2 0  0.1855626331
0 3 1 0  -0.0038473143
0 3 3 0  0.1855626331
0 0 0 2  -0.0038473143
0 0 2 2  0.0029956771
0 1 1 2  -0.0038473143
0 1 3 2  0.0029956771
0 2 0 2  0.0029956771
0 2 2 2  -0.0038473143
0 3 1 2  0.0029956771
0 3 3 2  -0.0038473143
1 0 0 1  0.4022446866
1 0 2 1  -0.0038473143
1 1 1 1  0.4022446866
1 1 3 1  -0.0038473143
1 2 0 1  -0.0038473143
1 2 2 1  0.1855626331
1 3 1 1  -0.0038473143
1 3 3 1  0.1855626331
1 0 0 3  -0.0038473143
1 0 2 3  0.0029956771
1 1 1 3  -0.0038473143
1 1 3 3  0.0029956771
1 2 0 3  0.0029956771
1 2 2 3  -0.0038473143
1 3 1 3  0.0029956771
1 3 3 3  -0.0038473143
2 0 0 0  -0.0038473143
2 0 2 0  0.0029956771
2 1 1 0  -0.0038473143
2 1 3 0  0.0029956771
2 2 0 0  0.0029956771
2 2 2 0  -0.0038473143
2 3 1 0  0.0029956771
2 3 3 0  -0.0038473143
2 0 0 2  0.1855626331
2 0 2 2  -0.0038473143
2 1 1 2  0.1855626331
2 1 3 2  -0.0038473143
2 2 0 2  -0.0038473143
2 2 2 2  0.4022446866
2 3 1 2  -0.0038473143
2 3 3 2  0.4022446866
3 0 0 1  -0.0038473143
3 0 2 1  0.0029956771
3 1 1 1  -0.0038473143
3 1 3 1  0.0029956771
3 2 0 1  0.0029956771
3 2 2 1  -0.0038473143
3 3 1 1  0.0029956771
3 3 3 1  -0.0038473143
3 0 0 3  0.1855626331
3 0 2 3  -0.0038473143
3 1 1 3  0.1855626331
3 1 3 3  -0.0038473143
3 2 0 3  -0.0038473143
3 2 2 3  0.4022446866
3 3 1 3  -0.0038473143
3 3 3 3  0.4022446866
