0.1824749135
0 0  -0.6532210776
0 2  -0.0112093373
1 1  -0.6532210776
1 3  -0.0112093373
2 0  -0.0112093373
2 2  -0.6532210776
3 1  -0.0112093373
3 3  -0.6532210776
0 0 0 0  0.3876704408
0 0 2 0  -0.0013747243
0 1 1 0  0.3876704408
0 1 3 0  -0.0013747243
0 2 0 0  -0.0013747243
0 2 2 0  0.0911978325
0 3 1 0  -0.0013747243
0 3 3 0  0.0911978325
0 0 0 2  -0.0013747243
0 0 2 2  0.0000544740
0 1 1 2  -0.0013747243
0 1 3 2  0.0000544740
0 2 0 2  0.0000544740
0 2 2 2  -0.0013747243
0 3 1 2  0.0000544740
0 3 3 2  -0.0013747243
1 0 0 1  0.3876704408
1 0 2 1  -0.0013747243
1 1 1 1  0.3876704408
1 1 3 1  -0.0013747243
1 2 0 1  -0.0013747243
1 2 2 1  0.0911978325
1 3 1 1  -0.0013747243
1 3 3 1  0.0911978325
1 0 0 3  -0.0013747243
1 0 2 3  0.0000544740
1 1 1 3  -0.0013747243
1 1 3 3  0.0000544740
1 2 0 3  0.0000544740
1 2 2 3  -0.0013747243
1 3 1 3  0.0000544740
1 3 3 3  -0.0013747243
2 0 0 0  -0.0013747243
2 0 2 0  0.0000544740
2 1 1 0  -0.0013747243
2 1 3 0  0.0000544740
2 2 0 0  0.0000544740
2 2 2 0  -0.0013747243
2 3 1 0  0.0000544740
2 3 3 0  -0.0013747243
2 0 0 2  0.0911978325
2 0 2 2  -0.0013747243
2 1 1 2  0.0911978325
2 1 3 2  -0.0013747243
2 2 0 2  -0.0013747243
2 2 2 2  0.3876704408
2 3 1 2  -0.0013747243
2 3 3 2  0.3876704408
3 0 0 1  -0.0013747243
3 0 2 1  0.0000544740
3 1 1 1  -0.0013747243
3 1 3 1  0.0000544740
3 2 0 1  0.0000544740
3 2 2 1  -0.0013747243
3 3 1 1  0.0000544740
3 3 3 1  -0.0013747243
3 0 0 3  0.0911978325
3 0 2 3  -0.0013747243
3 1 1 3  0.0911978325
3 1 3 3  -0.0013747243
3 2 0 3  -0.0013747243
3 2 2 3  0.3876704408
3 3 1 3  -0.0013747243
3 3 3 3  0.3876704408
