0.2204905205
0 0  -0.6898095117
0 2  -0.0274370939
1 1  -0.6898095117
1 3  -0.0274370939
2 0  -0.0274370939
2 2  -0.6898095117
3 1  -0.0274370939
3 3  -0.6898095117
0 0 0 0  0.3883372882
0 0 2 0  -0.0024544982
0 1 1 0  0.3883372882
0 1 3 0  -0.0024544982
0 2 0 0  -0.0024544982
0 2 2 0  0.1099245334
0 3 1 0  -0.0024544982
0 3 3 0  0.1099245334
0 0 0 2  -0.0024544982
0 0 2 2  0.0002479181
0 1 1 2  -0.0024544982
0 1 3 2  0.0002479181
0 2 0 2  0.0002479181
0 2 2 2  -0.0024544982
0 3 1 2  0.0002479181
0 3 3 2  -0.0024544982
1 0 0 1  0.3883372882
1 0 2 1  -0.0024544982
1 1 1 1  0.3883372882
1 1 3 1  -0.0024544982
1 2 0 1  -0.0024544982
1 2 2 1  0.1099245334
1 3 1 1  -0.0024544982
1 3 3 1  0.1099245334
1 0 0 3  -0.0024544982
1 0 2 3  0.0002479181
1 1 1 3  -0.0024544982
1 1 3 3  0.0002479181
1 2 0 3  0.0002479181
1 2 2 3  -0.0024544982
1 3 1 3  0.0002479181
1 3 3 3  -0.0024544982
2 0 0 0  -0.0024544982
2 0 2 0  0.0002479181
2 1 1 0  -0.0024544982
2 1 3 0  0.0002479181
2 2 0 0  0.0002479181
2 2 2 0  -0.0024544982
2 3 1 0  0.0002479181
2 3 3 0  -0.0024544982
2 0 0 2  0.1099245334
2 0 2 2  -0.0024544982
2 1 1 2  0.1099245334
2 1 3 2  -0.0024544982
2 2 0 2  -0.0024544982
2 2 2 2  0.3883372882
2 3 1 2  -0.0024544982
2 3 3 2  0.3883372882
3 0 0 1  -0.0024544982
3 0 2 1  0.0002479181
3 1 1 1  -0.0024544982
3 1 3 1  0.0002479181
3 2 0 1  0.0002479181
3 2 2 1  -0.0024544982
3 3 1 1  0.0002479181
3 3 3 1  -0.0024544982
3 0 0 3  0.1099245334
3 0 2 3  -0.0024544982
3 1 1 3  0.1099245334
3 1 3 3  -0.0024544982
3 2 0 3  -0.0024544982
3 2 2 3  0.3883372882
3 3 1 3  -0.0024544982
3 3 3 3  0.3883372882
