0.2519891663
0 0  -0.7641230237
1 1  -0.7641230237
2 2  -0.6724181490
3 3  -0.6724181490
0 0 0 0  0.2514491572
0 1 1 0  0.2514491572
0 2 2 0  0.2566755980
0 3 3 0  0.2566755980
0 0 2 2  0.1322828750
0 1 3 2  0.1322828750
0 2 0 2  0.1322828750
0 3 1 2  0.1322828750
1 0 0 1  0.2514491572
1 1 1 1  0.2514491572
1 2 2 1  0.2566755980
1 3 3 1  0.2566755980
1 0 2 3  0.1322828750
1 1 3 3  0.1322828750
1 2 0 3  0.1322828750
1 3 1 3  0.1322828750
2 0 2 0  0.1322828750
2 1 3 0  0.1322828750
2 2 0 0  0.1322828750
2 3 1 0  0.1322828750
2 0 0 2  0.2566755980
2 1 1 2  0.2566755980
2 2 2 2  0.2641402149
2 3 3 2  0.2641402149
3 0 2 1  0.1322828750
3 1 3 1  0.1322828750
3 2 0 1  0.1322828750
3 3 1 1  0.1322828750
3 0 0 3  0.2566755980
3 1 1 3  0.2566755980
3 2 2 3  0.2641402149
3 3 3 3  0.2641402149
