0.2116708997
0 0  -0.6814945948
0 2  -0.0230240989
1 1  -0.6814945948
1 3  -0.0230240989
2 0  -0.0230240989
2 2  -0.6814945948
3 1  -0.0230240989
3 3  -0.6814945948
0 0 0 0  0.3881162103
0 0 2 0  -0.0022153821
0 1 1 0  0.3881162103
0 1 3 0  -0.0022153821
0 2 0 0  -0.0022153821
0 2 2 0  0.1056216380
0 3 1 0  -0.0022153821
0 3 3 0  0.1056216380
0 0 0 2  -0.0022153821
0 0 2 2  0.0001857155
0 1 1 2  -0.0022153821
0 1 3 2  0.0001857155
0 2 0 2  0.0001857155
0 2 2 2  -0.0022153821
0 3 1 2  0.0001857155
0 3 3 2  -0.0022153821
1 0 0 1  0.3881162103
1 0 2 1  -0.0022153821
1 1 1 1  0.3881162103
1 1 3 1  -0.0022153821
1 2 0 1  -0.0022153821
1 2 2 1  0.1056216380
1 3 1 1  -0.0022153821
1 3 3 1  0.1056216380
1 0 0 3  -0.0022153821
1 0 2 3  0.0001857155
1 1 1 3  -0.0022153821
1 1 3 3  0.0001857155
1 2 0 3  0.0001857155
1 2 2 3  -0.0022153821
1 3 1 3  0.0001857155
1 3 3 3  -0.0022153821
2 0 0 0  -0.0022153821
2 0 2 0  0.0001857155
2 1 1 0  -0.0022153821
2 1 3 0  0.0001857155
2 2 0 0  0.0001857155
2 2 2 0  -0.0022153821
2 3 1 0  0.0001857155
2 3 3 0  -0.0022153821
2 0 0 2  0.1056216380
2 0 2 2  -0.0022153821
2 1 1 2  0.1056216380
2 1 3 2  -0.0022153821
2 2 0 2  -0.0022153821
2 2 2 2  0.3881162103
2 3 1 2  -0.0022153821
2 3 3 2  0.3881162103
3 0 0 1  -0.0022153821
3 0 2 1  0.0001857155
3 1 1 1  -0.0022153821
3 1 3 1  0.0001857155
3 2 0 1  0.0001857155
3 2 2 1  -0.0022153821
3 3 1 1  0.0001857155
3 3 3 1  -0.0022153821
3 0 0 3  0.1056216380
3 0 2 3  -0.0022153821
3 1 1 3  0.1056216380
3 1 3 3  -0.0022153821
3 2 0 3  -0.0022153821
3 2 2 3  0.3881162103
3 3 1 3  -0.0022153821
3 3 3 3  0.3881162103
