0.2405351133
0 0  -0.7081712928
0 2  -0.0387232293
1 1  -0.7081712928
1 3  -0.0387232293
2 0  -0.0387232293
2 2  -0.7081712928
3 1  -0.0387232293
3 3  -0.7081712928
0 0 0 0  0.3890157557
0 0 2 0  -0.0029394049
0 1 1 0  0.3890157557
0 1 3 0  -0.0029394049
0 2 0 0  -0.0029394049
0 2 2 0  0.1195593083
0 3 1 0  -0.0029394049
0 3 3 0  0.1195593083
0 0 0 2  -0.0029394049
0 0 2 2  0.0004306060
0 1 1 2  -0.0029394049
0 1 3 2  0.0004306060
0 2 0 2  0.0004306060
0 2 2 2  -0.0029394049
0 3 1 2  0.0004306060
0 3 3 2  -0.0029394049
1 0 0 1  0.3890157557
1 0 2 1  -0.0029394049
1 1 1 1  0.3890157557
1 1 3 1  -0.0029394049
1 2 0 1  -0.0029394049
1 2 2 1  0.1195593083
1 3 1 1  -0.0029394049
1 3 3 1  0.1195593083
1 0 0 3  -0.0029394049
1 0 2 3  0.0004306060
1 1 1 3  -0.0029394049
1 1 3 3  0.0004306060
1 2 0 3  0.0004306060
1 2 2 3  -0.0029394049
1 3 1 3  0.0004306060
1 3 3 3  -0.0029394049
2 0 0 0  -0.0029394049
2 0 2 0  0.0004306060
2 1 1 0  -0.0029394049
2 1 3 0  0.0004306060
2 2 0 0  0.0004306060
2 2 2 0  -0.0029394049
2 3 1 0  0.0004306060
2 3 3 0  -0.0029394049
2 0 0 2  0.1195593083
2 0 2 2  -0.0029394049
2 1 1 2  0.1195593083
2 1 3 2  -0.0029394049
2 2 0 2  -0.0029394049
2 2 2 2  0.3890157557
2 3 1 2  -0.0029394049
2 3 3 2  0.3890157557
3 0 0 1  -0.0029394049
3 0 2 1  0.0004306060
3 1 1 1  -0.0029394049
3 1 3 1  0.0004306060
3 2 0 1  0.0004306060
3 2 2 1  -0.0029394049
3 3 1 1  0.0004306060
3 3 3 1  -0.0029394049
3 0 0 3  0.1195593083
3 0 2 3  -0.0029394049
3 1 1 3  0.1195593083
3 1 3 3  -0.0029394049
3 2 0 3  -0.0029394049
3 2 2 3  0.3890157557
3 3 1 3  -0.0029394049
3 3 3 3  0.3890157557
