0.2116708997
0 0  -0.7045186909
1 1  -0.7045186909
2 2  -0.6584704936
3 3  -0.6584704936
0 0 0 0  0.2426238736
0 1 1 0  0.2426238736
0 2 2 0  0.2466832068
0 3 3 0  0.2466832068
0 0 2 2  0.1412472851
0 1 3 2  0.1412472851
0 2 0 2  0.1412472851
0 3 1 2  0.1412472851
1 0 0 1  0.2426238736
1 1 1 1  0.2426238736
1 2 2 1  0.2466832068
1 3 3 1  0.2466832068
1 0 2 3  0.1412472851
1 1 3 3  0.1412472851
1 2 0 3  0.1412472851
1 3 1 3  0.1412472851
2 0 2 0  0.1412472851
2 1 3 0  0.1412472851
2 2 0 0  0.1412472851
2 3 1 0  0.1412472851
2 0 0 2  0.2466832068
2 1 1 2  0.2466832068
2 2 2 2  0.2514854022
2 3 3 2  0.2514854022
3 0 2 1  0.1412472851
3 1 3 1  0.1412472851
3 2 0 1  0.1412472851
3 3 1 1  0.1412472851
3 0 0 3  0.2466832068
3 1 1 3  0.2466832068
3 2 2 3  0.2514854022
3 3 3 3  0.2514854022
