0.2405351133
0 0  -0.7468945155
1 1  -0.7468945155
2 2  -0.6694480590
3 3  -0.6694480590
0 0 0 0  0.2488393238
0 1 1 0  0.2488393238
0 2 2 0  0.2538569221
0 3 3 0  0.2538569221
0 0 2 2  0.1347282216
0 1 3 2  0.1347282216
0 2 0 2  0.1347282216
0 3 1 2  0.1347282216
1 0 0 1  0.2488393238
1 1 1 1  0.2488393238
1 2 2 1  0.2538569221
1 3 3 1  0.2538569221
1 0 2 3  0.1347282216
1 1 3 3  0.1347282216
1 2 0 3  0.1347282216
1 3 1 3  0.1347282216
2 0 2 0  0.1347282216
2 1 3 0  0.1347282216
2 2 0 0  0.1347282216
2 3 1 0  0.1347282216
2 0 0 2  0.2538569221
2 1 1 2  0.2538569221
2 2 2 2  0.2605969443
2 3 3 2  0.2605969443
3 0 2 1  0.1347282216
3 1 3 1  0.1347282216
3 2 0 1  0.1347282216
3 3 1 1  0.1347282216
3 0 0 3  0.2538569221
3 1 1 3  0.2538569221
3 2 2 3  0.2605969443
3 3 3 3  0.2605969443
