0.3307357808
0 0  -0.7779690293
0 2  -0.1032858309
1 1  -0.7779690293
1 3  -0.1032858309
2 0  -0.1032858309
2 2  -0.7779690293
3 1  -0.1032858309
3 3  -0.7779690293
0 0 0 0  0.3949838836
0 0 2 0  -0.0039398345
0 1 1 0  0.3949838836
0 1 3 0  -0.0039398345
0 2 0 0  -0.0039398345
0 2 2 0  0.1588753568
0 3 1 0  -0.0039398345
0 3 3 0  0.1588753568
0 0 0 2  -0.0039398345
0 0 2 2  0.0017571029
0 1 1 2  -0.0039398345
0 1 3 2  0.0017571029
0 2 0 2  0.0017571029
0 2 2 2  -0.0039398345
0 3 1 2  0.0017571029
0 3 3 2  -0.0039398345
1 0 0 1  0.3949838836
1 0 2 1  -0.0039398345
1 1 1 1  0.3949838836
1 1 3 1  -0.0039398345
1 2 0 1  -0.0039398345
1 2 2 1  0.1588753568
1 3 1 1  -0.0039398345
1 3 3 1  0.1588753568
1 0 0 3  -0.0039398345
1 0 2 3  0.0017571029
1 1 1 3  -0.0039398345
1 1 3 3  0.0017571029
1 2 0 3  0.0017571029
1 2 2 3  -0.0039398345
1 3 1 3  0.0017571029
1 3 3 3  -0.0039398345
2 0 0 0  -0.0039398345
2 0 2 0  0.0017571029
2 1 1 0  -0.0039398345
2 1 3 0  0.0017571029
2 2 0 0  0.0017571029
2 2 2 0  -0.0039398345
2 3 1 0  0.0017571029
2 3 3 0  -0.0039398345
2 0 0 2  0.1588753568
2 0 2 2  -0.0039398345
2 1 1 2  0.1588753568
2 1 3 2  -0.0039398345
2 2 0 2  -0.0039398345
2 2 2 2  0.3949838836
2 3 1 2  -0.0039398345
2 3 3 2  0.3949838836
3 0 0 1  -0.0039398345
3 0 2 1  0.0017571029
3 1 1 1  -0.0039398345
3 1 3 1  0.0017571029
3 2 0 1  0.0017571029
3 2 2 1  -0.0039398345
3 3 1 1  0.0017571029
3 3 3 1  -0.0039398345
3 0 0 3  0.1588753568
3 0 2 3  -0.0039398345
3 1 1 3  0.1588753568
3 1 3 3  -0.0039398345
3 2 0 3  -0.0039398345
3 2 2 3  0.3949838836
3 3 1 3  -0.0039398345
3 3 3 3  0.3949838836
