0.3112807348
0 0  -0.7649168032
0 2  -0.0881734367
1 1  -0.7649168032
1 3  -0.0881734367
2 0  -0.0881734367
2 2  -0.7649168032
3 1  -0.0881734367
3 3  -0.7649168032
0 0 0 0  0.3933583347
0 0 2 0  -0.0038657427
0 1 1 0  0.3933583347
0 1 3 0  -0.0038657427
0 2 0 0  -0.0038657427
0 2 2 0  0.1510742743
0 3 1 0  -0.0038657427
0 3 3 0  0.1510742743
0 0 0 2  -0.0038657427
0 0 2 2  0.0014315784
0 1 1 2  -0.0038657427
0 1 3 2  0.0014315784
0 2 0 2  0.0014315784
0 2 2 2  -0.0038657427
0 3 1 2  0.0014315784
0 3 3 2  -0.0038657427
1 0 0 1  0.3933583347
1 0 2 1  -0.0038657427
1 1 1 1  0.3933583347
1 1 3 1  -0.0038657427
1 2 0 1  -0.0038657427
1 2 2 1  0.1510742743
1 3 1 1  -0.0038657427
1 3 3 1  0.1510742743
1 0 0 3  -0.0038657427
1 0 2 3  0.0014315784
1 1 1 3  -0.0038657427
1 1 3 3  0.0014315784
1 2 0 3  0.0014315784
1 2 2 3  -0.0038657427
1 3 1 3  0.0014315784
1 3 3 3  -0.0038657427
2 0 0 0  -0.0038657427
2 0 2 0  0.0014315784
2 1 1 0  -0.0038657427
2 1 3 0  0.0014315784
2 2 0 0  0.0014315784
2 2 2 0  -0.0038657427
2 3 1 0  0.0014315784
2 3 3 0  -0.0038657427
2 0 0 2  0.1510742743
2 0 2 2  -0.0038657427
2 1 1 2  0.1510742743
2 1 3 2  -0.0038657427
2 2 0 2  -0.0038657427
2 2 2 2  0.3933583347
2 3 1 2  -0.0038657427
2 3 3 2  0.3933583347
3 0 0 1  -0.0038657427
3 0 2 1  0.0014315784
3 1 1 1  -0.0038657427
3 1 3 1  0.0014315784
3 2 0 1  0.0014315784
3 2 2 1  -0.0038657427
3 3 1 1  0.0014315784
3 3 3 1  -0.0038657427
3 0 0 3  0.1510742743
3 0 2 3  -0.0038657427
3 1 1 3  0.1510742743
3 1 3 3  -0.0038657427
3 2 0 3  -0.0038657427
3 2 2 3  0.3933583347
3 3 1 3  -0.0038657427
3 3 3 3  0.3933583347
