0.1959915738
0 0  -0.6664301632
0 2  -0.0161199807
1 1  -0.6664301632
1 3  -0.0161199807
2 0  -0.0161199807
2 2  -0.6664301632
3 1  -0.0161199807
3 3  -0.6664301632
0 0 0 0  0.3878277714
0 0 2 0  -0.0017666022
0 1 1 0  0.3878277714
0 1 3 0  -0.0017666022
0 2 0 0  -0.0017666022
0 2 2 0  0.0979025201
0 3 1 0  -0.0017666022
0 3 3 0  0.0979025201
0 0 0 2  -0.0017666022
0 0 2 2  0.0001018982
0 1 1 2  -0.0017666022
0 1 3 2  0.0001018982
0 2 0 2  0.0001018982
0 2 2 2  -0.0017666022
0 3 1 2  0.0001018982
0 3 3 2  -0.0017666022
1 0 0 1  0.3878277714
1 0 2 1  -0.0017666022
1 1 1 1  0.3878277714
1 1 3 1  -0.0017666022
1 2 0 1  -0.0017666022
1 2 2 1  0.0979025201
1 3 1 1  -0.0017666022
1 3 3 1  0.0979025201
1 0 0 3  -0.0017666022
1 0 2 3  0.0001018982
1 1 1 3  -0.0017666022
1 1 3 3  0.0001018982
1 2 0 3  0.0001018982
1 2 2 3  -0.0017666022
1 3 1 3  0.0001018982
1 3 3 3  -0.0017666022
2 0 0 0  -0.0017666022
2 0 2 0  0.0001018982
2 1 1 0  -0.0017666022
2 1 3 0  0.0001018982
2 2 0 0  0.0001018982
2 2 2 0  -0.0017666022
2 3 1 0  0.0001018982
2 3 3 0  -0.0017666022
2 0 0 2  0.0979025201
2 0 2 2  -0.0017666022
2 1 1 2  0.0979025201
2 1 3 2  -0.0017666022
2 2 0 2  -0.0017666022
2 2 2 2  0.3878277714
2 3 1 2  -0.0017666022
2 3 3 2  0.3878277714
3 0 0 1  -0.0017666022
3 0 2 1  0.0001018982
3 1 1 1  -0.0017666022
3 1 3 1  0.0001018982
3 2 0 1  0.0001018982
3 2 2 1  -0.0017666022
3 3 1 1  0.0001018982
3 3 3 1  -0.0017666022
3 0 0 3  0.0979025201
3 0 2 3  -0.0017666022
3 1 1 3  0.0979025201
3 1 3 3  -0.0017666022
3 2 0 3  -0.0017666022
3 2 2 3  0.3878277714
3 3 1 3  -0.0017666022
3 3 3 3  0.3878277714
