0.1763924164
0 0  -0.6565533683
1 1  -0.6565533683
2 2  -0.6379020572
3 3  -0.6379020572
0 0 0 0  0.2355292650
0 1 1 0  0.2355292650
0 2 2 0  0.2378567867
0 3 3 0  0.2378567867
0 0 2 2  0.1497256125
0 1 3 2  0.1497256125
0 2 0 2  0.1497256125
0 3 1 2  0.1497256125
1 0 0 1  0.2355292650
1 1 1 1  0.2355292650
1 2 2 1  0.2378567867
1 3 3 1  0.2378567867
1 0 2 3  0.1497256125
1 1 3 3  0.1497256125
1 2 0 3  0.1497256125
1 3 1 3  0.1497256125
2 0 2 0  0.1497256125
2 1 3 0  0.1497256125
2 2 0 0  0.1497256125
2 3 1 0  0.1497256125
2 0 0 2  0.2378567867
2 1 1 2  0.2378567867
2 2 2 2  0.2403422803
2 3 3 2  0.2403422803
3 0 2 1  0.1497256125
3 1 3 1  0.1497256125
3 2 0 1  0.1497256125
3 3 1 1  0.1497256125
3 0 0 3  0.2378567867
3 1 1 3  0.2378567867
3 2 2 3  0.2403422803
3 3 3 3  0.2403422803
