0.440981041
0 0  -0.8317782481
0 2  -0.1914441502
1 1  -0.8317782481
1 3  -0.1914441502
2 0  -0.1914441502
2 2  -0.8317782481
3 1  -0.1914441502
3 3  -0.8317782481
0 0 0 0  0.4056261068
0 0 2 0  -0.0037187681
0 1 1 0  0.4056261068
0 1 3 0  -0.0037187681
0 2 0 0  -0.0037187681
0 2 2 0  0.1955371171
0 3 1 0  -0.0037187681
0 3 3 0  0.1955371171
0 0 0 2  -0.0037187681
0 0 2 2  0.0034766771
0 1 1 2  -0.0037187681
0 1 3 2  0.0034766771
0 2 0 2  0.0034766771
0 2 2 2  -0.0037187681
0 3 1 2  0.0034766771
0 3 3 2  -0.0037187681
1 0 0 1  0.4056261068
1 0 2 1  -0.0037187681
1 1 1 1  0.4056261068
1 1 3 1  -0.0037187681
1 2 0 1  -0.0037187681
1 2 2 1  0.1955371171
1 3 1 1  -0.0037187681
1 3 3 1  0.1955371171
1 0 0 3  -0.0037187681
1 0 2 3  0.0034766771
1 1 1 3  -0.0037187681
1 1 3 3  0.0034766771
1 2 0 3  0.0034766771
1 2 2 3  -0.0037187681
1 3 1 3  0.0034766771
1 3 3 3  -0.0037187681
2 0 0 0  -0.0037187681
2 0 2 0  0.0034766771
2 1 1 0  -0.0037187681
2 1 3 0  0.0034766771
2 2 0 0  0.0034766771
2 2 2 0  -0.0037187681
2 3 1 0  0.0034766771
2 3 3 0  -0.0037187681
2 0 0 2  0.1955371171
2 0 2 2  -0.0037187681
2 1 1 2  0.1955371171
2 1 3 2  -0.0037187681
2 2 0 2  -0.0037187681
2 2 2 2  0.4056261068
2 3 1 2  -0.0037187681
2 3 3 2  0.4056261068
3 0 0 1  -0.0037187681
3 0 2 1  0.0034766771
3 1 1 1  -0.0037187681
3 1 3 1  0.0034766771
3 2 0 1  0.0034766771
3 2 2 1  -0.0037187681
3 3 1 1  0.0034766771
3 3 3 1  -0.0037187681
3 0 0 3  0.1955371171
3 0 2 3  -0.0037187681
3 1 1 3  0.1955371171
3 1 3 3  -0.0037187681
3 2 0 3  -0.0037187681
3 2 2 3  0.4056261068
3 3 1 3  -0.0037187681
3 3 3 3  0.4056261068