0.2785143417
0 0  -0.8042373312
1 1  -0.8042373312
2 2  -0.6765098962
3 3  -0.6765098962
0 0 0 0  0.2577687826
0 1 1 0  0.2577687826
0 2 2 0  0.2631047253
0 3 3 0  0.2631047253
0 0 2 2  0.1269753418
0 1 3 2  0.1269753418
0 2 0 2  0.1269753418
0 3 1 2  0.1269753418
1 0 0 1  0.2577687826
1 1 1 1  0.2577687826
1 2 2 1  0.2631047253
1 3 3 1  0.2631047253
1 0 2 3  0.1269753418
1 1 3 3  0.1269753418
1 2 0 3  0.1269753418
1 3 1 3  0.1269753418
2 0 2 0  0.1269753418
2 1 3 0  0.1269753418
2 2 0 0  0.1269753418
2 3 1 0  0.1269753418
2 0 0 2  0.2631047253
2 1 1 2  0.2631047253
2 2 2 2  0.2721033482
2 3 3 2  0.2721033482
3 0 2 1  0.1269753418
3 1 3 1  0.1269753418
3 2 0 1  0.1269753418
3 3 1 1  0.1269753418
3 0 0 3  0.2631047253
3 1 1 3  0.2631047253
3 2 2 3  0.2721033482
3 3 3 3  0.2721033482
