0.1889918747
0 0  -0.6596109577
0 2  -0.0134530488
1 1  -0.6596109577
1 3  -0.0134530488
2 0  -0.0134530488
2 2  -0.6596109577
3 1  -0.0134530488
3 3  -0.6596109577
0 0 0 0  0.3877370121
0 0 2 0  -0.0015627206
0 1 1 0  0.3877370121
0 1 3 0  -0.0015627206
0 2 0 0  -0.0015627206
0 2 2 0  0.0944349323
0 3 1 0  -0.0015627206
0 3 3 0  0.0944349323
0 0 0 2  -0.0015627206
0 0 2 2  0.0000747258
0 1 1 2  -0.0015627206
0 1 3 2  0.0000747258
0 2 0 2  0.0000747258
0 2 2 2  -0.0015627206
0 3 1 2  0.0000747258
0 3 3 2  -0.0015627206
1 0 0 1  0.3877370121
1 0 2 1  -0.0015627206
1 1 1 1  0.3877370121
1 1 3 1  -0.0015627206
1 2 0 1  -0.0015627206
1 2 2 1  0.0944349323
1 3 1 1  -0.0015627206
1 3 3 1  0.0944349323
1 0 0 3  -0.0015627206
1 0 2 3  0.0000747258
1 1 1 3  -0.0015627206
1 1 3 3  0.0000747258
1 2 0 3  0.0000747258
1 2 2 3  -0.0015627206
1 3 1 3  0.0000747258
1 3 3 3  -0.0015627206
2 0 0 0  -0.0015627206
2 0 2 0  0.0000747258
2 1 1 0  -0.0015627206
2 1 3 0  0.0000747258
2 2 0 0  0.0000747258
2 2 2 0  -0.0015627206
2 3 1 0  0.0000747258
2 3 3 0  -0.0015627206
2 0 0 2  0.0944349323
2 0 2 2  -0.0015627206
2 1 1 2  0.0944349323
2 1 3 2  -0.0015627206
2 2 0 2  -0.0015627206
2 2 2 2  0.3877370121
2 3 1 2  -0.0015627206
2 3 3 2  0.3877370121
3 0 0 1  -0.0015627206
3 0 2 1  0.0000747258
3 1 1 1  -0.0015627206
3 1 3 1  0.0000747258
3 2 0 1  0.0000747258
3 2 2 1  -0.0015627206
3 3 1 1  0.0000747258
3 3 3 1  -0.0015627206
3 0 0 3  0.0944349323
3 0 2 3  -0.0015627206
3 1 1 3  0.0944349323
3 1 3 3  -0.0015627206
3 2 0 3  -0.0015627206
3 2 2 3  0.3877370121
3 3 1 3  -0.0015627206
3 3 3 3  0.3877370121
