0.4070594225
0 0  -0.9829489816
1 1  -0.9829489816
2 2  -0.6542397358
3 3  -0.6542397358
0 0 0 0  0.2892047018
0 1 1 0  0.2892047018
0 2 2 0  0.2909079770
0 3 3 0  0.2909079770
0 0 2 2  0.1083410246
0 1 3 2  0.1083410246
0 2 0 2  0.1083410246
0 3 1 2  0.1083410246
1 0 0 1  0.2892047018
1 1 1 1  0.2892047018
1 2 2 1  0.2909079770
1 3 3 1  0.2909079770
1 0 2 3  0.1083410246
1 1 3 3  0.1083410246
1 2 0 3  0.1083410246
1 3 1 3  0.1083410246
2 0 2 0  0.1083410246
2 1 3 0  0.1083410246
2 2 0 0  0.1083410246
2 3 1 0  0.1083410246
2 0 0 2  0.2909079770
2 1 1 2  0.2909079770
2 2 2 2  0.3045939603
2 3 3 2  0.3045939603
3 0 2 1  0.1083410246
3 1 3 1  0.1083410246
3 2 0 1  0.1083410246
3 3 1 1  0.1083410246
3 0 0 3  0.2909079770
3 1 1 3  0.2909079770
3 2 2 3  0.3045939603
3 3 3 3  0.3045939603