0.2785143417
0 0  -0.7403736150
0 2  -0.0638637175
1 1  -0.7403736150
1 3  -0.0638637175
2 0  -0.0638637175
2 2  -0.7403736150
3 1  -0.0638637175
3 3  -0.7403736150
0 0 0 0  0.3909957385
0 0 2 0  -0.0035836415
0 1 1 0  0.3909957385
0 1 3 0  -0.0035836415
0 2 0 0  -0.0035836415
0 2 2 0  0.1370450540
0 3 1 0  -0.0035836415
0 3 3 0  0.1370450540
0 0 0 2  -0.0035836415
0 0 2 2  0.0009156701
0 1 1 2  -0.0035836415
0 1 3 2  0.0009156701
0 2 0 2  0.0009156701
0 2 2 2  -0.0035836415
0 3 1 2  0.0009156701
0 3 3 2  -0.0035836415
1 0 0 1  0.3909957385
1 0 2 1  -0.0035836415
1 1 1 1  0.3909957385
1 1 3 1  -0.0035836415
1 2 0 1  -0.0035836415
1 2 2 1  0.1370450540
1 3 1 1  -0.0035836415
1 3 3 1  0.1370450540
1 0 0 3  -0.0035836415
1 0 2 3  0.0009156701
1 1 1 3  -0.0035836415
1 1 3 3  0.0009156701
1 2 0 3  0.0009156701
1 2 2 3  -0.0035836415
1 3 1 3  0.0009156701
1 3 3 3  -0.0035836415
2 0 0 0  -0.0035836415
2 0 2 0  0.0009156701
2 1 1 0  -0.0035836415
2 1 3 0  0.0009156701
2 2 0 0  0.0009156701
2 2 2 0  -0.0035836415
2 3 1 0  0.0009156701
2 3 3 0  -0.0035836415
2 0 0 2  0.1370450540
2 0 2 2  -0.0035836415
2 1 1 2  0.1370450540
2 1 3 2  -0.0035836415
2 2 0 2  -0.0035836415
2 2 2 2  0.3909957385
2 3 1 2  -0.0035836415
2 3 3 2  0.3909957385
3 0 0 1  -0.0035836415
3 0 2 1  0.0009156701
3 1 1 1  -0.0035836415
3 1 3 1  0.0009156701
3 2 0 1  0.0009156701
3 2 2 1  -0.0035836415
3 3 1 1  0.0009156701
3 3 3 1  -0.0035836415
3 0 0 3  0.1370450540
3 0 2 3  -0.0035836415
3 1 1 3  0.1370450540
3 1 3 3  -0.0035836415
3 2 0 3  -0.0035836415
3 2 2 3  0.3909957385
3 3 1 3  -0.0035836415
3 3 3 3  0.3909957385
