0.2939873607
0 0  -0.7523585357
0 2  -0.0751198977
1 1  -0.7523585357
1 3  -0.0751198977
2 0  -0.0751198977
2 2  -0.7523585357
3 1  -0.0751198977
3 3  -0.7523585357
0 0 0 0  0.3920449750
0 0 2 0  -0.0037447605
0 1 1 0  0.3920449750
0 1 3 0  -0.0037447605
0 2 0 0  -0.0037447605
0 2 2 0  0.1438044094
0 3 1 0  -0.0037447605
0 3 3 0  0.1438044094
0 0 0 2  -0.0037447605
0 0 2 2  0.0011518068
0 1 1 2  -0.0037447605
0 1 3 2  0.0011518068
0 2 0 2  0.0011518068
0 2 2 2  -0.0037447605
0 3 1 2  0.0011518068
0 3 3 2  -0.0037447605
1 0 0 1  0.3920449750
1 0 2 1  -0.0037447605
1 1 1 1  0.3920449750
1 1 3 1  -0.0037447605
1 2 0 1  -0.0037447605
1 2 2 1  0.1438044094
1 3 1 1  -0.0037447605
1 3 3 1  0.1438044094
1 0 0 3  -0.0037447605
1 0 2 3  0.0011518068
1 1 1 3  -0.0037447605
1 1 3 3  0.0011518068
1 2 0 3  0.0011518068
1 2 2 3  -0.0037447605
1 3 1 3  0.0011518068
1 3 3 3  -0.0037447605
2 0 0 0  -0.0037447605
2 0 2 0  0.0011518068
2 1 1 0  -0.0037447605
2 1 3 0  0.0011518068
2 2 0 0  0.0011518068
2 2 2 0  -0.0037447605
2 3 1 0  0.0011518068
2 3 3 0  -0.0037447605
2 0 0 2  0.1438044094
2 0 2 2  -0.0037447605
2 1 1 2  0.1438044094
2 1 3 2  -0.0037447605
2 2 0 2  -0.0037447605
2 2 2 2  0.3920449750
2 3 1 2  -0.0037447605
2 3 3 2  0.3920449750
3 0 0 1  -0.0037447605
3 0 2 1  0.0011518068
3 1 1 1  -0.0037447605
3 1 3 1  0.0011518068
3 2 0 1  0.0011518068
3 2 2 1  -0.0037447605
3 3 1 1  0.0011518068
3 3 3 1  -0.0037447605
3 0 0 3  0.1438044094
3 0 2 3  -0.0037447605
3 1 1 3  0.1438044094
3 1 3 3  -0.0037447605
3 2 0 3  -0.0037447605
3 2 2 3  0.3920449750
3 3 1 3  -0.0037447605
3 3 3 3  0.3920449750
