0.2645886246
0 0  -0.7831783836
1 1  -0.7831783836
2 2  -0.6748303355
3 3  -0.6748303355
0 0 0 0  0.2544078223
0 1 1 0  0.2544078223
0 2 2 0  0.2597489048
0 3 3 0  0.2597489048
0 0 2 2  0.1296979646
0 1 3 2  0.1296979646
0 2 0 2  0.1296979646
0 3 1 2  0.1296979646
1 0 0 1  0.2544078223
1 1 1 1  0.2544078223
1 2 2 1  0.2597489048
1 3 3 1  0.2597489048
1 0 2 3  0.1296979646
1 1 3 3  0.1296979646
1 2 0 3  0.1296979646
1 3 1 3  0.1296979646
2 0 2 0  0.1296979646
2 1 3 0  0.1296979646
2 2 0 0  0.1296979646
2 3 1 0  0.1296979646
2 0 0 2  0.2597489048
2 1 1 2  0.2597489048
2 2 2 2  0.2679687117
2 3 3 2  0.2679687117
3 0 2 1  0.1296979646
3 1 3 1  0.1296979646
3 2 0 1  0.1296979646
3 3 1 1  0.1296979646
3 0 0 3  0.2597489048
3 1 1 3  0.2597489048
3 2 2 3  0.2679687117
3 3 3 3  0.2679687117