0.2204905205
0 0  -0.7172466008
1 1  -0.7172466008
2 2  -0.6623724144
3 3  -0.6623724144
0 0 0 0  0.2444698292
0 1 1 0  0.2444698292
0 2 2 0  0.2488829897
0 3 3 0  0.2488829897
0 0 2 2  0.1392063757
0 1 3 2  0.1392063757
0 2 0 2  0.1392063757
0 3 1 2  0.1392063757
1 0 0 1  0.2444698292
1 1 1 1  0.2444698292
1 2 2 1  0.2488829897
1 3 3 1  0.2488829897
1 0 2 3  0.1392063757
1 1 3 3  0.1392063757
1 2 0 3  0.1392063757
1 3 1 3  0.1392063757
2 0 2 0  0.1392063757
2 1 3 0  0.1392063757
2 2 0 0  0.1392063757
2 3 1 0  0.1392063757
2 0 0 2  0.2488829897
2 1 1 2  0.2488829897
2 2 2 2  0.2542878228
2 3 3 2  0.2542878228
3 0 2 1  0.1392063757
3 1 3 1  0.1392063757
3 2 0 1  0.1392063757
3 3 1 1  0.1392063757
3 0 0 3  0.2488829897
3 1 1 3  0.2488829897
3 2 2 3  0.2542878228
3 3 3 3  0.2542878228