0.1959915738
0 0  -0.6825501446
1 1  -0.6825501446
2 2  -0.6503101822
3 3  -0.6503101822
0 0 0 0  0.2394338402
0 1 1 0  0.2394338402
0 2 2 0  0.2427632477
0 3 3 0  0.2427632477
0 0 2 2  0.1449626257
0 1 3 2  0.1449626257
0 2 0 2  0.1449626257
0 3 1 2  0.1449626257
1 0 0 1  0.2394338402
1 1 1 1  0.2394338402
1 2 2 1  0.2427632477
1 3 3 1  0.2427632477
1 0 2 3  0.1449626257
1 1 3 3  0.1449626257
1 2 0 3  0.1449626257
1 3 1 3  0.1449626257
2 0 2 0  0.1449626257
2 1 3 0  0.1449626257
2 2 0 0  0.1449626257
2 3 1 0  0.1449626257
2 0 0 2  0.2427632477
2 1 1 2  0.2427632477
2 2 2 2  0.2465002482
2 3 3 2  0.2465002482
3 0 2 1  0.1449626257
3 1 3 1  0.1449626257
3 2 0 1  0.1449626257
3 3 1 1  0.1449626257
3 0 0 3  0.2427632477
3 1 1 3  0.2427632477
3 2 2 3  0.2465002482
3 3 3 3  0.2465002482
