-73.9600275276299
0 0  -1.5632042004
0 2  -0.0000000087
0 4  0.0000000018
0 6  0.0000000003
1 1  -1.5632042004
1 3  -0.0000000087
1 5  0.0000000018
1 7  0.0000000003
2 0  -0.0000000087
2 2  -1.3337225967
2 4  -0.0000000004
2 6  -0.0000000013
3 1  -0.0000000087
3 3  -1.3337225967
3 5  -0.0000000004
3 7  -0.0000000013
4 0  0.0000000018
4 2  -0.0000000004
4 4  -1.3138367463
4 6  0.0000000044
5 1  0.0000000018
5 3  -0.0000000004
5 5  -1.3138367463
5 7  0.0000000044
6 0  0.0000000003
6 2  -0.0000000013
6 4  0.0000000044
6 6  -1.4346523968
7 1  0.0000000003
7 3  -0.0000000013
7 5  0.0000000044
7 7  -1.4346523968
0 0 0 0  0.2443272557
0 0 2 0  0.0000000005
0 0 4 0  -0.0000000001
0 1 1 0  0.2443272557
0 1 3 0  0.0000000005
0 1 5 0  -0.0000000001
0 2 0 0  0.0000000005
0 2 2 0  0.2030301020
0 3 1 0  0.0000000005
0 3 3 0  0.2030301020
0 4 0 0  -0.0000000001
0 4 4 0  0.2030359285
0 4 6 0  -0.0000000001
0 5 1 0  -0.0000000001
0 5 5 0  0.2030359285
0 5 7 0  -0.0000000001
0 6 4 0  -0.0000000001
0 6 6 0  0.2459016607
0 7 5 0  -0.0000000001
0 7 7 0  0.2459016607
0 0 0 2  0.0000000005
0 0 2 2  0.0150077356
0 0 6 2  -0.0000000003
0 1 1 2  0.0000000005
0 1 3 2  0.0150077356
0 1 7 2  -0.0000000003
0 2 0 2  0.0150077356
0 2 2 2  0.0000000008
0 3 1 2  0.0150077356
0 3 3 2  0.0000000008
0 4 4 2  0.0000000002
0 4 6 2  -0.0156290867
0 5 5 2  0.0000000002
0 5 7 2  -0.0156290867
0 6 0 2  -0.0000000003
0 6 4 2  -0.0156290867
0 6 6 2  0.0000000007
0 7 1 2  -0.0000000003
0 7 5 2  -0.0156290867
0 7 7 2  0.0000000007
0 0 0 4  -0.0000000001
0 0 4 4  0.0126343011
0 0 6 4  0.0000000015
0 1 1 4  -0.0000000001
0 1 5 4  0.0126343011
0 1 7 4  0.0000000015
0 2 2 4  -0.0000000002
0 2 4 4  -0.0000000013
0 2 6 4  -0.0137487207
0 3 3 4  -0.0000000002
0 3 5 4  -0.0000000013
0 3 7 4  -0.0137487207
0 4 0 4  0.0126343011
0 4 2 4  -0.0000000013
0 4 4 4  -0.0000000003
0 5 1 4  0.0126343011
0 5 3 4  -0.0000000013
0 5 5 4  -0.0000000003
0 6 0 4  0.0000000015
0 6 2 4  -0.0137487207
0 6 6 4  -0.0000000002
0 7 1 4  0.0000000015
0 7 3 4  -0.0137487207
0 7 7 4  -0.0000000002
0 0 2 6  -0.0000000003
0 0 4 6  0.0000000015
0 0 6 6  0.1090743798
0 1 3 6  -0.0000000003
0 1 5 6  0.0000000015
0 1 7 6  0.1090743798
0 2 0 6  -0.0000000003
0 2 4 6  -0.0921484190
0 2 6 6  0.0000000012
0 3 1 6  -0.0000000003
0 3 5 6  -0.0921484190
0 3 7 6  0.0000000012
0 4 0 6  0.0000000015
0 4 2 6  -0.0921484190
0 4 6 6  -0.0000000003
0 5 1 6  0.0000000015
0 5 3 6  -0.0921484190
0 5 7 6  -0.0000000003
0 6 0 6  0.1090743798
0 6 2 6  0.0000000012
0 6 4 6  -0.0000000003
0 7 1 6  0.1090743798
0 7 3 6  0.0000000012
0 7 5 6  -0.0000000003
1 0 0 1  0.2443272557
1 0 2 1  0.0000000005
1 0 4 1  -0.0000000001
1 1 1 1  0.2443272557
1 1 3 1  0.0000000005
1 1 5 1  -0.0000000001
1 2 0 1  0.0000000005
1 2 2 1  0.2030301020
1 3 1 1  0.0000000005
1 3 3 1  0.2030301020
1 4 0 1  -0.0000000001
1 4 4 1  0.2030359285
1 4 6 1  -0.0000000001
1 5 1 1  -0.0000000001
1 5 5 1  0.2030359285
1 5 7 1  -0.0000000001
1 6 4 1  -0.0000000001
1 6 6 1  0.2459016607
1 7 5 1  -0.0000000001
1 7 7 1  0.2459016607
1 0 0 3  0.0000000005
1 0 2 3  0.0150077356
1 0 6 3  -0.0000000003
1 1 1 3  0.0000000005
1 1 3 3  0.0150077356
1 1 7 3  -0.0000000003
1 2 0 3  0.0150077356
1 2 2 3  0.0000000008
1 3 1 3  0.0150077356
1 3 3 3  0.0000000008
1 4 4 3  0.0000000002
1 4 6 3  -0.0156290867
1 5 5 3  0.0000000002
1 5 7 3  -0.0156290867
1 6 0 3  -0.0000000003
1 6 4 3  -0.0156290867
1 6 6 3  0.0000000007
1 7 1 3  -0.0000000003
1 7 5 3  -0.0156290867
1 7 7 3  0.0000000007
1 0 0 5  -0.0000000001
1 0 4 5  0.0126343011
1 0 6 5  0.0000000015
1 1 1 5  -0.0000000001
1 1 5 5  0.0126343011
1 1 7 5  0.0000000015
1 2 2 5  -0.0000000002
1 2 4 5  -0.0000000013
1 2 6 5  -0.0137487207
1 3 3 5  -0.0000000002
1 3 5 5  -0.0000000013
1 3 7 5  -0.0137487207
1 4 0 5  0.0126343011
1 4 2 5  -0.0000000013
1 4 4 5  -0.0000000003
1 5 1 5  0.0126343011
1 5 3 5  -0.0000000013
1 5 5 5  -0.0000000003
1 6 0 5  0.0000000015
1 6 2 5  -0.0137487207
1 6 6 5  -0.0000000002
1 7 1 5  0.0000000015
1 7 3 5  -0.0137487207
1 7 7 5  -0.0000000002
1 0 2 7  -0.0000000003
1 0 4 7  0.0000000015
1 0 6 7  0.1090743798
1 1 3 7  -0.0000000003
1 1 5 7  0.0000000015
1 1 7 7  0.1090743798
1 2 0 7  -0.0000000003
1 2 4 7  -0.0921484190
1 2 6 7  0.0000000012
1 3 1 7  -0.0000000003
1 3 5 7  -0.0921484190
1 3 7 7  0.0000000012
1 4 0 7  0.0000000015
1 4 2 7  -0.0921484190
1 4 6 7  -0.0000000003
1 5 1 7  0.0000000015
1 5 3 7  -0.0921484190
1 5 7 7  -0.0000000003
1 6 0 7  0.1090743798
1 6 2 7  0.0000000012
1 6 4 7  -0.0000000003
1 7 1 7  0.1090743798
1 7 3 7  0.0000000012
1 7 5 7  -0.0000000003
2 0 0 0  0.0000000005
2 0 2 0  0.0150077356
2 0 6 0  -0.0000000003
2 1 1 0  0.0000000005
2 1 3 0  0.0150077356
2 1 7 0  -0.0000000003
2 2 0 0  0.0150077356
2 2 2 0  0.0000000008
2 3 1 0  0.0150077356
2 3 3 0  0.0000000008
2 4 4 0  0.0000000002
2 4 6 0  -0.0156290867
2 5 5 0  0.0000000002
2 5 7 0  -0.0156290867
2 6 0 0  -0.0000000003
2 6 4 0  -0.0156290867
2 6 6 0  0.0000000007
2 7 1 0  -0.0000000003
2 7 5 0  -0.0156290867
2 7 7 0  0.0000000007
2 0 0 2  0.2030301020
2 0 2 2  0.0000000008
2 0 4 2  -0.0000000002
2 1 1 2  0.2030301020
2 1 3 2  0.0000000008
2 1 5 2  -0.0000000002
2 2 0 2  0.0000000008
2 2 2 2  0.2159059805
2 2 6 2  0.0000000003
2 3 1 2  0.0000000008
2 3 3 2  0.2159059805
2 3 7 2  0.0000000003
2 4 0 2  -0.0000000002
2 4 4 2  0.2172510133
2 4 6 2  -0.0000000013
2 5 1 2  -0.0000000002
2 5 5 2  0.2172510133
2 5 7 2  -0.0000000013
2 6 2 2  0.0000000003
2 6 4 2  -0.0000000013
2 6 6 2  0.2085810933
2 7 3 2  0.0000000003
2 7 5 2  -0.0000000013
2 7 7 2  0.2085810933
2 0 4 4  -0.0000000013
2 0 6 4  -0.0921484190
2 1 5 4  -0.0000000013
2 1 7 4  -0.0921484190
2 2 4 4  0.1193928121
2 2 6 4  -0.0000000017
2 3 5 4  0.1193928121
2 3 7 4  -0.0000000017
2 4 0 4  -0.0000000013
2 4 2 4  0.1193928121
2 4 6 4  0.0000000006
2 5 1 4  -0.0000000013
2 5 3 4  0.1193928121
2 5 7 4  0.0000000006
2 6 0 4  -0.0921484190
2 6 2 4  -0.0000000017
2 6 4 4  0.0000000006
2 7 1 4  -0.0921484190
2 7 3 4  -0.0000000017
2 7 5 4  0.0000000006
2 0 4 6  -0.0137487207
2 0 6 6  0.0000000012
2 1 5 6  -0.0137487207
2 1 7 6  0.0000000012
2 2 2 6  0.0000000003
2 2 4 6  -0.0000000017
2 2 6 6  0.0149776042
2 3 3 6  0.0000000003
2 3 5 6  -0.0000000017
2 3 7 6  0.0149776042
2 4 0 6  -0.0137487207
2 4 2 6  -0.0000000017
2 4 4 6  0.0000000004
2 5 1 6  -0.0137487207
2 5 3 6  -0.0000000017
2 5 5 6  0.0000000004
2 6 0 6  0.0000000012
2 6 2 6  0.0149776042
2 7 1 6  0.0000000012
2 7 3 6  0.0149776042
3 0 0 1  0.0000000005
3 0 2 1  0.0150077356
3 0 6 1  -0.0000000003
3 1 1 1  0.0000000005
3 1 3 1  0.0150077356
3 1 7 1  -0.0000000003
3 2 0 1  0.0150077356
3 2 2 1  0.0000000008
3 3 1 1  0.0150077356
3 3 3 1  0.0000000008
3 4 4 1  0.0000000002
3 4 6 1  -0.0156290867
3 5 5 1  0.0000000002
3 5 7 1  -0.0156290867
3 6 0 1  -0.0000000003
3 6 4 1  -0.0156290867
3 6 6 1  0.0000000007
3 7 1 1  -0.0000000003
3 7 5 1  -0.0156290867
3 7 7 1  0.0000000007
3 0 0 3  0.2030301020
3 0 2 3  0.0000000008
3 0 4 3  -0.0000000002
3 1 1 3  0.2030301020
3 1 3 3  0.0000000008
3 1 5 3  -0.0000000002
3 2 0 3  0.0000000008
3 2 2 3  0.2159059805
3 2 6 3  0.0000000003
3 3 1 3  0.0000000008
3 3 3 3  0.2159059805
3 3 7 3  0.0000000003
3 4 0 3  -0.0000000002
3 4 4 3  0.2172510133
3 4 6 3  -0.0000000013
3 5 1 3  -0.0000000002
3 5 5 3  0.2172510133
3 5 7 3  -0.0000000013
3 6 2 3  0.0000000003
3 6 4 3  -0.0000000013
3 6 6 3  0.2085810933
3 7 3 3  0.0000000003
3 7 5 3  -0.0000000013
3 7 7 3  0.2085810933
3 0 4 5  -0.0000000013
3 0 6 5  -0.0921484190
3 1 5 5  -0.0000000013
3 1 7 5  -0.0921484190
3 2 4 5  0.1193928121
3 2 6 5  -0.0000000017
3 3 5 5  0.1193928121
3 3 7 5  -0.0000000017
3 4 0 5  -0.0000000013
3 4 2 5  0.1193928121
3 4 6 5  0.0000000006
3 5 1 5  -0.0000000013
3 5 3 5  0.1193928121
3 5 7 5  0.0000000006
3 6 0 5  -0.0921484190
3 6 2 5  -0.0000000017
3 6 4 5  0.0000000006
3 7 1 5  -0.0921484190
3 7 3 5  -0.0000000017
3 7 5 5  0.0000000006
3 0 4 7  -0.0137487207
3 0 6 7  0.0000000012
3 1 5 7  -0.0137487207
3 1 7 7  0.0000000012
3 2 2 7  0.0000000003
3 2 4 7  -0.0000000017
3 2 6 7  0.0149776042
3 3 3 7  0.0000000003
3 3 5 7  -0.0000000017
3 3 7 7  0.0149776042
3 4 0 7  -0.0137487207
3 4 2 7  -0.0000000017
3 4 4 7  0.0000000004
3 5 1 7  -0.0137487207
3 5 3 7  -0.0000000017
3 5 5 7  0.0000000004
3 6 0 7  0.0000000012
3 6 2 7  0.0149776042
3 7 1 7  0.0000000012
3 7 3 7  0.0149776042
4 0 0 0  -0.0000000001
4 0 4 0  0.0126343011
4 0 6 0  0.0000000015
4 1 1 0  -0.0000000001
4 1 5 0  0.0126343011
4 1 7 0  0.0000000015
4 2 2 0  -0.0000000002
4 2 4 0  -0.0000000013
4 2 6 0  -0.0137487207
4 3 3 0  -0.0000000002
4 3 5 0  -0.0000000013
4 3 7 0  -0.0137487207
4 4 0 0  0.0126343011
4 4 2 0  -0.0000000013
4 4 4 0  -0.0000000003
4 5 1 0  0.0126343011
4 5 3 0  -0.0000000013
4 5 5 0  -0.0000000003
4 6 0 0  0.0000000015
4 6 2 0  -0.0137487207
4 6 6 0  -0.0000000002
4 7 1 0  0.0000000015
4 7 3 0  -0.0137487207
4 7 7 0  -0.0000000002
4 0 4 2  -0.0000000013
4 0 6 2  -0.0921484190
4 1 5 2  -0.0000000013
4 1 7 2  -0.0921484190
4 2 4 2  0.1193928121
4 2 6 2  -0.0000000017
4 3 5 2  0.1193928121
4 3 7 2  -0.0000000017
4 4 0 2  -0.0000000013
4 4 2 2  0.1193928121
4 4 6 2  0.0000000006
4 5 1 2  -0.0000000013
4 5 3 2  0.1193928121
4 5 7 2  0.0000000006
4 6 0 2  -0.0921484190
4 6 2 2  -0.0000000017
4 6 4 2  0.0000000006
4 7 1 2  -0.0921484190
4 7 3 2  -0.0000000017
4 7 5 2  0.0000000006
4 0 0 4  0.2030359285
4 0 2 4  0.0000000002
4 0 4 4  -0.0000000003
4 1 1 4  0.2030359285
4 1 3 4  0.0000000002
4 1 5 4  -0.0000000003
4 2 0 4  0.0000000002
4 2 2 4  0.2172510133
4 2 6 4  0.0000000004
4 3 1 4  0.0000000002
4 3 3 4  0.2172510133
4 3 7 4  0.0000000004
4 4 0 4  -0.0000000003
4 4 4 4  0.2186834091
4 4 6 4  -0.0000000007
4 5 1 4  -0.0000000003
4 5 5 4  0.2186834091
4 5 7 4  -0.0000000007
4 6 2 4  0.0000000004
4 6 4 4  -0.0000000007
4 6 6 4  0.2089608067
4 7 3 4  0.0000000004
4 7 5 4  -0.0000000007
4 7 7 4  0.2089608067
4 0 0 6  -0.0000000001
4 0 2 6  -0.0156290867
4 0 6 6  -0.0000000003
4 1 1 6  -0.0000000001
4 1 3 6  -0.0156290867
4 1 7 6  -0.0000000003
4 2 0 6  -0.0156290867
4 2 2 6  -0.0000000013
4 2 4 6  0.0000000006
4 3 1 6  -0.0156290867
4 3 3 6  -0.0000000013
4 3 5 6  0.0000000006
4 4 2 6  0.0000000006
4 4 4 6  -0.0000000007
4 4 6 6  0.0164668607
4 5 3 6  0.0000000006
4 5 5 6  -0.0000000007
4 5 7 6  0.0164668607
4 6 0 6  -0.0000000003
4 6 4 6  0.0164668607
4 6 6 6  -0.0000000005
4 7 1 6  -0.0000000003
4 7 5 6  0.0164668607
4 7 7 6  -0.0000000005
5 0 0 1  -0.0000000001
5 0 4 1  0.0126343011
5 0 6 1  0.0000000015
5 1 1 1  -0.0000000001
5 1 5 1  0.0126343011
5 1 7 1  0.0000000015
5 2 2 1  -0.0000000002
5 2 4 1  -0.0000000013
5 2 6 1  -0.0137487207
5 3 3 1  -0.0000000002
5 3 5 1  -0.0000000013
5 3 7 1  -0.0137487207
5 4 0 1  0.0126343011
5 4 2 1  -0.0000000013
5 4 4 1  -0.0000000003
5 5 1 1  0.0126343011
5 5 3 1  -0.0000000013
5 5 5 1  -0.0000000003
5 6 0 1  0.0000000015
5 6 2 1  -0.0137487207
5 6 6 1  -0.0000000002
5 7 1 1  0.0000000015
5 7 3 1  -0.0137487207
5 7 7 1  -0.0000000002
5 0 4 3  -0.0000000013
5 0 6 3  -0.0921484190
5 1 5 3  -0.0000000013
5 1 7 3  -0.0921484190
5 2 4 3  0.1193928121
5 2 6 3  -0.0000000017
5 3 5 3  0.1193928121
5 3 7 3  -0.0000000017
5 4 0 3  -0.0000000013
5 4 2 3  0.1193928121
5 4 6 3  0.0000000006
5 5 1 3  -0.0000000013
5 5 3 3  0.1193928121
5 5 7 3  0.0000000006
5 6 0 3  -0.0921484190
5 6 2 3  -0.0000000017
5 6 4 3  0.0000000006
5 7 1 3  -0.0921484190
5 7 3 3  -0.0000000017
5 7 5 3  0.0000000006
5 0 0 5  0.2030359285
5 0 2 5  0.0000000002
5 0 4 5  -0.0000000003
5 1 1 5  0.2030359285
5 1 3 5  0.0000000002
5 1 5 5  -0.0000000003
5 2 0 5  0.0000000002
5 2 2 5  0.2172510133
5 2 6 5  0.0000000004
5 3 1 5  0.0000000002
5 3 3 5  0.2172510133
5 3 7 5  0.0000000004
5 4 0 5  -0.0000000003
5 4 4 5  0.2186834091
5 4 6 5  -0.0000000007
5 5 1 5  -0.0000000003
5 5 5 5  0.2186834091
5 5 7 5  -0.0000000007
5 6 2 5  0.0000000004
5 6 4 5  -0.0000000007
5 6 6 5  0.2089608067
5 7 3 5  0.0000000004
5 7 5 5  -0.0000000007
5 7 7 5  0.2089608067
5 0 0 7  -0.0000000001
5 0 2 7  -0.0156290867
5 0 6 7  -0.0000000003
5 1 1 7  -0.0000000001
5 1 3 7  -0.0156290867
5 1 7 7  -0.0000000003
5 2 0 7  -0.0156290867
5 2 2 7  -0.0000000013
5 2 4 7  0.0000000006
5 3 1 7  -0.0156290867
5 3 3 7  -0.0000000013
5 3 5 7  0.0000000006
5 4 2 7  0.0000000006
5 4 4 7  -0.0000000007
5 4 6 7  0.0164668607
5 5 3 7  0.0000000006
5 5 5 7  -0.0000000007
5 5 7 7  0.0164668607
5 6 0 7  -0.0000000003
5 6 4 7  0.0164668607
5 6 6 7  -0.0000000005
5 7 1 7  -0.0000000003
5 7 5 7  0.0164668607
5 7 7 7  -0.0000000005
6 0 2 0  -0.0000000003
6 0 4 0  0.0000000015
6 0 6 0  0.1090743798
6 1 3 0  -0.0000000003
6 1 5 0  0.0000000015
6 1 7 0  0.1090743798
6 2 0 0  -0.0000000003
6 2 4 0  -0.0921484190
6 2 6 0  0.0000000012
6 3 1 0  -0.0000000003
6 3 5 0  -0.0921484190
6 3 7 0  0.0000000012
6 4 0 0  0.0000000015
6 4 2 0  -0.0921484190
6 4 6 0  -0.0000000003
6 5 1 0  0.0000000015
6 5 3 0  -0.0921484190
6 5 7 0  -0.0000000003
6 6 0 0  0.1090743798
6 6 2 0  0.0000000012
6 6 4 0  -0.0000000003
6 7 1 0  0.1090743798
6 7 3 0  0.0000000012
6 7 5 0  -0.0000000003
6 0 4 2  -0.0137487207
6 0 6 2  0.0000000012
6 1 5 2  -0.0137487207
6 1 7 2  0.0000000012
6 2 2 2  0.0000000003
6 2 4 2  -0.0000000017
6 2 6 2  0.0149776042
6 3 3 2  0.0000000003
6 3 5 2  -0.0000000017
6 3 7 2  0.0149776042
6 4 0 2  -0.0137487207
6 4 2 2  -0.0000000017
6 4 4 2  0.0000000004
6 5 1 2  -0.0137487207
6 5 3 2  -0.0000000017
6 5 5 2  0.0000000004
6 6 0 2  0.0000000012
6 6 2 2  0.0149776042
6 7 1 2  0.0000000012
6 7 3 2  0.0149776042
6 0 0 4  -0.0000000001
6 0 2 4  -0.0156290867
6 0 6 4  -0.0000000003
6 1 1 4  -0.0000000001
6 1 3 4  -0.0156290867
6 1 7 4  -0.0000000003
6 2 0 4  -0.0156290867
6 2 2 4  -0.0000000013
6 2 4 4  0.0000000006
6 3 1 4  -0.0156290867
6 3 3 4  -0.0000000013
6 3 5 4  0.0000000006
6 4 2 4  0.0000000006
6 4 4 4  -0.0000000007
6 4 6 4  0.0164668607
6 5 3 4  0.0000000006
6 5 5 4  -0.0000000007
6 5 7 4  0.0164668607
6 6 0 4  -0.0000000003
6 6 4 4  0.0164668607
6 6 6 4  -0.0000000005
6 7 1 4  -0.0000000003
6 7 5 4  0.0164668607
6 7 7 4  -0.0000000005
6 0 0 6  0.2459016607
6 0 2 6  0.0000000007
6 0 4 6  -0.0000000002
6 1 1 6  0.2459016607
6 1 3 6  0.0000000007
6 1 5 6  -0.0000000002
6 2 0 6  0.0000000007
6 2 2 6  0.2085810933
6 3 1 6  0.0000000007
6 3 3 6  0.2085810933
6 4 0 6  -0.0000000002
6 4 4 6  0.2089608067
6 4 6 6  -0.0000000005
6 5 1 6  -0.0000000002
6 5 5 6  0.2089608067
6 5 7 6  -0.0000000005
6 6 4 6  -0.0000000005
6 6 6 6  0.2505049348
6 7 5 6  -0.0000000005
6 7 7 6  0.2505049348
7 0 2 1  -0.0000000003
7 0 4 1  0.0000000015
7 0 6 1  0.1090743798
7 1 3 1  -0.0000000003
7 1 5 1  0.0000000015
7 1 7 1  0.1090743798
7 2 0 1  -0.0000000003
7 2 4 1  -0.0921484190
7 2 6 1  0.0000000012
7 3 1 1  -0.0000000003
7 3 5 1  -0.0921484190
7 3 7 1  0.0000000012
7 4 0 1  0.0000000015
7 4 2 1  -0.0921484190
7 4 6 1  -0.0000000003
7 5 1 1  0.0000000015
7 5 3 1  -0.0921484190
7 5 7 1  -0.0000000003
7 6 0 1  0.1090743798
7 6 2 1  0.0000000012
7 6 4 1  -0.0000000003
7 7 1 1  0.1090743798
7 7 3 1  0.0000000012
7 7 5 1  -0.0000000003
7 0 4 3  -0.0137487207
7 0 6 3  0.0000000012
7 1 5 3  -0.0137487207
7 1 7 3  0.0000000012
7 2 2 3  0.0000000003
7 2 4 3  -0.0000000017
7 2 6 3  0.0149776042
7 3 3 3  0.0000000003
7 3 5 3  -0.0000000017
7 3 7 3  0.0149776042
7 4 0 3  -0.0137487207
7 4 2 3  -0.0000000017
7 4 4 3  0.0000000004
7 5 1 3  -0.0137487207
7 5 3 3  -0.0000000017
7 5 5 3  0.0000000004
7 6 0 3  0.0000000012
7 6 2 3  0.0149776042
7 7 1 3  0.0000000012
7 7 3 3  0.0149776042
7 0 0 5  -0.0000000001
7 0 2 5  -0.0156290867
7 0 6 5  -0.0000000003
7 1 1 5  -0.0000000001
7 1 3 5  -0.0156290867
7 1 7 5  -0.0000000003
7 2 0 5  -0.0156290867
7 2 2 5  -0.0000000013
7 2 4 5  0.0000000006
7 3 1 5  -0.0156290867
7 3 3 5  -0.0000000013
7 3 5 5  0.0000000006
7 4 2 5  0.0000000006
7 4 4 5  -0.0000000007
7 4 6 5  0.0164668607
7 5 3 5  0.0000000006
7 5 5 5  -0.0000000007
7 5 7 5  0.0164668607
7 6 0 5  -0.0000000003
7 6 4 5  0.0164668607
7 6 6 5  -0.0000000005
7 7 1 5  -0.0000000003
7 7 5 5  0.0164668607
7 7 7 5  -0.0000000005
7 0 0 7  0.2459016607
7 0 2 7  0.0000000007
7 0 4 7  -0.0000000002
7 1 1 7  0.2459016607
7 1 3 7  0.0000000007
7 1 5 7  -0.0000000002
7 2 0 7  0.0000000007
7 2 2 7  0.2085810933
7 3 1 7  0.0000000007
7 3 3 7  0.2085810933
7 4 0 7  -0.0000000002
7 4 4 7  0.2089608067
7 4 6 7  -0.0000000005
7 5 1 7  -0.0000000002
7 5 5 7  0.2089608067
7 5 7 7  -0.0000000005
7 6 4 7  -0.0000000005
7 6 6 7  0.2505049348
7 7 5 7  -0.0000000005
7 7 7 7  0.2505049348
