 MO Integrals with frozen core/virtual approximation

-72.79337555947585
0 0  -2.3163005241
0 2  -0.0000000007
0 4  -0.0000000002
0 6  -0.0000000004
1 1  -2.3163005241
1 3  -0.0000000007
1 5  -0.0000000002
1 7  -0.0000000004
2 0  -0.0000000007
2 2  -1.6795108246
2 4  0.0000000004
2 6  -0.0000000021
3 1  -0.0000000007
3 3  -1.6795108246
3 5  0.0000000004
3 7  -0.0000000021
4 0  -0.0000000002
4 2  0.0000000004
4 4  -1.5033783375
4 6  0.0000000013
5 1  -0.0000000002
5 3  0.0000000004
5 5  -1.5033783375
5 7  0.0000000013
6 0  -0.0000000004
6 2  -0.0000000021
6 4  0.0000000013
6 6  -1.4315039931
7 1  -0.0000000004
7 3  -0.0000000021
7 5  0.0000000013
7 7  -1.4315039931
0 0 0 0  0.3351704365
0 0 4 0  0.0000000001
0 1 1 0  0.3351704365
0 1 5 0  0.0000000001
0 2 2 0  0.2525938927
0 2 6 0  0.0000000004
0 3 3 0  0.2525938927
0 3 7 0  0.0000000004
0 4 0 0  0.0000000001
0 4 4 0  0.2459355430
0 4 6 0  0.0000000013
0 5 1 0  0.0000000001
0 5 5 0  0.2459355430
0 5 7 0  0.0000000013
0 6 2 0  0.0000000004
0 6 4 0  0.0000000013
0 6 6 0  0.3043952475
0 7 3 0  0.0000000004
0 7 5 0  0.0000000013
0 7 7 0  0.3043952475
0 0 2 2  0.0318187528
0 0 6 2  0.0000000002
0 1 3 2  0.0318187528
0 1 7 2  0.0000000002
0 2 0 2  0.0318187528
0 2 4 2  -0.0000000006
0 3 1 2  0.0318187528
0 3 5 2  -0.0000000006
0 4 2 2  -0.0000000006
0 4 4 2  -0.0000000005
0 4 6 2  -0.0265535659
0 5 3 2  -0.0000000006
0 5 5 2  -0.0000000005
0 5 7 2  -0.0265535659
0 6 0 2  0.0000000002
0 6 4 2  -0.0265535659
0 6 6 2  0.0000000010
0 7 1 2  0.0000000002
0 7 5 2  -0.0265535659
0 7 7 2  0.0000000010
0 0 0 4  0.0000000001
0 0 4 4  0.0151882872
0 0 6 4  0.0000000012
0 1 1 4  0.0000000001
0 1 5 4  0.0151882872
0 1 7 4  0.0000000012
0 2 2 4  -0.0000000003
0 2 4 4  -0.0000000014
0 2 6 4  -0.0171048097
0 3 3 4  -0.0000000003
0 3 5 4  -0.0000000014
0 3 7 4  -0.0171048097
0 4 0 4  0.0151882872
0 4 2 4  -0.0000000014
0 4 4 4  -0.0000000003
0 5 1 4  0.0151882872
0 5 3 4  -0.0000000014
0 5 5 4  -0.0000000003
0 6 0 4  0.0000000012
0 6 2 4  -0.0171048097
0 7 1 4  0.0000000012
0 7 3 4  -0.0171048097
0 0 2 6  0.0000000002
0 0 4 6  0.0000000012
0 0 6 6  0.0728384854
0 1 3 6  0.0000000002
0 1 5 6  0.0000000012
0 1 7 6  0.0728384854
0 2 0 6  0.0000000002
0 2 4 6  -0.0647280618
0 2 6 6  0.0000000016
0 3 1 6  0.0000000002
0 3 5 6  -0.0647280618
0 3 7 6  0.0000000016
0 4 0 6  0.0000000012
0 4 2 6  -0.0647280618
0 4 6 6  -0.0000000001
0 5 1 6  0.0000000012
0 5 3 6  -0.0647280618
0 5 7 6  -0.0000000001
0 6 0 6  0.0728384854
0 6 2 6  0.0000000016
0 6 4 6  -0.0000000001
0 7 1 6  0.0728384854
0 7 3 6  0.0000000016
0 7 5 6  -0.0000000001
1 0 0 1  0.3351704365
1 0 4 1  0.0000000001
1 1 1 1  0.3351704365
1 1 5 1  0.0000000001
1 2 2 1  0.2525938927
1 2 6 1  0.0000000004
1 3 3 1  0.2525938927
1 3 7 1  0.0000000004
1 4 0 1  0.0000000001
1 4 4 1  0.2459355430
1 4 6 1  0.0000000013
1 5 1 1  0.0000000001
1 5 5 1  0.2459355430
1 5 7 1  0.0000000013
1 6 2 1  0.0000000004
1 6 4 1  0.0000000013
1 6 6 1  0.3043952475
1 7 3 1  0.0000000004
1 7 5 1  0.0000000013
1 7 7 1  0.3043952475
1 0 2 3  0.0318187528
1 0 6 3  0.0000000002
1 1 3 3  0.0318187528
1 1 7 3  0.0000000002
1 2 0 3  0.0318187528
1 2 4 3  -0.0000000006
1 3 1 3  0.0318187528
1 3 5 3  -0.0000000006
1 4 2 3  -0.0000000006
1 4 4 3  -0.0000000005
1 4 6 3  -0.0265535659
1 5 3 3  -0.0000000006
1 5 5 3  -0.0000000005
1 5 7 3  -0.0265535659
1 6 0 3  0.0000000002
1 6 4 3  -0.0265535659
1 6 6 3  0.0000000010
1 7 1 3  0.0000000002
1 7 5 3  -0.0265535659
1 7 7 3  0.0000000010
1 0 0 5  0.0000000001
1 0 4 5  0.0151882872
1 0 6 5  0.0000000012
1 1 1 5  0.0000000001
1 1 5 5  0.0151882872
1 1 7 5  0.0000000012
1 2 2 5  -0.0000000003
1 2 4 5  -0.0000000014
1 2 6 5  -0.0171048097
1 3 3 5  -0.0000000003
1 3 5 5  -0.0000000014
1 3 7 5  -0.0171048097
1 4 0 5  0.0151882872
1 4 2 5  -0.0000000014
1 4 4 5  -0.0000000003
1 5 1 5  0.0151882872
1 5 3 5  -0.0000000014
1 5 5 5  -0.0000000003
1 6 0 5  0.0000000012
1 6 2 5  -0.0171048097
1 7 1 5  0.0000000012
1 7 3 5  -0.0171048097
1 0 2 7  0.0000000002
1 0 4 7  0.0000000012
1 0 6 7  0.0728384854
1 1 3 7  0.0000000002
1 1 5 7  0.0000000012
1 1 7 7  0.0728384854
1 2 0 7  0.0000000002
1 2 4 7  -0.0647280618
1 2 6 7  0.0000000016
1 3 1 7  0.0000000002
1 3 5 7  -0.0647280618
1 3 7 7  0.0000000016
1 4 0 7  0.0000000012
1 4 2 7  -0.0647280618
1 4 6 7  -0.0000000001
1 5 1 7  0.0000000012
1 5 3 7  -0.0647280618
1 5 7 7  -0.0000000001
1 6 0 7  0.0728384854
1 6 2 7  0.0000000016
1 6 4 7  -0.0000000001
1 7 1 7  0.0728384854
1 7 3 7  0.0000000016
1 7 5 7  -0.0000000001
2 0 2 0  0.0318187528
2 0 6 0  0.0000000002
2 1 3 0  0.0318187528
2 1 7 0  0.0000000002
2 2 0 0  0.0318187528
2 2 4 0  -0.0000000006
2 3 1 0  0.0318187528
2 3 5 0  -0.0000000006
2 4 2 0  -0.0000000006
2 4 4 0  -0.0000000005
2 4 6 0  -0.0265535659
2 5 3 0  -0.0000000006
2 5 5 0  -0.0000000005
2 5 7 0  -0.0265535659
2 6 0 0  0.0000000002
2 6 4 0  -0.0265535659
2 6 6 0  0.0000000010
2 7 1 0  0.0000000002
2 7 5 0  -0.0265535659
2 7 7 0  0.0000000010
2 0 0 2  0.2525938927
2 0 4 2  -0.0000000003
2 1 1 2  0.2525938927
2 1 5 2  -0.0000000003
2 2 2 2  0.2410228833
2 2 6 2  0.0000000005
2 3 3 2  0.2410228833
2 3 7 2  0.0000000005
2 4 0 2  -0.0000000003
2 4 4 2  0.2434436899
2 4 6 2  0.0000000002
2 5 1 2  -0.0000000003
2 5 5 2  0.2434436899
2 5 7 2  0.0000000002
2 6 2 2  0.0000000005
2 6 4 2  0.0000000002
2 6 6 2  0.2475171610
2 7 3 2  0.0000000005
2 7 5 2  0.0000000002
2 7 7 2  0.2475171610
2 0 2 4  -0.0000000006
2 0 4 4  -0.0000000014
2 0 6 4  -0.0647280618
2 1 3 4  -0.0000000006
2 1 5 4  -0.0000000014
2 1 7 4  -0.0647280618
2 2 0 4  -0.0000000006
2 2 4 4  0.0949142756
2 2 6 4  -0.0000000016
2 3 1 4  -0.0000000006
2 3 5 4  0.0949142756
2 3 7 4  -0.0000000016
2 4 0 4  -0.0000000014
2 4 2 4  0.0949142756
2 4 6 4  0.0000000005
2 5 1 4  -0.0000000014
2 5 3 4  0.0949142756
2 5 7 4  0.0000000005
2 6 0 4  -0.0647280618
2 6 2 4  -0.0000000016
2 6 4 4  0.0000000005
2 7 1 4  -0.0647280618
2 7 3 4  -0.0000000016
2 7 5 4  0.0000000005
2 0 0 6  0.0000000004
2 0 4 6  -0.0171048097
2 0 6 6  0.0000000016
2 1 1 6  0.0000000004
2 1 5 6  -0.0171048097
2 1 7 6  0.0000000016
2 2 2 6  0.0000000005
2 2 4 6  -0.0000000016
2 2 6 6  0.0195255726
2 3 3 6  0.0000000005
2 3 5 6  -0.0000000016
2 3 7 6  0.0195255726
2 4 0 6  -0.0171048097
2 4 2 6  -0.0000000016
2 4 4 6  0.0000000005
2 5 1 6  -0.0171048097
2 5 3 6  -0.0000000016
2 5 5 6  0.0000000005
2 6 0 6  0.0000000016
2 6 2 6  0.0195255726
2 6 6 6  0.0000000003
2 7 1 6  0.0000000016
2 7 3 6  0.0195255726
2 7 7 6  0.0000000003
3 0 2 1  0.0318187528
3 0 6 1  0.0000000002
3 1 3 1  0.0318187528
3 1 7 1  0.0000000002
3 2 0 1  0.0318187528
3 2 4 1  -0.0000000006
3 3 1 1  0.0318187528
3 3 5 1  -0.0000000006
3 4 2 1  -0.0000000006
3 4 4 1  -0.0000000005
3 4 6 1  -0.0265535659
3 5 3 1  -0.0000000006
3 5 5 1  -0.0000000005
3 5 7 1  -0.0265535659
3 6 0 1  0.0000000002
3 6 4 1  -0.0265535659
3 6 6 1  0.0000000010
3 7 1 1  0.0000000002
3 7 5 1  -0.0265535659
3 7 7 1  0.0000000010
3 0 0 3  0.2525938927
3 0 4 3  -0.0000000003
3 1 1 3  0.2525938927
3 1 5 3  -0.0000000003
3 2 2 3  0.2410228833
3 2 6 3  0.0000000005
3 3 3 3  0.2410228833
3 3 7 3  0.0000000005
3 4 0 3  -0.0000000003
3 4 4 3  0.2434436899
3 4 6 3  0.0000000002
3 5 1 3  -0.0000000003
3 5 5 3  0.2434436899
3 5 7 3  0.0000000002
3 6 2 3  0.0000000005
3 6 4 3  0.0000000002
3 6 6 3  0.2475171610
3 7 3 3  0.0000000005
3 7 5 3  0.0000000002
3 7 7 3  0.2475171610
3 0 2 5  -0.0000000006
3 0 4 5  -0.0000000014
3 0 6 5  -0.0647280618
3 1 3 5  -0.0000000006
3 1 5 5  -0.0000000014
3 1 7 5  -0.0647280618
3 2 0 5  -0.0000000006
3 2 4 5  0.0949142756
3 2 6 5  -0.0000000016
3 3 1 5  -0.0000000006
3 3 5 5  0.0949142756
3 3 7 5  -0.0000000016
3 4 0 5  -0.0000000014
3 4 2 5  0.0949142756
3 4 6 5  0.0000000005
3 5 1 5  -0.0000000014
3 5 3 5  0.0949142756
3 5 7 5  0.0000000005
3 6 0 5  -0.0647280618
3 6 2 5  -0.0000000016
3 6 4 5  0.0000000005
3 7 1 5  -0.0647280618
3 7 3 5  -0.0000000016
3 7 5 5  0.0000000005
3 0 0 7  0.0000000004
3 0 4 7  -0.0171048097
3 0 6 7  0.0000000016
3 1 1 7  0.0000000004
3 1 5 7  -0.0171048097
3 1 7 7  0.0000000016
3 2 2 7  0.0000000005
3 2 4 7  -0.0000000016
3 2 6 7  0.0195255726
3 3 3 7  0.0000000005
3 3 5 7  -0.0000000016
3 3 7 7  0.0195255726
3 4 0 7  -0.0171048097
3 4 2 7  -0.0000000016
3 4 4 7  0.0000000005
3 5 1 7  -0.0171048097
3 5 3 7  -0.0000000016
3 5 5 7  0.0000000005
3 6 0 7  0.0000000016
3 6 2 7  0.0195255726
3 6 6 7  0.0000000003
3 7 1 7  0.0000000016
3 7 3 7  0.0195255726
3 7 7 7  0.0000000003
4 0 0 0  0.0000000001
4 0 4 0  0.0151882872
4 0 6 0  0.0000000012
4 1 1 0  0.0000000001
4 1 5 0  0.0151882872
4 1 7 0  0.0000000012
4 2 2 0  -0.0000000003
4 2 4 0  -0.0000000014
4 2 6 0  -0.0171048097
4 3 3 0  -0.0000000003
4 3 5 0  -0.0000000014
4 3 7 0  -0.0171048097
4 4 0 0  0.0151882872
4 4 2 0  -0.0000000014
4 4 4 0  -0.0000000003
4 5 1 0  0.0151882872
4 5 3 0  -0.0000000014
4 5 5 0  -0.0000000003
4 6 0 0  0.0000000012
4 6 2 0  -0.0171048097
4 7 1 0  0.0000000012
4 7 3 0  -0.0171048097
4 0 2 2  -0.0000000006
4 0 4 2  -0.0000000014
4 0 6 2  -0.0647280618
4 1 3 2  -0.0000000006
4 1 5 2  -0.0000000014
4 1 7 2  -0.0647280618
4 2 0 2  -0.0000000006
4 2 4 2  0.0949142756
4 2 6 2  -0.0000000016
4 3 1 2  -0.0000000006
4 3 5 2  0.0949142756
4 3 7 2  -0.0000000016
4 4 0 2  -0.0000000014
4 4 2 2  0.0949142756
4 4 6 2  0.0000000005
4 5 1 2  -0.0000000014
4 5 3 2  0.0949142756
4 5 7 2  0.0000000005
4 6 0 2  -0.0647280618
4 6 2 2  -0.0000000016
4 6 4 2  0.0000000005
4 7 1 2  -0.0647280618
4 7 3 2  -0.0000000016
4 7 5 2  0.0000000005
4 0 0 4  0.2459355430
4 0 2 4  -0.0000000005
4 0 4 4  -0.0000000003
4 1 1 4  0.2459355430
4 1 3 4  -0.0000000005
4 1 5 4  -0.0000000003
4 2 0 4  -0.0000000005
4 2 2 4  0.2434436899
4 2 6 4  0.0000000005
4 3 1 4  -0.0000000005
4 3 3 4  0.2434436899
4 3 7 4  0.0000000005
4 4 0 4  -0.0000000003
4 4 4 4  0.2492267014
4 4 6 4  0.0000000006
4 5 1 4  -0.0000000003
4 5 5 4  0.2492267014
4 5 7 4  0.0000000006
4 6 2 4  0.0000000005
4 6 4 4  0.0000000006
4 6 6 4  0.2471745933
4 7 3 4  0.0000000005
4 7 5 4  0.0000000006
4 7 7 4  0.2471745933
4 0 0 6  0.0000000013
4 0 2 6  -0.0265535659
4 0 6 6  -0.0000000001
4 1 1 6  0.0000000013
4 1 3 6  -0.0265535659
4 1 7 6  -0.0000000001
4 2 0 6  -0.0265535659
4 2 2 6  0.0000000002
4 2 4 6  0.0000000005
4 3 1 6  -0.0265535659
4 3 3 6  0.0000000002
4 3 5 6  0.0000000005
4 4 2 6  0.0000000005
4 4 4 6  0.0000000006
4 4 6 6  0.0248345086
4 5 3 6  0.0000000005
4 5 5 6  0.0000000006
4 5 7 6  0.0248345086
4 6 0 6  -0.0000000001
4 6 4 6  0.0248345086
4 6 6 6  0.0000000002
4 7 1 6  -0.0000000001
4 7 5 6  0.0248345086
4 7 7 6  0.0000000002
5 0 0 1  0.0000000001
5 0 4 1  0.0151882872
5 0 6 1  0.0000000012
5 1 1 1  0.0000000001
5 1 5 1  0.0151882872
5 1 7 1  0.0000000012
5 2 2 1  -0.0000000003
5 2 4 1  -0.0000000014
5 2 6 1  -0.0171048097
5 3 3 1  -0.0000000003
5 3 5 1  -0.0000000014
5 3 7 1  -0.0171048097
5 4 0 1  0.0151882872
5 4 2 1  -0.0000000014
5 4 4 1  -0.0000000003
5 5 1 1  0.0151882872
5 5 3 1  -0.0000000014
5 5 5 1  -0.0000000003
5 6 0 1  0.0000000012
5 6 2 1  -0.0171048097
5 7 1 1  0.0000000012
5 7 3 1  -0.0171048097
5 0 2 3  -0.0000000006
5 0 4 3  -0.0000000014
5 0 6 3  -0.0647280618
5 1 3 3  -0.0000000006
5 1 5 3  -0.0000000014
5 1 7 3  -0.0647280618
5 2 0 3  -0.0000000006
5 2 4 3  0.0949142756
5 2 6 3  -0.0000000016
5 3 1 3  -0.0000000006
5 3 5 3  0.0949142756
5 3 7 3  -0.0000000016
5 4 0 3  -0.0000000014
5 4 2 3  0.0949142756
5 4 6 3  0.0000000005
5 5 1 3  -0.0000000014
5 5 3 3  0.0949142756
5 5 7 3  0.0000000005
5 6 0 3  -0.0647280618
5 6 2 3  -0.0000000016
5 6 4 3  0.0000000005
5 7 1 3  -0.0647280618
5 7 3 3  -0.0000000016
5 7 5 3  0.0000000005
5 0 0 5  0.2459355430
5 0 2 5  -0.0000000005
5 0 4 5  -0.0000000003
5 1 1 5  0.2459355430
5 1 3 5  -0.0000000005
5 1 5 5  -0.0000000003
5 2 0 5  -0.0000000005
5 2 2 5  0.2434436899
5 2 6 5  0.0000000005
5 3 1 5  -0.0000000005
5 3 3 5  0.2434436899
5 3 7 5  0.0000000005
5 4 0 5  -0.0000000003
5 4 4 5  0.2492267014
5 4 6 5  0.0000000006
5 5 1 5  -0.0000000003
5 5 5 5  0.2492267014
5 5 7 5  0.0000000006
5 6 2 5  0.0000000005
5 6 4 5  0.0000000006
5 6 6 5  0.2471745933
5 7 3 5  0.0000000005
5 7 5 5  0.0000000006
5 7 7 5  0.2471745933
5 0 0 7  0.0000000013
5 0 2 7  -0.0265535659
5 0 6 7  -0.0000000001
5 1 1 7  0.0000000013
5 1 3 7  -0.0265535659
5 1 7 7  -0.0000000001
5 2 0 7  -0.0265535659
5 2 2 7  0.0000000002
5 2 4 7  0.0000000005
5 3 1 7  -0.0265535659
5 3 3 7  0.0000000002
5 3 5 7  0.0000000005
5 4 2 7  0.0000000005
5 4 4 7  0.0000000006
5 4 6 7  0.0248345086
5 5 3 7  0.0000000005
5 5 5 7  0.0000000006
5 5 7 7  0.0248345086
5 6 0 7  -0.0000000001
5 6 4 7  0.0248345086
5 6 6 7  0.0000000002
5 7 1 7  -0.0000000001
5 7 5 7  0.0248345086
5 7 7 7  0.0000000002
6 0 2 0  0.0000000002
6 0 4 0  0.0000000012
6 0 6 0  0.0728384854
6 1 3 0  0.0000000002
6 1 5 0  0.0000000012
6 1 7 0  0.0728384854
6 2 0 0  0.0000000002
6 2 4 0  -0.0647280618
6 2 6 0  0.0000000016
6 3 1 0  0.0000000002
6 3 5 0  -0.0647280618
6 3 7 0  0.0000000016
6 4 0 0  0.0000000012
6 4 2 0  -0.0647280618
6 4 6 0  -0.0000000001
6 5 1 0  0.0000000012
6 5 3 0  -0.0647280618
6 5 7 0  -0.0000000001
6 6 0 0  0.0728384854
6 6 2 0  0.0000000016
6 6 4 0  -0.0000000001
6 7 1 0  0.0728384854
6 7 3 0  0.0000000016
6 7 5 0  -0.0000000001
6 0 0 2  0.0000000004
6 0 4 2  -0.0171048097
6 0 6 2  0.0000000016
6 1 1 2  0.0000000004
6 1 5 2  -0.0171048097
6 1 7 2  0.0000000016
6 2 2 2  0.0000000005
6 2 4 2  -0.0000000016
6 2 6 2  0.0195255726
6 3 3 2  0.0000000005
6 3 5 2  -0.0000000016
6 3 7 2  0.0195255726
6 4 0 2  -0.0171048097
6 4 2 2  -0.0000000016
6 4 4 2  0.0000000005
6 5 1 2  -0.0171048097
6 5 3 2  -0.0000000016
6 5 5 2  0.0000000005
6 6 0 2  0.0000000016
6 6 2 2  0.0195255726
6 6 6 2  0.0000000003
6 7 1 2  0.0000000016
6 7 3 2  0.0195255726
6 7 7 2  0.0000000003
6 0 0 4  0.0000000013
6 0 2 4  -0.0265535659
6 0 6 4  -0.0000000001
6 1 1 4  0.0000000013
6 1 3 4  -0.0265535659
6 1 7 4  -0.0000000001
6 2 0 4  -0.0265535659
6 2 2 4  0.0000000002
6 2 4 4  0.0000000005
6 3 1 4  -0.0265535659
6 3 3 4  0.0000000002
6 3 5 4  0.0000000005
6 4 2 4  0.0000000005
6 4 4 4  0.0000000006
6 4 6 4  0.0248345086
6 5 3 4  0.0000000005
6 5 5 4  0.0000000006
6 5 7 4  0.0248345086
6 6 0 4  -0.0000000001
6 6 4 4  0.0248345086
6 6 6 4  0.0000000002
6 7 1 4  -0.0000000001
6 7 5 4  0.0248345086
6 7 7 4  0.0000000002
6 0 0 6  0.3043952475
6 0 2 6  0.0000000010
6 1 1 6  0.3043952475
6 1 3 6  0.0000000010
6 2 0 6  0.0000000010
6 2 2 6  0.2475171610
6 2 6 6  0.0000000003
6 3 1 6  0.0000000010
6 3 3 6  0.2475171610
6 3 7 6  0.0000000003
6 4 4 6  0.2471745933
6 4 6 6  0.0000000002
6 5 5 6  0.2471745933
6 5 7 6  0.0000000002
6 6 2 6  0.0000000003
6 6 4 6  0.0000000002
6 6 6 6  0.2960631752
6 7 3 6  0.0000000003
6 7 5 6  0.0000000002
6 7 7 6  0.2960631752
7 0 2 1  0.0000000002
7 0 4 1  0.0000000012
7 0 6 1  0.0728384854
7 1 3 1  0.0000000002
7 1 5 1  0.0000000012
7 1 7 1  0.0728384854
7 2 0 1  0.0000000002
7 2 4 1  -0.0647280618
7 2 6 1  0.0000000016
7 3 1 1  0.0000000002
7 3 5 1  -0.0647280618
7 3 7 1  0.0000000016
7 4 0 1  0.0000000012
7 4 2 1  -0.0647280618
7 4 6 1  -0.0000000001
7 5 1 1  0.0000000012
7 5 3 1  -0.0647280618
7 5 7 1  -0.0000000001
7 6 0 1  0.0728384854
7 6 2 1  0.0000000016
7 6 4 1  -0.0000000001
7 7 1 1  0.0728384854
7 7 3 1  0.0000000016
7 7 5 1  -0.0000000001
7 0 0 3  0.0000000004
7 0 4 3  -0.0171048097
7 0 6 3  0.0000000016
7 1 1 3  0.0000000004
7 1 5 3  -0.0171048097
7 1 7 3  0.0000000016
7 2 2 3  0.0000000005
7 2 4 3  -0.0000000016
7 2 6 3  0.0195255726
7 3 3 3  0.0000000005
7 3 5 3  -0.0000000016
7 3 7 3  0.0195255726
7 4 0 3  -0.0171048097
7 4 2 3  -0.0000000016
7 4 4 3  0.0000000005
7 5 1 3  -0.0171048097
7 5 3 3  -0.0000000016
7 5 5 3  0.0000000005
7 6 0 3  0.0000000016
7 6 2 3  0.0195255726
7 6 6 3  0.0000000003
7 7 1 3  0.0000000016
7 7 3 3  0.0195255726
7 7 7 3  0.0000000003
7 0 0 5  0.0000000013
7 0 2 5  -0.0265535659
7 0 6 5  -0.0000000001
7 1 1 5  0.0000000013
7 1 3 5  -0.0265535659
7 1 7 5  -0.0000000001
7 2 0 5  -0.0265535659
7 2 2 5  0.0000000002
7 2 4 5  0.0000000005
7 3 1 5  -0.0265535659
7 3 3 5  0.0000000002
7 3 5 5  0.0000000005
7 4 2 5  0.0000000005
7 4 4 5  0.0000000006
7 4 6 5  0.0248345086
7 5 3 5  0.0000000005
7 5 5 5  0.0000000006
7 5 7 5  0.0248345086
7 6 0 5  -0.0000000001
7 6 4 5  0.0248345086
7 6 6 5  0.0000000002
7 7 1 5  -0.0000000001
7 7 5 5  0.0248345086
7 7 7 5  0.0000000002
7 0 0 7  0.3043952475
7 0 2 7  0.0000000010
7 1 1 7  0.3043952475
7 1 3 7  0.0000000010
7 2 0 7  0.0000000010
7 2 2 7  0.2475171610
7 2 6 7  0.0000000003
7 3 1 7  0.0000000010
7 3 3 7  0.2475171610
7 3 7 7  0.0000000003
7 4 4 7  0.2471745933
7 4 6 7  0.0000000002
7 5 5 7  0.2471745933
7 5 7 7  0.0000000002
7 6 2 7  0.0000000003
7 6 4 7  0.0000000002
7 6 6 7  0.2960631752
7 7 3 7  0.0000000003
7 7 5 7  0.0000000002
7 7 7 7  0.2960631752

 E(Ref) = -77.7391354871 Hartree, <S**2> = 0.0000
 E(FCI) = -77.8508808917 Hartree, <S**2> = 0.0000
