 MO Integrals with frozen core/virtual approximation

-73.42582636442042
0 0  -1.9541138131
0 2  -0.0000000161
0 4  0.0000000038
0 6  0.0000000003
1 1  -1.9541138131
1 3  -0.0000000161
1 5  0.0000000038
1 7  0.0000000003
2 0  -0.0000000161
2 2  -1.5335854488
2 4  0.0000000003
2 6  0.0000000020
3 1  -0.0000000161
3 3  -1.5335854488
3 5  0.0000000003
3 7  0.0000000020
4 0  0.0000000038
4 2  0.0000000003
4 4  -1.4374930904
4 6  0.0000000009
5 1  0.0000000038
5 3  0.0000000003
5 5  -1.4374930904
5 7  0.0000000009
6 0  0.0000000003
6 2  0.0000000020
6 4  0.0000000009
6 6  -1.4841892095
7 1  0.0000000003
7 3  0.0000000020
7 5  0.0000000009
7 7  -1.4841892095
0 0 0 0  0.2980357392
0 0 2 0  0.0000000011
0 0 4 0  -0.0000000004
0 1 1 0  0.2980357392
0 1 3 0  0.0000000011
0 1 5 0  -0.0000000004
0 2 0 0  0.0000000011
0 2 2 0  0.2306013089
0 2 6 0  -0.0000000006
0 3 1 0  0.0000000011
0 3 3 0  0.2306013089
0 3 7 0  -0.0000000006
0 4 0 0  -0.0000000004
0 4 4 0  0.2276582911
0 4 6 0  0.0000000002
0 5 1 0  -0.0000000004
0 5 5 0  0.2276582911
0 5 7 0  0.0000000002
0 6 2 0  -0.0000000006
0 6 4 0  0.0000000002
0 6 6 0  0.2851303888
0 7 3 0  -0.0000000006
0 7 5 0  0.0000000002
0 7 7 0  0.2851303888
0 0 0 2  0.0000000011
0 0 2 2  0.0207445959
0 0 6 2  -0.0000000003
0 1 1 2  0.0000000011
0 1 3 2  0.0207445959
0 1 7 2  -0.0000000003
0 2 0 2  0.0207445959
0 2 2 2  0.0000000015
0 2 4 2  -0.0000000005
0 3 1 2  0.0207445959
0 3 3 2  0.0000000015
0 3 5 2  -0.0000000005
0 4 2 2  -0.0000000005
0 4 4 2  0.0000000013
0 4 6 2  0.0196315930
0 5 3 2  -0.0000000005
0 5 5 2  0.0000000013
0 5 7 2  0.0196315930
0 6 0 2  -0.0000000003
0 6 4 2  0.0196315930
0 6 6 2  0.0000000005
0 7 1 2  -0.0000000003
0 7 5 2  0.0196315930
0 7 7 2  0.0000000005
0 0 0 4  -0.0000000004
0 0 4 4  0.0119703700
0 0 6 4  -0.0000000010
0 1 1 4  -0.0000000004
0 1 5 4  0.0119703700
0 1 7 4  -0.0000000010
0 2 2 4  -0.0000000004
0 2 4 4  -0.0000000006
0 2 6 4  0.0141875007
0 3 3 4  -0.0000000004
0 3 5 4  -0.0000000006
0 3 7 4  0.0141875007
0 4 0 4  0.0119703700
0 4 2 4  -0.0000000006
0 4 4 4  -0.0000000002
0 5 1 4  0.0119703700
0 5 3 4  -0.0000000006
0 5 5 4  -0.0000000002
0 6 0 4  -0.0000000010
0 6 2 4  0.0141875007
0 6 6 4  -0.0000000002
0 7 1 4  -0.0000000010
0 7 3 4  0.0141875007
0 7 7 4  -0.0000000002
0 0 2 6  -0.0000000003
0 0 4 6  -0.0000000010
0 0 6 6  0.0872580613
0 1 3 6  -0.0000000003
0 1 5 6  -0.0000000010
0 1 7 6  0.0872580613
0 2 0 6  -0.0000000003
0 2 4 6  0.0752370005
0 2 6 6  -0.0000000006
0 3 1 6  -0.0000000003
0 3 5 6  0.0752370005
0 3 7 6  -0.0000000006
0 4 0 6  -0.0000000010
0 4 2 6  0.0752370005
0 4 6 6  0.0000000003
0 5 1 6  -0.0000000010
0 5 3 6  0.0752370005
0 5 7 6  0.0000000003
0 6 0 6  0.0872580613
0 6 2 6  -0.0000000006
0 6 4 6  0.0000000003
0 7 1 6  0.0872580613
0 7 3 6  -0.0000000006
0 7 5 6  0.0000000003
1 0 0 1  0.2980357392
1 0 2 1  0.0000000011
1 0 4 1  -0.0000000004
1 1 1 1  0.2980357392
1 1 3 1  0.0000000011
1 1 5 1  -0.0000000004
1 2 0 1  0.0000000011
1 2 2 1  0.2306013089
1 2 6 1  -0.0000000006
1 3 1 1  0.0000000011
1 3 3 1  0.2306013089
1 3 7 1  -0.0000000006
1 4 0 1  -0.0000000004
1 4 4 1  0.2276582911
1 4 6 1  0.0000000002
1 5 1 1  -0.0000000004
1 5 5 1  0.2276582911
1 5 7 1  0.0000000002
1 6 2 1  -0.0000000006
1 6 4 1  0.0000000002
1 6 6 1  0.2851303888
1 7 3 1  -0.0000000006
1 7 5 1  0.0000000002
1 7 7 1  0.2851303888
1 0 0 3  0.0000000011
1 0 2 3  0.0207445959
1 0 6 3  -0.0000000003
1 1 1 3  0.0000000011
1 1 3 3  0.0207445959
1 1 7 3  -0.0000000003
1 2 0 3  0.0207445959
1 2 2 3  0.0000000015
1 2 4 3  -0.0000000005
1 3 1 3  0.0207445959
1 3 3 3  0.0000000015
1 3 5 3  -0.0000000005
1 4 2 3  -0.0000000005
1 4 4 3  0.0000000013
1 4 6 3  0.0196315930
1 5 3 3  -0.0000000005
1 5 5 3  0.0000000013
1 5 7 3  0.0196315930
1 6 0 3  -0.0000000003
1 6 4 3  0.0196315930
1 6 6 3  0.0000000005
1 7 1 3  -0.0000000003
1 7 5 3  0.0196315930
1 7 7 3  0.0000000005
1 0 0 5  -0.0000000004
1 0 4 5  0.0119703700
1 0 6 5  -0.0000000010
1 1 1 5  -0.0000000004
1 1 5 5  0.0119703700
1 1 7 5  -0.0000000010
1 2 2 5  -0.0000000004
1 2 4 5  -0.0000000006
1 2 6 5  0.0141875007
1 3 3 5  -0.0000000004
1 3 5 5  -0.0000000006
1 3 7 5  0.0141875007
1 4 0 5  0.0119703700
1 4 2 5  -0.0000000006
1 4 4 5  -0.0000000002
1 5 1 5  0.0119703700
1 5 3 5  -0.0000000006
1 5 5 5  -0.0000000002
1 6 0 5  -0.0000000010
1 6 2 5  0.0141875007
1 6 6 5  -0.0000000002
1 7 1 5  -0.0000000010
1 7 3 5  0.0141875007
1 7 7 5  -0.0000000002
1 0 2 7  -0.0000000003
1 0 4 7  -0.0000000010
1 0 6 7  0.0872580613
1 1 3 7  -0.0000000003
1 1 5 7  -0.0000000010
1 1 7 7  0.0872580613
1 2 0 7  -0.0000000003
1 2 4 7  0.0752370005
1 2 6 7  -0.0000000006
1 3 1 7  -0.0000000003
1 3 5 7  0.0752370005
1 3 7 7  -0.0000000006
1 4 0 7  -0.0000000010
1 4 2 7  0.0752370005
1 4 6 7  0.0000000003
1 5 1 7  -0.0000000010
1 5 3 7  0.0752370005
1 5 7 7  0.0000000003
1 6 0 7  0.0872580613
1 6 2 7  -0.0000000006
1 6 4 7  0.0000000003
1 7 1 7  0.0872580613
1 7 3 7  -0.0000000006
1 7 5 7  0.0000000003
2 0 0 0  0.0000000011
2 0 2 0  0.0207445959
2 0 6 0  -0.0000000003
2 1 1 0  0.0000000011
2 1 3 0  0.0207445959
2 1 7 0  -0.0000000003
2 2 0 0  0.0207445959
2 2 2 0  0.0000000015
2 2 4 0  -0.0000000005
2 3 1 0  0.0207445959
2 3 3 0  0.0000000015
2 3 5 0  -0.0000000005
2 4 2 0  -0.0000000005
2 4 4 0  0.0000000013
2 4 6 0  0.0196315930
2 5 3 0  -0.0000000005
2 5 5 0  0.0000000013
2 5 7 0  0.0196315930
2 6 0 0  -0.0000000003
2 6 4 0  0.0196315930
2 6 6 0  0.0000000005
2 7 1 0  -0.0000000003
2 7 5 0  0.0196315930
2 7 7 0  0.0000000005
2 0 0 2  0.2306013089
2 0 2 2  0.0000000015
2 0 4 2  -0.0000000004
2 1 1 2  0.2306013089
2 1 3 2  0.0000000015
2 1 5 2  -0.0000000004
2 2 0 2  0.0000000015
2 2 2 2  0.2304232867
2 2 6 2  -0.0000000005
2 3 1 2  0.0000000015
2 3 3 2  0.2304232867
2 3 7 2  -0.0000000005
2 4 0 2  -0.0000000004
2 4 4 2  0.2332957932
2 4 6 2  0.0000000012
2 5 1 2  -0.0000000004
2 5 5 2  0.2332957932
2 5 7 2  0.0000000012
2 6 2 2  -0.0000000005
2 6 4 2  0.0000000012
2 6 6 2  0.2349118403
2 7 3 2  -0.0000000005
2 7 5 2  0.0000000012
2 7 7 2  0.2349118403
2 0 2 4  -0.0000000005
2 0 4 4  -0.0000000006
2 0 6 4  0.0752370005
2 1 3 4  -0.0000000005
2 1 5 4  -0.0000000006
2 1 7 4  0.0752370005
2 2 0 4  -0.0000000005
2 2 4 4  0.1039177426
2 2 6 4  0.0000000002
2 3 1 4  -0.0000000005
2 3 5 4  0.1039177426
2 3 7 4  0.0000000002
2 4 0 4  -0.0000000006
2 4 2 4  0.1039177426
2 4 6 4  0.0000000002
2 5 1 4  -0.0000000006
2 5 3 4  0.1039177426
2 5 7 4  0.0000000002
2 6 0 4  0.0752370005
2 6 2 4  0.0000000002
2 6 4 4  0.0000000002
2 7 1 4  0.0752370005
2 7 3 4  0.0000000002
2 7 5 4  0.0000000002
2 0 0 6  -0.0000000006
2 0 4 6  0.0141875007
2 0 6 6  -0.0000000006
2 1 1 6  -0.0000000006
2 1 5 6  0.0141875007
2 1 7 6  -0.0000000006
2 2 2 6  -0.0000000005
2 2 4 6  0.0000000002
2 2 6 6  0.0168516283
2 3 3 6  -0.0000000005
2 3 5 6  0.0000000002
2 3 7 6  0.0168516283
2 4 0 6  0.0141875007
2 4 2 6  0.0000000002
2 4 4 6  -0.0000000002
2 5 1 6  0.0141875007
2 5 3 6  0.0000000002
2 5 5 6  -0.0000000002
2 6 0 6  -0.0000000006
2 6 2 6  0.0168516283
2 6 6 6  -0.0000000004
2 7 1 6  -0.0000000006
2 7 3 6  0.0168516283
2 7 7 6  -0.0000000004
3 0 0 1  0.0000000011
3 0 2 1  0.0207445959
3 0 6 1  -0.0000000003
3 1 1 1  0.0000000011
3 1 3 1  0.0207445959
3 1 7 1  -0.0000000003
3 2 0 1  0.0207445959
3 2 2 1  0.0000000015
3 2 4 1  -0.0000000005
3 3 1 1  0.0207445959
3 3 3 1  0.0000000015
3 3 5 1  -0.0000000005
3 4 2 1  -0.0000000005
3 4 4 1  0.0000000013
3 4 6 1  0.0196315930
3 5 3 1  -0.0000000005
3 5 5 1  0.0000000013
3 5 7 1  0.0196315930
3 6 0 1  -0.0000000003
3 6 4 1  0.0196315930
3 6 6 1  0.0000000005
3 7 1 1  -0.0000000003
3 7 5 1  0.0196315930
3 7 7 1  0.0000000005
3 0 0 3  0.2306013089
3 0 2 3  0.0000000015
3 0 4 3  -0.0000000004
3 1 1 3  0.2306013089
3 1 3 3  0.0000000015
3 1 5 3  -0.0000000004
3 2 0 3  0.0000000015
3 2 2 3  0.2304232867
3 2 6 3  -0.0000000005
3 3 1 3  0.0000000015
3 3 3 3  0.2304232867
3 3 7 3  -0.0000000005
3 4 0 3  -0.0000000004
3 4 4 3  0.2332957932
3 4 6 3  0.0000000012
3 5 1 3  -0.0000000004
3 5 5 3  0.2332957932
3 5 7 3  0.0000000012
3 6 2 3  -0.0000000005
3 6 4 3  0.0000000012
3 6 6 3  0.2349118403
3 7 3 3  -0.0000000005
3 7 5 3  0.0000000012
3 7 7 3  0.2349118403
3 0 2 5  -0.0000000005
3 0 4 5  -0.0000000006
3 0 6 5  0.0752370005
3 1 3 5  -0.0000000005
3 1 5 5  -0.0000000006
3 1 7 5  0.0752370005
3 2 0 5  -0.0000000005
3 2 4 5  0.1039177426
3 2 6 5  0.0000000002
3 3 1 5  -0.0000000005
3 3 5 5  0.1039177426
3 3 7 5  0.0000000002
3 4 0 5  -0.0000000006
3 4 2 5  0.1039177426
3 4 6 5  0.0000000002
3 5 1 5  -0.0000000006
3 5 3 5  0.1039177426
3 5 7 5  0.0000000002
3 6 0 5  0.0752370005
3 6 2 5  0.0000000002
3 6 4 5  0.0000000002
3 7 1 5  0.0752370005
3 7 3 5  0.0000000002
3 7 5 5  0.0000000002
3 0 0 7  -0.0000000006
3 0 4 7  0.0141875007
3 0 6 7  -0.0000000006
3 1 1 7  -0.0000000006
3 1 5 7  0.0141875007
3 1 7 7  -0.0000000006
3 2 2 7  -0.0000000005
3 2 4 7  0.0000000002
3 2 6 7  0.0168516283
3 3 3 7  -0.0000000005
3 3 5 7  0.0000000002
3 3 7 7  0.0168516283
3 4 0 7  0.0141875007
3 4 2 7  0.0000000002
3 4 4 7  -0.0000000002
3 5 1 7  0.0141875007
3 5 3 7  0.0000000002
3 5 5 7  -0.0000000002
3 6 0 7  -0.0000000006
3 6 2 7  0.0168516283
3 6 6 7  -0.0000000004
3 7 1 7  -0.0000000006
3 7 3 7  0.0168516283
3 7 7 7  -0.0000000004
4 0 0 0  -0.0000000004
4 0 4 0  0.0119703700
4 0 6 0  -0.0000000010
4 1 1 0  -0.0000000004
4 1 5 0  0.0119703700
4 1 7 0  -0.0000000010
4 2 2 0  -0.0000000004
4 2 4 0  -0.0000000006
4 2 6 0  0.0141875007
4 3 3 0  -0.0000000004
4 3 5 0  -0.0000000006
4 3 7 0  0.0141875007
4 4 0 0  0.0119703700
4 4 2 0  -0.0000000006
4 4 4 0  -0.0000000002
4 5 1 0  0.0119703700
4 5 3 0  -0.0000000006
4 5 5 0  -0.0000000002
4 6 0 0  -0.0000000010
4 6 2 0  0.0141875007
4 6 6 0  -0.0000000002
4 7 1 0  -0.0000000010
4 7 3 0  0.0141875007
4 7 7 0  -0.0000000002
4 0 2 2  -0.0000000005
4 0 4 2  -0.0000000006
4 0 6 2  0.0752370005
4 1 3 2  -0.0000000005
4 1 5 2  -0.0000000006
4 1 7 2  0.0752370005
4 2 0 2  -0.0000000005
4 2 4 2  0.1039177426
4 2 6 2  0.0000000002
4 3 1 2  -0.0000000005
4 3 5 2  0.1039177426
4 3 7 2  0.0000000002
4 4 0 2  -0.0000000006
4 4 2 2  0.1039177426
4 4 6 2  0.0000000002
4 5 1 2  -0.0000000006
4 5 3 2  0.1039177426
4 5 7 2  0.0000000002
4 6 0 2  0.0752370005
4 6 2 2  0.0000000002
4 6 4 2  0.0000000002
4 7 1 2  0.0752370005
4 7 3 2  0.0000000002
4 7 5 2  0.0000000002
4 0 0 4  0.2276582911
4 0 2 4  0.0000000013
4 0 4 4  -0.0000000002
4 1 1 4  0.2276582911
4 1 3 4  0.0000000013
4 1 5 4  -0.0000000002
4 2 0 4  0.0000000013
4 2 2 4  0.2332957932
4 2 6 4  -0.0000000002
4 3 1 4  0.0000000013
4 3 3 4  0.2332957932
4 3 7 4  -0.0000000002
4 4 0 4  -0.0000000002
4 4 4 4  0.2374734139
4 4 6 4  0.0000000012
4 5 1 4  -0.0000000002
4 5 5 4  0.2374734139
4 5 7 4  0.0000000012
4 6 2 4  -0.0000000002
4 6 4 4  0.0000000012
4 6 6 4  0.2351524709
4 7 3 4  -0.0000000002
4 7 5 4  0.0000000012
4 7 7 4  0.2351524709
4 0 0 6  0.0000000002
4 0 2 6  0.0196315930
4 0 6 6  0.0000000003
4 1 1 6  0.0000000002
4 1 3 6  0.0196315930
4 1 7 6  0.0000000003
4 2 0 6  0.0196315930
4 2 2 6  0.0000000012
4 2 4 6  0.0000000002
4 3 1 6  0.0196315930
4 3 3 6  0.0000000012
4 3 5 6  0.0000000002
4 4 2 6  0.0000000002
4 4 4 6  0.0000000012
4 4 6 6  0.0201052205
4 5 3 6  0.0000000002
4 5 5 6  0.0000000012
4 5 7 6  0.0201052205
4 6 0 6  0.0000000003
4 6 4 6  0.0201052205
4 6 6 6  0.0000000001
4 7 1 6  0.0000000003
4 7 5 6  0.0201052205
4 7 7 6  0.0000000001
5 0 0 1  -0.0000000004
5 0 4 1  0.0119703700
5 0 6 1  -0.0000000010
5 1 1 1  -0.0000000004
5 1 5 1  0.0119703700
5 1 7 1  -0.0000000010
5 2 2 1  -0.0000000004
5 2 4 1  -0.0000000006
5 2 6 1  0.0141875007
5 3 3 1  -0.0000000004
5 3 5 1  -0.0000000006
5 3 7 1  0.0141875007
5 4 0 1  0.0119703700
5 4 2 1  -0.0000000006
5 4 4 1  -0.0000000002
5 5 1 1  0.0119703700
5 5 3 1  -0.0000000006
5 5 5 1  -0.0000000002
5 6 0 1  -0.0000000010
5 6 2 1  0.0141875007
5 6 6 1  -0.0000000002
5 7 1 1  -0.0000000010
5 7 3 1  0.0141875007
5 7 7 1  -0.0000000002
5 0 2 3  -0.0000000005
5 0 4 3  -0.0000000006
5 0 6 3  0.0752370005
5 1 3 3  -0.0000000005
5 1 5 3  -0.0000000006
5 1 7 3  0.0752370005
5 2 0 3  -0.0000000005
5 2 4 3  0.1039177426
5 2 6 3  0.0000000002
5 3 1 3  -0.0000000005
5 3 5 3  0.1039177426
5 3 7 3  0.0000000002
5 4 0 3  -0.0000000006
5 4 2 3  0.1039177426
5 4 6 3  0.0000000002
5 5 1 3  -0.0000000006
5 5 3 3  0.1039177426
5 5 7 3  0.0000000002
5 6 0 3  0.0752370005
5 6 2 3  0.0000000002
5 6 4 3  0.0000000002
5 7 1 3  0.0752370005
5 7 3 3  0.0000000002
5 7 5 3  0.0000000002
5 0 0 5  0.2276582911
5 0 2 5  0.0000000013
5 0 4 5  -0.0000000002
5 1 1 5  0.2276582911
5 1 3 5  0.0000000013
5 1 5 5  -0.0000000002
5 2 0 5  0.0000000013
5 2 2 5  0.2332957932
5 2 6 5  -0.0000000002
5 3 1 5  0.0000000013
5 3 3 5  0.2332957932
5 3 7 5  -0.0000000002
5 4 0 5  -0.0000000002
5 4 4 5  0.2374734139
5 4 6 5  0.0000000012
5 5 1 5  -0.0000000002
5 5 5 5  0.2374734139
5 5 7 5  0.0000000012
5 6 2 5  -0.0000000002
5 6 4 5  0.0000000012
5 6 6 5  0.2351524709
5 7 3 5  -0.0000000002
5 7 5 5  0.0000000012
5 7 7 5  0.2351524709
5 0 0 7  0.0000000002
5 0 2 7  0.0196315930
5 0 6 7  0.0000000003
5 1 1 7  0.0000000002
5 1 3 7  0.0196315930
5 1 7 7  0.0000000003
5 2 0 7  0.0196315930
5 2 2 7  0.0000000012
5 2 4 7  0.0000000002
5 3 1 7  0.0196315930
5 3 3 7  0.0000000012
5 3 5 7  0.0000000002
5 4 2 7  0.0000000002
5 4 4 7  0.0000000012
5 4 6 7  0.0201052205
5 5 3 7  0.0000000002
5 5 5 7  0.0000000012
5 5 7 7  0.0201052205
5 6 0 7  0.0000000003
5 6 4 7  0.0201052205
5 6 6 7  0.0000000001
5 7 1 7  0.0000000003
5 7 5 7  0.0201052205
5 7 7 7  0.0000000001
6 0 2 0  -0.0000000003
6 0 4 0  -0.0000000010
6 0 6 0  0.0872580613
6 1 3 0  -0.0000000003
6 1 5 0  -0.0000000010
6 1 7 0  0.0872580613
6 2 0 0  -0.0000000003
6 2 4 0  0.0752370005
6 2 6 0  -0.0000000006
6 3 1 0  -0.0000000003
6 3 5 0  0.0752370005
6 3 7 0  -0.0000000006
6 4 0 0  -0.0000000010
6 4 2 0  0.0752370005
6 4 6 0  0.0000000003
6 5 1 0  -0.0000000010
6 5 3 0  0.0752370005
6 5 7 0  0.0000000003
6 6 0 0  0.0872580613
6 6 2 0  -0.0000000006
6 6 4 0  0.0000000003
6 7 1 0  0.0872580613
6 7 3 0  -0.0000000006
6 7 5 0  0.0000000003
6 0 0 2  -0.0000000006
6 0 4 2  0.0141875007
6 0 6 2  -0.0000000006
6 1 1 2  -0.0000000006
6 1 5 2  0.0141875007
6 1 7 2  -0.0000000006
6 2 2 2  -0.0000000005
6 2 4 2  0.0000000002
6 2 6 2  0.0168516283
6 3 3 2  -0.0000000005
6 3 5 2  0.0000000002
6 3 7 2  0.0168516283
6 4 0 2  0.0141875007
6 4 2 2  0.0000000002
6 4 4 2  -0.0000000002
6 5 1 2  0.0141875007
6 5 3 2  0.0000000002
6 5 5 2  -0.0000000002
6 6 0 2  -0.0000000006
6 6 2 2  0.0168516283
6 6 6 2  -0.0000000004
6 7 1 2  -0.0000000006
6 7 3 2  0.0168516283
6 7 7 2  -0.0000000004
6 0 0 4  0.0000000002
6 0 2 4  0.0196315930
6 0 6 4  0.0000000003
6 1 1 4  0.0000000002
6 1 3 4  0.0196315930
6 1 7 4  0.0000000003
6 2 0 4  0.0196315930
6 2 2 4  0.0000000012
6 2 4 4  0.0000000002
6 3 1 4  0.0196315930
6 3 3 4  0.0000000012
6 3 5 4  0.0000000002
6 4 2 4  0.0000000002
6 4 4 4  0.0000000012
6 4 6 4  0.0201052205
6 5 3 4  0.0000000002
6 5 5 4  0.0000000012
6 5 7 4  0.0201052205
6 6 0 4  0.0000000003
6 6 4 4  0.0201052205
6 6 6 4  0.0000000001
6 7 1 4  0.0000000003
6 7 5 4  0.0201052205
6 7 7 4  0.0000000001
6 0 0 6  0.2851303888
6 0 2 6  0.0000000005
6 0 4 6  -0.0000000002
6 1 1 6  0.2851303888
6 1 3 6  0.0000000005
6 1 5 6  -0.0000000002
6 2 0 6  0.0000000005
6 2 2 6  0.2349118403
6 2 6 6  -0.0000000004
6 3 1 6  0.0000000005
6 3 3 6  0.2349118403
6 3 7 6  -0.0000000004
6 4 0 6  -0.0000000002
6 4 4 6  0.2351524709
6 4 6 6  0.0000000001
6 5 1 6  -0.0000000002
6 5 5 6  0.2351524709
6 5 7 6  0.0000000001
6 6 2 6  -0.0000000004
6 6 4 6  0.0000000001
6 6 6 6  0.2868562996
6 7 3 6  -0.0000000004
6 7 5 6  0.0000000001
6 7 7 6  0.2868562996
7 0 2 1  -0.0000000003
7 0 4 1  -0.0000000010
7 0 6 1  0.0872580613
7 1 3 1  -0.0000000003
7 1 5 1  -0.0000000010
7 1 7 1  0.0872580613
7 2 0 1  -0.0000000003
7 2 4 1  0.0752370005
7 2 6 1  -0.0000000006
7 3 1 1  -0.0000000003
7 3 5 1  0.0752370005
7 3 7 1  -0.0000000006
7 4 0 1  -0.0000000010
7 4 2 1  0.0752370005
7 4 6 1  0.0000000003
7 5 1 1  -0.0000000010
7 5 3 1  0.0752370005
7 5 7 1  0.0000000003
7 6 0 1  0.0872580613
7 6 2 1  -0.0000000006
7 6 4 1  0.0000000003
7 7 1 1  0.0872580613
7 7 3 1  -0.0000000006
7 7 5 1  0.0000000003
7 0 0 3  -0.0000000006
7 0 4 3  0.0141875007
7 0 6 3  -0.0000000006
7 1 1 3  -0.0000000006
7 1 5 3  0.0141875007
7 1 7 3  -0.0000000006
7 2 2 3  -0.0000000005
7 2 4 3  0.0000000002
7 2 6 3  0.0168516283
7 3 3 3  -0.0000000005
7 3 5 3  0.0000000002
7 3 7 3  0.0168516283
7 4 0 3  0.0141875007
7 4 2 3  0.0000000002
7 4 4 3  -0.0000000002
7 5 1 3  0.0141875007
7 5 3 3  0.0000000002
7 5 5 3  -0.0000000002
7 6 0 3  -0.0000000006
7 6 2 3  0.0168516283
7 6 6 3  -0.0000000004
7 7 1 3  -0.0000000006
7 7 3 3  0.0168516283
7 7 7 3  -0.0000000004
7 0 0 5  0.0000000002
7 0 2 5  0.0196315930
7 0 6 5  0.0000000003
7 1 1 5  0.0000000002
7 1 3 5  0.0196315930
7 1 7 5  0.0000000003
7 2 0 5  0.0196315930
7 2 2 5  0.0000000012
7 2 4 5  0.0000000002
7 3 1 5  0.0196315930
7 3 3 5  0.0000000012
7 3 5 5  0.0000000002
7 4 2 5  0.0000000002
7 4 4 5  0.0000000012
7 4 6 5  0.0201052205
7 5 3 5  0.0000000002
7 5 5 5  0.0000000012
7 5 7 5  0.0201052205
7 6 0 5  0.0000000003
7 6 4 5  0.0201052205
7 6 6 5  0.0000000001
7 7 1 5  0.0000000003
7 7 5 5  0.0201052205
7 7 7 5  0.0000000001
7 0 0 7  0.2851303888
7 0 2 7  0.0000000005
7 0 4 7  -0.0000000002
7 1 1 7  0.2851303888
7 1 3 7  0.0000000005
7 1 5 7  -0.0000000002
7 2 0 7  0.0000000005
7 2 2 7  0.2349118403
7 2 6 7  -0.0000000004
7 3 1 7  0.0000000005
7 3 3 7  0.2349118403
7 3 7 7  -0.0000000004
7 4 0 7  -0.0000000002
7 4 4 7  0.2351524709
7 4 6 7  0.0000000001
7 5 1 7  -0.0000000002
7 5 5 7  0.2351524709
7 5 7 7  0.0000000001
7 6 2 7  -0.0000000004
7 6 4 7  0.0000000001
7 6 6 7  0.2868562996
7 7 3 7  -0.0000000004
7 7 5 7  0.0000000001
7 7 7 7  0.2868562996

 E(Ref) = -77.5824747485 Hartree, <S**2> = 0.0000
 E(FCI) = -77.7624864560 Hartree, <S**2> = 0.0000
