 MO Integrals with frozen core/virtual approximation

-72.54954567398606
0 0  -2.4264748496
0 2  -0.0000000006
0 6  0.0000000004
1 1  -2.4264748496
1 3  -0.0000000006
1 7  0.0000000004
2 0  -0.0000000006
2 2  -1.7250166647
2 4  0.0000000002
2 6  -0.0000000017
3 1  -0.0000000006
3 3  -1.7250166647
3 5  0.0000000002
3 7  -0.0000000017
4 2  0.0000000002
4 4  -1.5128340584
4 6  0.0000000065
5 3  0.0000000002
5 5  -1.5128340584
5 7  0.0000000065
6 0  0.0000000004
6 2  -0.0000000017
6 4  0.0000000065
6 6  -1.3489560194
7 1  0.0000000004
7 3  -0.0000000017
7 5  0.0000000065
7 7  -1.3489560194
0 0 0 0  0.3317429139
0 1 1 0  0.3317429139
0 2 2 0  0.2575935577
0 2 6 0  0.0000000005
0 3 3 0  0.2575935577
0 3 7 0  0.0000000005
0 4 4 0  0.2500385937
0 4 6 0  0.0000000015
0 5 5 0  0.2500385937
0 5 7 0  0.0000000015
0 6 2 0  0.0000000005
0 6 4 0  0.0000000015
0 6 6 0  0.2990423607
0 7 3 0  0.0000000005
0 7 5 0  0.0000000015
0 7 7 0  0.2990423607
0 0 2 2  0.0365511125
0 0 6 2  0.0000000002
0 1 3 2  0.0365511125
0 1 7 2  0.0000000002
0 2 0 2  0.0365511125
0 2 2 2  0.0000000002
0 2 4 2  -0.0000000006
0 3 1 2  0.0365511125
0 3 3 2  0.0000000002
0 3 5 2  -0.0000000006
0 4 2 2  -0.0000000006
0 4 4 2  -0.0000000016
0 4 6 2  -0.0297365584
0 5 3 2  -0.0000000006
0 5 5 2  -0.0000000016
0 5 7 2  -0.0297365584
0 6 0 2  0.0000000002
0 6 4 2  -0.0297365584
0 6 6 2  0.0000000019
0 7 1 2  0.0000000002
0 7 5 2  -0.0297365584
0 7 7 2  0.0000000019
0 0 4 4  0.0170132952
0 0 6 4  0.0000000014
0 1 5 4  0.0170132952
0 1 7 4  0.0000000014
0 2 2 4  -0.0000000003
0 2 4 4  -0.0000000022
0 2 6 4  -0.0185798021
0 3 3 4  -0.0000000003
0 3 5 4  -0.0000000022
0 3 7 4  -0.0185798021
0 4 0 4  0.0170132952
0 4 2 4  -0.0000000022
0 4 4 4  -0.0000000002
0 5 1 4  0.0170132952
0 5 3 4  -0.0000000022
0 5 5 4  -0.0000000002
0 6 0 4  0.0000000014
0 6 2 4  -0.0185798021
0 7 1 4  0.0000000014
0 7 3 4  -0.0185798021
0 0 2 6  0.0000000002
0 0 4 6  0.0000000014
0 0 6 6  0.0634637758
0 1 3 6  0.0000000002
0 1 5 6  0.0000000014
0 1 7 6  0.0634637758
0 2 0 6  0.0000000002
0 2 4 6  -0.0594410604
0 2 6 6  0.0000000026
0 3 1 6  0.0000000002
0 3 5 6  -0.0594410604
0 3 7 6  0.0000000026
0 4 0 6  0.0000000014
0 4 2 6  -0.0594410604
0 4 6 6  0.0000000001
0 5 1 6  0.0000000014
0 5 3 6  -0.0594410604
0 5 7 6  0.0000000001
0 6 0 6  0.0634637758
0 6 2 6  0.0000000026
0 6 4 6  0.0000000001
0 6 6 6  -0.0000000001
0 7 1 6  0.0634637758
0 7 3 6  0.0000000026
0 7 5 6  0.0000000001
0 7 7 6  -0.0000000001
1 0 0 1  0.3317429139
1 1 1 1  0.3317429139
1 2 2 1  0.2575935577
1 2 6 1  0.0000000005
1 3 3 1  0.2575935577
1 3 7 1  0.0000000005
1 4 4 1  0.2500385937
1 4 6 1  0.0000000015
1 5 5 1  0.2500385937
1 5 7 1  0.0000000015
1 6 2 1  0.0000000005
1 6 4 1  0.0000000015
1 6 6 1  0.2990423607
1 7 3 1  0.0000000005
1 7 5 1  0.0000000015
1 7 7 1  0.2990423607
1 0 2 3  0.0365511125
1 0 6 3  0.0000000002
1 1 3 3  0.0365511125
1 1 7 3  0.0000000002
1 2 0 3  0.0365511125
1 2 2 3  0.0000000002
1 2 4 3  -0.0000000006
1 3 1 3  0.0365511125
1 3 3 3  0.0000000002
1 3 5 3  -0.0000000006
1 4 2 3  -0.0000000006
1 4 4 3  -0.0000000016
1 4 6 3  -0.0297365584
1 5 3 3  -0.0000000006
1 5 5 3  -0.0000000016
1 5 7 3  -0.0297365584
1 6 0 3  0.0000000002
1 6 4 3  -0.0297365584
1 6 6 3  0.0000000019
1 7 1 3  0.0000000002
1 7 5 3  -0.0297365584
1 7 7 3  0.0000000019
1 0 4 5  0.0170132952
1 0 6 5  0.0000000014
1 1 5 5  0.0170132952
1 1 7 5  0.0000000014
1 2 2 5  -0.0000000003
1 2 4 5  -0.0000000022
1 2 6 5  -0.0185798021
1 3 3 5  -0.0000000003
1 3 5 5  -0.0000000022
1 3 7 5  -0.0185798021
1 4 0 5  0.0170132952
1 4 2 5  -0.0000000022
1 4 4 5  -0.0000000002
1 5 1 5  0.0170132952
1 5 3 5  -0.0000000022
1 5 5 5  -0.0000000002
1 6 0 5  0.0000000014
1 6 2 5  -0.0185798021
1 7 1 5  0.0000000014
1 7 3 5  -0.0185798021
1 0 2 7  0.0000000002
1 0 4 7  0.0000000014
1 0 6 7  0.0634637758
1 1 3 7  0.0000000002
1 1 5 7  0.0000000014
1 1 7 7  0.0634637758
1 2 0 7  0.0000000002
1 2 4 7  -0.0594410604
1 2 6 7  0.0000000026
1 3 1 7  0.0000000002
1 3 5 7  -0.0594410604
1 3 7 7  0.0000000026
1 4 0 7  0.0000000014
1 4 2 7  -0.0594410604
1 4 6 7  0.0000000001
1 5 1 7  0.0000000014
1 5 3 7  -0.0594410604
1 5 7 7  0.0000000001
1 6 0 7  0.0634637758
1 6 2 7  0.0000000026
1 6 4 7  0.0000000001
1 6 6 7  -0.0000000001
1 7 1 7  0.0634637758
1 7 3 7  0.0000000026
1 7 5 7  0.0000000001
1 7 7 7  -0.0000000001
2 0 2 0  0.0365511125
2 0 6 0  0.0000000002
2 1 3 0  0.0365511125
2 1 7 0  0.0000000002
2 2 0 0  0.0365511125
2 2 2 0  0.0000000002
2 2 4 0  -0.0000000006
2 3 1 0  0.0365511125
2 3 3 0  0.0000000002
2 3 5 0  -0.0000000006
2 4 2 0  -0.0000000006
2 4 4 0  -0.0000000016
2 4 6 0  -0.0297365584
2 5 3 0  -0.0000000006
2 5 5 0  -0.0000000016
2 5 7 0  -0.0297365584
2 6 0 0  0.0000000002
2 6 4 0  -0.0297365584
2 6 6 0  0.0000000019
2 7 1 0  0.0000000002
2 7 5 0  -0.0297365584
2 7 7 0  0.0000000019
2 0 0 2  0.2575935577
2 0 2 2  0.0000000002
2 0 4 2  -0.0000000003
2 1 1 2  0.2575935577
2 1 3 2  0.0000000002
2 1 5 2  -0.0000000003
2 2 0 2  0.0000000002
2 2 2 2  0.2455490366
2 2 6 2  0.0000000006
2 3 1 2  0.0000000002
2 3 3 2  0.2455490366
2 3 7 2  0.0000000006
2 4 0 2  -0.0000000003
2 4 4 2  0.2474205411
2 4 6 2  -0.0000000002
2 5 1 2  -0.0000000003
2 5 5 2  0.2474205411
2 5 7 2  -0.0000000002
2 6 2 2  0.0000000006
2 6 4 2  -0.0000000002
2 6 6 2  0.2488235047
2 7 3 2  0.0000000006
2 7 5 2  -0.0000000002
2 7 7 2  0.2488235047
2 0 2 4  -0.0000000006
2 0 4 4  -0.0000000022
2 0 6 4  -0.0594410604
2 1 3 4  -0.0000000006
2 1 5 4  -0.0000000022
2 1 7 4  -0.0594410604
2 2 0 4  -0.0000000006
2 2 4 4  0.0916138367
2 2 6 4  -0.0000000025
2 3 1 4  -0.0000000006
2 3 5 4  0.0916138367
2 3 7 4  -0.0000000025
2 4 0 4  -0.0000000022
2 4 2 4  0.0916138367
2 4 6 4  0.0000000002
2 5 1 4  -0.0000000022
2 5 3 4  0.0916138367
2 5 7 4  0.0000000002
2 6 0 4  -0.0594410604
2 6 2 4  -0.0000000025
2 6 4 4  0.0000000002
2 7 1 4  -0.0594410604
2 7 3 4  -0.0000000025
2 7 5 4  0.0000000002
2 0 0 6  0.0000000005
2 0 4 6  -0.0185798021
2 0 6 6  0.0000000026
2 1 1 6  0.0000000005
2 1 5 6  -0.0185798021
2 1 7 6  0.0000000026
2 2 2 6  0.0000000006
2 2 4 6  -0.0000000025
2 2 6 6  0.0208010414
2 3 3 6  0.0000000006
2 3 5 6  -0.0000000025
2 3 7 6  0.0208010414
2 4 0 6  -0.0185798021
2 4 2 6  -0.0000000025
2 4 4 6  0.0000000004
2 5 1 6  -0.0185798021
2 5 3 6  -0.0000000025
2 5 5 6  0.0000000004
2 6 0 6  0.0000000026
2 6 2 6  0.0208010414
2 6 6 6  0.0000000003
2 7 1 6  0.0000000026
2 7 3 6  0.0208010414
2 7 7 6  0.0000000003
3 0 2 1  0.0365511125
3 0 6 1  0.0000000002
3 1 3 1  0.0365511125
3 1 7 1  0.0000000002
3 2 0 1  0.0365511125
3 2 2 1  0.0000000002
3 2 4 1  -0.0000000006
3 3 1 1  0.0365511125
3 3 3 1  0.0000000002
3 3 5 1  -0.0000000006
3 4 2 1  -0.0000000006
3 4 4 1  -0.0000000016
3 4 6 1  -0.0297365584
3 5 3 1  -0.0000000006
3 5 5 1  -0.0000000016
3 5 7 1  -0.0297365584
3 6 0 1  0.0000000002
3 6 4 1  -0.0297365584
3 6 6 1  0.0000000019
3 7 1 1  0.0000000002
3 7 5 1  -0.0297365584
3 7 7 1  0.0000000019
3 0 0 3  0.2575935577
3 0 2 3  0.0000000002
3 0 4 3  -0.0000000003
3 1 1 3  0.2575935577
3 1 3 3  0.0000000002
3 1 5 3  -0.0000000003
3 2 0 3  0.0000000002
3 2 2 3  0.2455490366
3 2 6 3  0.0000000006
3 3 1 3  0.0000000002
3 3 3 3  0.2455490366
3 3 7 3  0.0000000006
3 4 0 3  -0.0000000003
3 4 4 3  0.2474205411
3 4 6 3  -0.0000000002
3 5 1 3  -0.0000000003
3 5 5 3  0.2474205411
3 5 7 3  -0.0000000002
3 6 2 3  0.0000000006
3 6 4 3  -0.0000000002
3 6 6 3  0.2488235047
3 7 3 3  0.0000000006
3 7 5 3  -0.0000000002
3 7 7 3  0.2488235047
3 0 2 5  -0.0000000006
3 0 4 5  -0.0000000022
3 0 6 5  -0.0594410604
3 1 3 5  -0.0000000006
3 1 5 5  -0.0000000022
3 1 7 5  -0.0594410604
3 2 0 5  -0.0000000006
3 2 4 5  0.0916138367
3 2 6 5  -0.0000000025
3 3 1 5  -0.0000000006
3 3 5 5  0.0916138367
3 3 7 5  -0.0000000025
3 4 0 5  -0.0000000022
3 4 2 5  0.0916138367
3 4 6 5  0.0000000002
3 5 1 5  -0.0000000022
3 5 3 5  0.0916138367
3 5 7 5  0.0000000002
3 6 0 5  -0.0594410604
3 6 2 5  -0.0000000025
3 6 4 5  0.0000000002
3 7 1 5  -0.0594410604
3 7 3 5  -0.0000000025
3 7 5 5  0.0000000002
3 0 0 7  0.0000000005
3 0 4 7  -0.0185798021
3 0 6 7  0.0000000026
3 1 1 7  0.0000000005
3 1 5 7  -0.0185798021
3 1 7 7  0.0000000026
3 2 2 7  0.0000000006
3 2 4 7  -0.0000000025
3 2 6 7  0.0208010414
3 3 3 7  0.0000000006
3 3 5 7  -0.0000000025
3 3 7 7  0.0208010414
3 4 0 7  -0.0185798021
3 4 2 7  -0.0000000025
3 4 4 7  0.0000000004
3 5 1 7  -0.0185798021
3 5 3 7  -0.0000000025
3 5 5 7  0.0000000004
3 6 0 7  0.0000000026
3 6 2 7  0.0208010414
3 6 6 7  0.0000000003
3 7 1 7  0.0000000026
3 7 3 7  0.0208010414
3 7 7 7  0.0000000003
4 0 4 0  0.0170132952
4 0 6 0  0.0000000014
4 1 5 0  0.0170132952
4 1 7 0  0.0000000014
4 2 2 0  -0.0000000003
4 2 4 0  -0.0000000022
4 2 6 0  -0.0185798021
4 3 3 0  -0.0000000003
4 3 5 0  -0.0000000022
4 3 7 0  -0.0185798021
4 4 0 0  0.0170132952
4 4 2 0  -0.0000000022
4 4 4 0  -0.0000000002
4 5 1 0  0.0170132952
4 5 3 0  -0.0000000022
4 5 5 0  -0.0000000002
4 6 0 0  0.0000000014
4 6 2 0  -0.0185798021
4 7 1 0  0.0000000014
4 7 3 0  -0.0185798021
4 0 2 2  -0.0000000006
4 0 4 2  -0.0000000022
4 0 6 2  -0.0594410604
4 1 3 2  -0.0000000006
4 1 5 2  -0.0000000022
4 1 7 2  -0.0594410604
4 2 0 2  -0.0000000006
4 2 4 2  0.0916138367
4 2 6 2  -0.0000000025
4 3 1 2  -0.0000000006
4 3 5 2  0.0916138367
4 3 7 2  -0.0000000025
4 4 0 2  -0.0000000022
4 4 2 2  0.0916138367
4 4 6 2  0.0000000002
4 5 1 2  -0.0000000022
4 5 3 2  0.0916138367
4 5 7 2  0.0000000002
4 6 0 2  -0.0594410604
4 6 2 2  -0.0000000025
4 6 4 2  0.0000000002
4 7 1 2  -0.0594410604
4 7 3 2  -0.0000000025
4 7 5 2  0.0000000002
4 0 0 4  0.2500385937
4 0 2 4  -0.0000000016
4 0 4 4  -0.0000000002
4 1 1 4  0.2500385937
4 1 3 4  -0.0000000016
4 1 5 4  -0.0000000002
4 2 0 4  -0.0000000016
4 2 2 4  0.2474205411
4 2 6 4  0.0000000004
4 3 1 4  -0.0000000016
4 3 3 4  0.2474205411
4 3 7 4  0.0000000004
4 4 0 4  -0.0000000002
4 4 4 4  0.2537384446
4 4 6 4  0.0000000012
4 5 1 4  -0.0000000002
4 5 5 4  0.2537384446
4 5 7 4  0.0000000012
4 6 2 4  0.0000000004
4 6 4 4  0.0000000012
4 6 6 4  0.2483651637
4 7 3 4  0.0000000004
4 7 5 4  0.0000000012
4 7 7 4  0.2483651637
4 0 0 6  0.0000000015
4 0 2 6  -0.0297365584
4 0 6 6  0.0000000001
4 1 1 6  0.0000000015
4 1 3 6  -0.0297365584
4 1 7 6  0.0000000001
4 2 0 6  -0.0297365584
4 2 2 6  -0.0000000002
4 2 4 6  0.0000000002
4 3 1 6  -0.0297365584
4 3 3 6  -0.0000000002
4 3 5 6  0.0000000002
4 4 2 6  0.0000000002
4 4 4 6  0.0000000012
4 4 6 6  0.0272991091
4 5 3 6  0.0000000002
4 5 5 6  0.0000000012
4 5 7 6  0.0272991091
4 6 0 6  0.0000000001
4 6 4 6  0.0272991091
4 6 6 6  -0.0000000006
4 7 1 6  0.0000000001
4 7 5 6  0.0272991091
4 7 7 6  -0.0000000006
5 0 4 1  0.0170132952
5 0 6 1  0.0000000014
5 1 5 1  0.0170132952
5 1 7 1  0.0000000014
5 2 2 1  -0.0000000003
5 2 4 1  -0.0000000022
5 2 6 1  -0.0185798021
5 3 3 1  -0.0000000003
5 3 5 1  -0.0000000022
5 3 7 1  -0.0185798021
5 4 0 1  0.0170132952
5 4 2 1  -0.0000000022
5 4 4 1  -0.0000000002
5 5 1 1  0.0170132952
5 5 3 1  -0.0000000022
5 5 5 1  -0.0000000002
5 6 0 1  0.0000000014
5 6 2 1  -0.0185798021
5 7 1 1  0.0000000014
5 7 3 1  -0.0185798021
5 0 2 3  -0.0000000006
5 0 4 3  -0.0000000022
5 0 6 3  -0.0594410604
5 1 3 3  -0.0000000006
5 1 5 3  -0.0000000022
5 1 7 3  -0.0594410604
5 2 0 3  -0.0000000006
5 2 4 3  0.0916138367
5 2 6 3  -0.0000000025
5 3 1 3  -0.0000000006
5 3 5 3  0.0916138367
5 3 7 3  -0.0000000025
5 4 0 3  -0.0000000022
5 4 2 3  0.0916138367
5 4 6 3  0.0000000002
5 5 1 3  -0.0000000022
5 5 3 3  0.0916138367
5 5 7 3  0.0000000002
5 6 0 3  -0.0594410604
5 6 2 3  -0.0000000025
5 6 4 3  0.0000000002
5 7 1 3  -0.0594410604
5 7 3 3  -0.0000000025
5 7 5 3  0.0000000002
5 0 0 5  0.2500385937
5 0 2 5  -0.0000000016
5 0 4 5  -0.0000000002
5 1 1 5  0.2500385937
5 1 3 5  -0.0000000016
5 1 5 5  -0.0000000002
5 2 0 5  -0.0000000016
5 2 2 5  0.2474205411
5 2 6 5  0.0000000004
5 3 1 5  -0.0000000016
5 3 3 5  0.2474205411
5 3 7 5  0.0000000004
5 4 0 5  -0.0000000002
5 4 4 5  0.2537384446
5 4 6 5  0.0000000012
5 5 1 5  -0.0000000002
5 5 5 5  0.2537384446
5 5 7 5  0.0000000012
5 6 2 5  0.0000000004
5 6 4 5  0.0000000012
5 6 6 5  0.2483651637
5 7 3 5  0.0000000004
5 7 5 5  0.0000000012
5 7 7 5  0.2483651637
5 0 0 7  0.0000000015
5 0 2 7  -0.0297365584
5 0 6 7  0.0000000001
5 1 1 7  0.0000000015
5 1 3 7  -0.0297365584
5 1 7 7  0.0000000001
5 2 0 7  -0.0297365584
5 2 2 7  -0.0000000002
5 2 4 7  0.0000000002
5 3 1 7  -0.0297365584
5 3 3 7  -0.0000000002
5 3 5 7  0.0000000002
5 4 2 7  0.0000000002
5 4 4 7  0.0000000012
5 4 6 7  0.0272991091
5 5 3 7  0.0000000002
5 5 5 7  0.0000000012
5 5 7 7  0.0272991091
5 6 0 7  0.0000000001
5 6 4 7  0.0272991091
5 6 6 7  -0.0000000006
5 7 1 7  0.0000000001
5 7 5 7  0.0272991091
5 7 7 7  -0.0000000006
6 0 2 0  0.0000000002
6 0 4 0  0.0000000014
6 0 6 0  0.0634637758
6 1 3 0  0.0000000002
6 1 5 0  0.0000000014
6 1 7 0  0.0634637758
6 2 0 0  0.0000000002
6 2 4 0  -0.0594410604
6 2 6 0  0.0000000026
6 3 1 0  0.0000000002
6 3 5 0  -0.0594410604
6 3 7 0  0.0000000026
6 4 0 0  0.0000000014
6 4 2 0  -0.0594410604
6 4 6 0  0.0000000001
6 5 1 0  0.0000000014
6 5 3 0  -0.0594410604
6 5 7 0  0.0000000001
6 6 0 0  0.0634637758
6 6 2 0  0.0000000026
6 6 4 0  0.0000000001
6 6 6 0  -0.0000000001
6 7 1 0  0.0634637758
6 7 3 0  0.0000000026
6 7 5 0  0.0000000001
6 7 7 0  -0.0000000001
6 0 0 2  0.0000000005
6 0 4 2  -0.0185798021
6 0 6 2  0.0000000026
6 1 1 2  0.0000000005
6 1 5 2  -0.0185798021
6 1 7 2  0.0000000026
6 2 2 2  0.0000000006
6 2 4 2  -0.0000000025
6 2 6 2  0.0208010414
6 3 3 2  0.0000000006
6 3 5 2  -0.0000000025
6 3 7 2  0.0208010414
6 4 0 2  -0.0185798021
6 4 2 2  -0.0000000025
6 4 4 2  0.0000000004
6 5 1 2  -0.0185798021
6 5 3 2  -0.0000000025
6 5 5 2  0.0000000004
6 6 0 2  0.0000000026
6 6 2 2  0.0208010414
6 6 6 2  0.0000000003
6 7 1 2  0.0000000026
6 7 3 2  0.0208010414
6 7 7 2  0.0000000003
6 0 0 4  0.0000000015
6 0 2 4  -0.0297365584
6 0 6 4  0.0000000001
6 1 1 4  0.0000000015
6 1 3 4  -0.0297365584
6 1 7 4  0.0000000001
6 2 0 4  -0.0297365584
6 2 2 4  -0.0000000002
6 2 4 4  0.0000000002
6 3 1 4  -0.0297365584
6 3 3 4  -0.0000000002
6 3 5 4  0.0000000002
6 4 2 4  0.0000000002
6 4 4 4  0.0000000012
6 4 6 4  0.0272991091
6 5 3 4  0.0000000002
6 5 5 4  0.0000000012
6 5 7 4  0.0272991091
6 6 0 4  0.0000000001
6 6 4 4  0.0272991091
6 6 6 4  -0.0000000006
6 7 1 4  0.0000000001
6 7 5 4  0.0272991091
6 7 7 4  -0.0000000006
6 0 0 6  0.2990423607
6 0 2 6  0.0000000019
6 0 6 6  -0.0000000001
6 1 1 6  0.2990423607
6 1 3 6  0.0000000019
6 1 7 6  -0.0000000001
6 2 0 6  0.0000000019
6 2 2 6  0.2488235047
6 2 6 6  0.0000000003
6 3 1 6  0.0000000019
6 3 3 6  0.2488235047
6 3 7 6  0.0000000003
6 4 4 6  0.2483651637
6 4 6 6  -0.0000000006
6 5 5 6  0.2483651637
6 5 7 6  -0.0000000006
6 6 0 6  -0.0000000001
6 6 2 6  0.0000000003
6 6 4 6  -0.0000000006
6 6 6 6  0.2887151014
6 7 1 6  -0.0000000001
6 7 3 6  0.0000000003
6 7 5 6  -0.0000000006
6 7 7 6  0.2887151014
7 0 2 1  0.0000000002
7 0 4 1  0.0000000014
7 0 6 1  0.0634637758
7 1 3 1  0.0000000002
7 1 5 1  0.0000000014
7 1 7 1  0.0634637758
7 2 0 1  0.0000000002
7 2 4 1  -0.0594410604
7 2 6 1  0.0000000026
7 3 1 1  0.0000000002
7 3 5 1  -0.0594410604
7 3 7 1  0.0000000026
7 4 0 1  0.0000000014
7 4 2 1  -0.0594410604
7 4 6 1  0.0000000001
7 5 1 1  0.0000000014
7 5 3 1  -0.0594410604
7 5 7 1  0.0000000001
7 6 0 1  0.0634637758
7 6 2 1  0.0000000026
7 6 4 1  0.0000000001
7 6 6 1  -0.0000000001
7 7 1 1  0.0634637758
7 7 3 1  0.0000000026
7 7 5 1  0.0000000001
7 7 7 1  -0.0000000001
7 0 0 3  0.0000000005
7 0 4 3  -0.0185798021
7 0 6 3  0.0000000026
7 1 1 3  0.0000000005
7 1 5 3  -0.0185798021
7 1 7 3  0.0000000026
7 2 2 3  0.0000000006
7 2 4 3  -0.0000000025
7 2 6 3  0.0208010414
7 3 3 3  0.0000000006
7 3 5 3  -0.0000000025
7 3 7 3  0.0208010414
7 4 0 3  -0.0185798021
7 4 2 3  -0.0000000025
7 4 4 3  0.0000000004
7 5 1 3  -0.0185798021
7 5 3 3  -0.0000000025
7 5 5 3  0.0000000004
7 6 0 3  0.0000000026
7 6 2 3  0.0208010414
7 6 6 3  0.0000000003
7 7 1 3  0.0000000026
7 7 3 3  0.0208010414
7 7 7 3  0.0000000003
7 0 0 5  0.0000000015
7 0 2 5  -0.0297365584
7 0 6 5  0.0000000001
7 1 1 5  0.0000000015
7 1 3 5  -0.0297365584
7 1 7 5  0.0000000001
7 2 0 5  -0.0297365584
7 2 2 5  -0.0000000002
7 2 4 5  0.0000000002
7 3 1 5  -0.0297365584
7 3 3 5  -0.0000000002
7 3 5 5  0.0000000002
7 4 2 5  0.0000000002
7 4 4 5  0.0000000012
7 4 6 5  0.0272991091
7 5 3 5  0.0000000002
7 5 5 5  0.0000000012
7 5 7 5  0.0272991091
7 6 0 5  0.0000000001
7 6 4 5  0.0272991091
7 6 6 5  -0.0000000006
7 7 1 5  0.0000000001
7 7 5 5  0.0272991091
7 7 7 5  -0.0000000006
7 0 0 7  0.2990423607
7 0 2 7  0.0000000019
7 0 6 7  -0.0000000001
7 1 1 7  0.2990423607
7 1 3 7  0.0000000019
7 1 7 7  -0.0000000001
7 2 0 7  0.0000000019
7 2 2 7  0.2488235047
7 2 6 7  0.0000000003
7 3 1 7  0.0000000019
7 3 3 7  0.2488235047
7 3 7 7  0.0000000003
7 4 4 7  0.2483651637
7 4 6 7  -0.0000000006
7 5 5 7  0.2483651637
7 5 7 7  -0.0000000006
7 6 0 7  -0.0000000001
7 6 2 7  0.0000000003
7 6 4 7  -0.0000000006
7 6 6 7  0.2887151014
7 7 1 7  -0.0000000001
7 7 3 7  0.0000000003
7 7 5 7  -0.0000000006
7 7 7 7  0.2887151014

 E(Ref) = -77.7834007902 Hartree, <S**2> = 0.0000
 E(FCI) = -77.8743341342 Hartree, <S**2> = -0.0000
