 MO Integrals with frozen core/virtual approximation

-73.73878652093818
0 0  -1.7366739105
0 2  -0.0000000022
0 4  0.0000000026
0 6  0.0000000004
1 1  -1.7366739105
1 3  -0.0000000022
1 5  0.0000000026
1 7  0.0000000004
2 0  -0.0000000022
2 2  -1.4271267763
2 4  -0.0000000004
2 6  -0.0000000009
3 1  -0.0000000022
3 3  -1.4271267763
3 5  -0.0000000004
3 7  -0.0000000009
4 0  0.0000000026
4 2  -0.0000000004
4 4  -1.3771722756
4 6  0.0000000024
5 1  0.0000000026
5 3  -0.0000000004
5 5  -1.3771722756
5 7  0.0000000024
6 0  0.0000000004
6 2  -0.0000000009
6 4  0.0000000024
6 6  -1.4697915815
7 1  0.0000000004
7 3  -0.0000000009
7 5  0.0000000024
7 7  -1.4697915815
0 0 0 0  0.2669992493
0 0 2 0  0.0000000001
0 0 4 0  -0.0000000002
0 1 1 0  0.2669992493
0 1 3 0  0.0000000001
0 1 5 0  -0.0000000002
0 2 0 0  0.0000000001
0 2 2 0  0.2151468757
0 2 6 0  0.0000000007
0 3 1 0  0.0000000001
0 3 3 0  0.2151468757
0 3 7 0  0.0000000007
0 4 0 0  -0.0000000002
0 4 4 0  0.2142236613
0 4 6 0  -0.0000000010
0 5 1 0  -0.0000000002
0 5 5 0  0.2142236613
0 5 7 0  -0.0000000010
0 6 2 0  0.0000000007
0 6 4 0  -0.0000000010
0 6 6 0  0.2640784594
0 7 3 0  0.0000000007
0 7 5 0  -0.0000000010
0 7 7 0  0.2640784594
0 0 0 2  0.0000000001
0 0 2 2  0.0165985607
0 0 6 2  0.0000000007
0 1 1 2  0.0000000001
0 1 3 2  0.0165985607
0 1 7 2  0.0000000007
0 2 0 2  0.0165985607
0 2 2 2  0.0000000002
0 2 4 2  -0.0000000011
0 3 1 2  0.0165985607
0 3 3 2  0.0000000002
0 3 5 2  -0.0000000011
0 4 2 2  -0.0000000011
0 4 4 2  0.0000000007
0 4 6 2  -0.0169518898
0 5 3 2  -0.0000000011
0 5 5 2  0.0000000007
0 5 7 2  -0.0169518898
0 6 0 2  0.0000000007
0 6 4 2  -0.0169518898
0 6 6 2  -0.0000000006
0 7 1 2  0.0000000007
0 7 5 2  -0.0169518898
0 7 7 2  -0.0000000006
0 0 0 4  -0.0000000002
0 0 4 4  0.0117747277
0 0 6 4  -0.0000000013
0 1 1 4  -0.0000000002
0 1 5 4  0.0117747277
0 1 7 4  -0.0000000013
0 2 2 4  -0.0000000004
0 2 4 4  0.0000000016
0 2 6 4  -0.0135996746
0 3 3 4  -0.0000000004
0 3 5 4  0.0000000016
0 3 7 4  -0.0135996746
0 4 0 4  0.0117747277
0 4 2 4  0.0000000016
0 4 4 4  -0.0000000001
0 5 1 4  0.0117747277
0 5 3 4  0.0000000016
0 5 5 4  -0.0000000001
0 6 0 4  -0.0000000013
0 6 2 4  -0.0135996746
0 6 6 4  0.0000000002
0 7 1 4  -0.0000000013
0 7 3 4  -0.0135996746
0 7 7 4  0.0000000002
0 0 2 6  0.0000000007
0 0 4 6  -0.0000000013
0 0 6 6  0.0966828288
0 1 3 6  0.0000000007
0 1 5 6  -0.0000000013
0 1 7 6  0.0966828288
0 2 0 6  0.0000000007
0 2 4 6  -0.0829543194
0 2 6 6  -0.0000000018
0 3 1 6  0.0000000007
0 3 5 6  -0.0829543194
0 3 7 6  -0.0000000018
0 4 0 6  -0.0000000013
0 4 2 6  -0.0829543194
0 4 6 6  0.0000000012
0 5 1 6  -0.0000000013
0 5 3 6  -0.0829543194
0 5 7 6  0.0000000012
0 6 0 6  0.0966828288
0 6 2 6  -0.0000000018
0 6 4 6  0.0000000012
0 7 1 6  0.0966828288
0 7 3 6  -0.0000000018
0 7 5 6  0.0000000012
1 0 0 1  0.2669992493
1 0 2 1  0.0000000001
1 0 4 1  -0.0000000002
1 1 1 1  0.2669992493
1 1 3 1  0.0000000001
1 1 5 1  -0.0000000002
1 2 0 1  0.0000000001
1 2 2 1  0.2151468757
1 2 6 1  0.0000000007
1 3 1 1  0.0000000001
1 3 3 1  0.2151468757
1 3 7 1  0.0000000007
1 4 0 1  -0.0000000002
1 4 4 1  0.2142236613
1 4 6 1  -0.0000000010
1 5 1 1  -0.0000000002
1 5 5 1  0.2142236613
1 5 7 1  -0.0000000010
1 6 2 1  0.0000000007
1 6 4 1  -0.0000000010
1 6 6 1  0.2640784594
1 7 3 1  0.0000000007
1 7 5 1  -0.0000000010
1 7 7 1  0.2640784594
1 0 0 3  0.0000000001
1 0 2 3  0.0165985607
1 0 6 3  0.0000000007
1 1 1 3  0.0000000001
1 1 3 3  0.0165985607
1 1 7 3  0.0000000007
1 2 0 3  0.0165985607
1 2 2 3  0.0000000002
1 2 4 3  -0.0000000011
1 3 1 3  0.0165985607
1 3 3 3  0.0000000002
1 3 5 3  -0.0000000011
1 4 2 3  -0.0000000011
1 4 4 3  0.0000000007
1 4 6 3  -0.0169518898
1 5 3 3  -0.0000000011
1 5 5 3  0.0000000007
1 5 7 3  -0.0169518898
1 6 0 3  0.0000000007
1 6 4 3  -0.0169518898
1 6 6 3  -0.0000000006
1 7 1 3  0.0000000007
1 7 5 3  -0.0169518898
1 7 7 3  -0.0000000006
1 0 0 5  -0.0000000002
1 0 4 5  0.0117747277
1 0 6 5  -0.0000000013
1 1 1 5  -0.0000000002
1 1 5 5  0.0117747277
1 1 7 5  -0.0000000013
1 2 2 5  -0.0000000004
1 2 4 5  0.0000000016
1 2 6 5  -0.0135996746
1 3 3 5  -0.0000000004
1 3 5 5  0.0000000016
1 3 7 5  -0.0135996746
1 4 0 5  0.0117747277
1 4 2 5  0.0000000016
1 4 4 5  -0.0000000001
1 5 1 5  0.0117747277
1 5 3 5  0.0000000016
1 5 5 5  -0.0000000001
1 6 0 5  -0.0000000013
1 6 2 5  -0.0135996746
1 6 6 5  0.0000000002
1 7 1 5  -0.0000000013
1 7 3 5  -0.0135996746
1 7 7 5  0.0000000002
1 0 2 7  0.0000000007
1 0 4 7  -0.0000000013
1 0 6 7  0.0966828288
1 1 3 7  0.0000000007
1 1 5 7  -0.0000000013
1 1 7 7  0.0966828288
1 2 0 7  0.0000000007
1 2 4 7  -0.0829543194
1 2 6 7  -0.0000000018
1 3 1 7  0.0000000007
1 3 5 7  -0.0829543194
1 3 7 7  -0.0000000018
1 4 0 7  -0.0000000013
1 4 2 7  -0.0829543194
1 4 6 7  0.0000000012
1 5 1 7  -0.0000000013
1 5 3 7  -0.0829543194
1 5 7 7  0.0000000012
1 6 0 7  0.0966828288
1 6 2 7  -0.0000000018
1 6 4 7  0.0000000012
1 7 1 7  0.0966828288
1 7 3 7  -0.0000000018
1 7 5 7  0.0000000012
2 0 0 0  0.0000000001
2 0 2 0  0.0165985607
2 0 6 0  0.0000000007
2 1 1 0  0.0000000001
2 1 3 0  0.0165985607
2 1 7 0  0.0000000007
2 2 0 0  0.0165985607
2 2 2 0  0.0000000002
2 2 4 0  -0.0000000011
2 3 1 0  0.0165985607
2 3 3 0  0.0000000002
2 3 5 0  -0.0000000011
2 4 2 0  -0.0000000011
2 4 4 0  0.0000000007
2 4 6 0  -0.0169518898
2 5 3 0  -0.0000000011
2 5 5 0  0.0000000007
2 5 7 0  -0.0169518898
2 6 0 0  0.0000000007
2 6 4 0  -0.0169518898
2 6 6 0  -0.0000000006
2 7 1 0  0.0000000007
2 7 5 0  -0.0169518898
2 7 7 0  -0.0000000006
2 0 0 2  0.2151468757
2 0 2 2  0.0000000002
2 0 4 2  -0.0000000004
2 1 1 2  0.2151468757
2 1 3 2  0.0000000002
2 1 5 2  -0.0000000004
2 2 0 2  0.0000000002
2 2 2 2  0.2230232217
2 2 6 2  0.0000000006
2 3 1 2  0.0000000002
2 3 3 2  0.2230232217
2 3 7 2  0.0000000006
2 4 0 2  -0.0000000004
2 4 4 2  0.2253553957
2 4 6 2  -0.0000000003
2 5 1 2  -0.0000000004
2 5 5 2  0.2253553957
2 5 7 2  -0.0000000003
2 6 2 2  0.0000000006
2 6 4 2  -0.0000000003
2 6 6 2  0.2219022980
2 7 3 2  0.0000000006
2 7 5 2  -0.0000000003
2 7 7 2  0.2219022980
2 0 2 4  -0.0000000011
2 0 4 4  0.0000000016
2 0 6 4  -0.0829543194
2 1 3 4  -0.0000000011
2 1 5 4  0.0000000016
2 1 7 4  -0.0829543194
2 2 0 4  -0.0000000011
2 2 4 4  0.1114417231
2 2 6 4  0.0000000016
2 3 1 4  -0.0000000011
2 3 5 4  0.1114417231
2 3 7 4  0.0000000016
2 4 0 4  0.0000000016
2 4 2 4  0.1114417231
2 4 6 4  -0.0000000009
2 5 1 4  0.0000000016
2 5 3 4  0.1114417231
2 5 7 4  -0.0000000009
2 6 0 4  -0.0829543194
2 6 2 4  0.0000000016
2 6 4 4  -0.0000000009
2 7 1 4  -0.0829543194
2 7 3 4  0.0000000016
2 7 5 4  -0.0000000009
2 0 0 6  0.0000000007
2 0 4 6  -0.0135996746
2 0 6 6  -0.0000000018
2 1 1 6  0.0000000007
2 1 5 6  -0.0135996746
2 1 7 6  -0.0000000018
2 2 2 6  0.0000000006
2 2 4 6  0.0000000016
2 2 6 6  0.0157556448
2 3 3 6  0.0000000006
2 3 5 6  0.0000000016
2 3 7 6  0.0157556448
2 4 0 6  -0.0135996746
2 4 2 6  0.0000000016
2 4 4 6  0.0000000003
2 5 1 6  -0.0135996746
2 5 3 6  0.0000000016
2 5 5 6  0.0000000003
2 6 0 6  -0.0000000018
2 6 2 6  0.0157556448
2 6 6 6  0.0000000003
2 7 1 6  -0.0000000018
2 7 3 6  0.0157556448
2 7 7 6  0.0000000003
3 0 0 1  0.0000000001
3 0 2 1  0.0165985607
3 0 6 1  0.0000000007
3 1 1 1  0.0000000001
3 1 3 1  0.0165985607
3 1 7 1  0.0000000007
3 2 0 1  0.0165985607
3 2 2 1  0.0000000002
3 2 4 1  -0.0000000011
3 3 1 1  0.0165985607
3 3 3 1  0.0000000002
3 3 5 1  -0.0000000011
3 4 2 1  -0.0000000011
3 4 4 1  0.0000000007
3 4 6 1  -0.0169518898
3 5 3 1  -0.0000000011
3 5 5 1  0.0000000007
3 5 7 1  -0.0169518898
3 6 0 1  0.0000000007
3 6 4 1  -0.0169518898
3 6 6 1  -0.0000000006
3 7 1 1  0.0000000007
3 7 5 1  -0.0169518898
3 7 7 1  -0.0000000006
3 0 0 3  0.2151468757
3 0 2 3  0.0000000002
3 0 4 3  -0.0000000004
3 1 1 3  0.2151468757
3 1 3 3  0.0000000002
3 1 5 3  -0.0000000004
3 2 0 3  0.0000000002
3 2 2 3  0.2230232217
3 2 6 3  0.0000000006
3 3 1 3  0.0000000002
3 3 3 3  0.2230232217
3 3 7 3  0.0000000006
3 4 0 3  -0.0000000004
3 4 4 3  0.2253553957
3 4 6 3  -0.0000000003
3 5 1 3  -0.0000000004
3 5 5 3  0.2253553957
3 5 7 3  -0.0000000003
3 6 2 3  0.0000000006
3 6 4 3  -0.0000000003
3 6 6 3  0.2219022980
3 7 3 3  0.0000000006
3 7 5 3  -0.0000000003
3 7 7 3  0.2219022980
3 0 2 5  -0.0000000011
3 0 4 5  0.0000000016
3 0 6 5  -0.0829543194
3 1 3 5  -0.0000000011
3 1 5 5  0.0000000016
3 1 7 5  -0.0829543194
3 2 0 5  -0.0000000011
3 2 4 5  0.1114417231
3 2 6 5  0.0000000016
3 3 1 5  -0.0000000011
3 3 5 5  0.1114417231
3 3 7 5  0.0000000016
3 4 0 5  0.0000000016
3 4 2 5  0.1114417231
3 4 6 5  -0.0000000009
3 5 1 5  0.0000000016
3 5 3 5  0.1114417231
3 5 7 5  -0.0000000009
3 6 0 5  -0.0829543194
3 6 2 5  0.0000000016
3 6 4 5  -0.0000000009
3 7 1 5  -0.0829543194
3 7 3 5  0.0000000016
3 7 5 5  -0.0000000009
3 0 0 7  0.0000000007
3 0 4 7  -0.0135996746
3 0 6 7  -0.0000000018
3 1 1 7  0.0000000007
3 1 5 7  -0.0135996746
3 1 7 7  -0.0000000018
3 2 2 7  0.0000000006
3 2 4 7  0.0000000016
3 2 6 7  0.0157556448
3 3 3 7  0.0000000006
3 3 5 7  0.0000000016
3 3 7 7  0.0157556448
3 4 0 7  -0.0135996746
3 4 2 7  0.0000000016
3 4 4 7  0.0000000003
3 5 1 7  -0.0135996746
3 5 3 7  0.0000000016
3 5 5 7  0.0000000003
3 6 0 7  -0.0000000018
3 6 2 7  0.0157556448
3 6 6 7  0.0000000003
3 7 1 7  -0.0000000018
3 7 3 7  0.0157556448
3 7 7 7  0.0000000003
4 0 0 0  -0.0000000002
4 0 4 0  0.0117747277
4 0 6 0  -0.0000000013
4 1 1 0  -0.0000000002
4 1 5 0  0.0117747277
4 1 7 0  -0.0000000013
4 2 2 0  -0.0000000004
4 2 4 0  0.0000000016
4 2 6 0  -0.0135996746
4 3 3 0  -0.0000000004
4 3 5 0  0.0000000016
4 3 7 0  -0.0135996746
4 4 0 0  0.0117747277
4 4 2 0  0.0000000016
4 4 4 0  -0.0000000001
4 5 1 0  0.0117747277
4 5 3 0  0.0000000016
4 5 5 0  -0.0000000001
4 6 0 0  -0.0000000013
4 6 2 0  -0.0135996746
4 6 6 0  0.0000000002
4 7 1 0  -0.0000000013
4 7 3 0  -0.0135996746
4 7 7 0  0.0000000002
4 0 2 2  -0.0000000011
4 0 4 2  0.0000000016
4 0 6 2  -0.0829543194
4 1 3 2  -0.0000000011
4 1 5 2  0.0000000016
4 1 7 2  -0.0829543194
4 2 0 2  -0.0000000011
4 2 4 2  0.1114417231
4 2 6 2  0.0000000016
4 3 1 2  -0.0000000011
4 3 5 2  0.1114417231
4 3 7 2  0.0000000016
4 4 0 2  0.0000000016
4 4 2 2  0.1114417231
4 4 6 2  -0.0000000009
4 5 1 2  0.0000000016
4 5 3 2  0.1114417231
4 5 7 2  -0.0000000009
4 6 0 2  -0.0829543194
4 6 2 2  0.0000000016
4 6 4 2  -0.0000000009
4 7 1 2  -0.0829543194
4 7 3 2  0.0000000016
4 7 5 2  -0.0000000009
4 0 0 4  0.2142236613
4 0 2 4  0.0000000007
4 0 4 4  -0.0000000001
4 1 1 4  0.2142236613
4 1 3 4  0.0000000007
4 1 5 4  -0.0000000001
4 2 0 4  0.0000000007
4 2 2 4  0.2253553957
4 2 6 4  0.0000000003
4 3 1 4  0.0000000007
4 3 3 4  0.2253553957
4 3 7 4  0.0000000003
4 4 0 4  -0.0000000001
4 4 4 4  0.2281280597
4 4 6 4  -0.0000000008
4 5 1 4  -0.0000000001
4 5 5 4  0.2281280597
4 5 7 4  -0.0000000008
4 6 2 4  0.0000000003
4 6 4 4  -0.0000000008
4 6 6 4  0.2223351816
4 7 3 4  0.0000000003
4 7 5 4  -0.0000000008
4 7 7 4  0.2223351816
4 0 0 6  -0.0000000010
4 0 2 6  -0.0169518898
4 0 6 6  0.0000000012
4 1 1 6  -0.0000000010
4 1 3 6  -0.0169518898
4 1 7 6  0.0000000012
4 2 0 6  -0.0169518898
4 2 2 6  -0.0000000003
4 2 4 6  -0.0000000009
4 3 1 6  -0.0169518898
4 3 3 6  -0.0000000003
4 3 5 6  -0.0000000009
4 4 2 6  -0.0000000009
4 4 4 6  -0.0000000008
4 4 6 6  0.0180382718
4 5 3 6  -0.0000000009
4 5 5 6  -0.0000000008
4 5 7 6  0.0180382718
4 6 0 6  0.0000000012
4 6 4 6  0.0180382718
4 6 6 6  -0.0000000003
4 7 1 6  0.0000000012
4 7 5 6  0.0180382718
4 7 7 6  -0.0000000003
5 0 0 1  -0.0000000002
5 0 4 1  0.0117747277
5 0 6 1  -0.0000000013
5 1 1 1  -0.0000000002
5 1 5 1  0.0117747277
5 1 7 1  -0.0000000013
5 2 2 1  -0.0000000004
5 2 4 1  0.0000000016
5 2 6 1  -0.0135996746
5 3 3 1  -0.0000000004
5 3 5 1  0.0000000016
5 3 7 1  -0.0135996746
5 4 0 1  0.0117747277
5 4 2 1  0.0000000016
5 4 4 1  -0.0000000001
5 5 1 1  0.0117747277
5 5 3 1  0.0000000016
5 5 5 1  -0.0000000001
5 6 0 1  -0.0000000013
5 6 2 1  -0.0135996746
5 6 6 1  0.0000000002
5 7 1 1  -0.0000000013
5 7 3 1  -0.0135996746
5 7 7 1  0.0000000002
5 0 2 3  -0.0000000011
5 0 4 3  0.0000000016
5 0 6 3  -0.0829543194
5 1 3 3  -0.0000000011
5 1 5 3  0.0000000016
5 1 7 3  -0.0829543194
5 2 0 3  -0.0000000011
5 2 4 3  0.1114417231
5 2 6 3  0.0000000016
5 3 1 3  -0.0000000011
5 3 5 3  0.1114417231
5 3 7 3  0.0000000016
5 4 0 3  0.0000000016
5 4 2 3  0.1114417231
5 4 6 3  -0.0000000009
5 5 1 3  0.0000000016
5 5 3 3  0.1114417231
5 5 7 3  -0.0000000009
5 6 0 3  -0.0829543194
5 6 2 3  0.0000000016
5 6 4 3  -0.0000000009
5 7 1 3  -0.0829543194
5 7 3 3  0.0000000016
5 7 5 3  -0.0000000009
5 0 0 5  0.2142236613
5 0 2 5  0.0000000007
5 0 4 5  -0.0000000001
5 1 1 5  0.2142236613
5 1 3 5  0.0000000007
5 1 5 5  -0.0000000001
5 2 0 5  0.0000000007
5 2 2 5  0.2253553957
5 2 6 5  0.0000000003
5 3 1 5  0.0000000007
5 3 3 5  0.2253553957
5 3 7 5  0.0000000003
5 4 0 5  -0.0000000001
5 4 4 5  0.2281280597
5 4 6 5  -0.0000000008
5 5 1 5  -0.0000000001
5 5 5 5  0.2281280597
5 5 7 5  -0.0000000008
5 6 2 5  0.0000000003
5 6 4 5  -0.0000000008
5 6 6 5  0.2223351816
5 7 3 5  0.0000000003
5 7 5 5  -0.0000000008
5 7 7 5  0.2223351816
5 0 0 7  -0.0000000010
5 0 2 7  -0.0169518898
5 0 6 7  0.0000000012
5 1 1 7  -0.0000000010
5 1 3 7  -0.0169518898
5 1 7 7  0.0000000012
5 2 0 7  -0.0169518898
5 2 2 7  -0.0000000003
5 2 4 7  -0.0000000009
5 3 1 7  -0.0169518898
5 3 3 7  -0.0000000003
5 3 5 7  -0.0000000009
5 4 2 7  -0.0000000009
5 4 4 7  -0.0000000008
5 4 6 7  0.0180382718
5 5 3 7  -0.0000000009
5 5 5 7  -0.0000000008
5 5 7 7  0.0180382718
5 6 0 7  0.0000000012
5 6 4 7  0.0180382718
5 6 6 7  -0.0000000003
5 7 1 7  0.0000000012
5 7 5 7  0.0180382718
5 7 7 7  -0.0000000003
6 0 2 0  0.0000000007
6 0 4 0  -0.0000000013
6 0 6 0  0.0966828288
6 1 3 0  0.0000000007
6 1 5 0  -0.0000000013
6 1 7 0  0.0966828288
6 2 0 0  0.0000000007
6 2 4 0  -0.0829543194
6 2 6 0  -0.0000000018
6 3 1 0  0.0000000007
6 3 5 0  -0.0829543194
6 3 7 0  -0.0000000018
6 4 0 0  -0.0000000013
6 4 2 0  -0.0829543194
6 4 6 0  0.0000000012
6 5 1 0  -0.0000000013
6 5 3 0  -0.0829543194
6 5 7 0  0.0000000012
6 6 0 0  0.0966828288
6 6 2 0  -0.0000000018
6 6 4 0  0.0000000012
6 7 1 0  0.0966828288
6 7 3 0  -0.0000000018
6 7 5 0  0.0000000012
6 0 0 2  0.0000000007
6 0 4 2  -0.0135996746
6 0 6 2  -0.0000000018
6 1 1 2  0.0000000007
6 1 5 2  -0.0135996746
6 1 7 2  -0.0000000018
6 2 2 2  0.0000000006
6 2 4 2  0.0000000016
6 2 6 2  0.0157556448
6 3 3 2  0.0000000006
6 3 5 2  0.0000000016
6 3 7 2  0.0157556448
6 4 0 2  -0.0135996746
6 4 2 2  0.0000000016
6 4 4 2  0.0000000003
6 5 1 2  -0.0135996746
6 5 3 2  0.0000000016
6 5 5 2  0.0000000003
6 6 0 2  -0.0000000018
6 6 2 2  0.0157556448
6 6 6 2  0.0000000003
6 7 1 2  -0.0000000018
6 7 3 2  0.0157556448
6 7 7 2  0.0000000003
6 0 0 4  -0.0000000010
6 0 2 4  -0.0169518898
6 0 6 4  0.0000000012
6 1 1 4  -0.0000000010
6 1 3 4  -0.0169518898
6 1 7 4  0.0000000012
6 2 0 4  -0.0169518898
6 2 2 4  -0.0000000003
6 2 4 4  -0.0000000009
6 3 1 4  -0.0169518898
6 3 3 4  -0.0000000003
6 3 5 4  -0.0000000009
6 4 2 4  -0.0000000009
6 4 4 4  -0.0000000008
6 4 6 4  0.0180382718
6 5 3 4  -0.0000000009
6 5 5 4  -0.0000000008
6 5 7 4  0.0180382718
6 6 0 4  0.0000000012
6 6 4 4  0.0180382718
6 6 6 4  -0.0000000003
6 7 1 4  0.0000000012
6 7 5 4  0.0180382718
6 7 7 4  -0.0000000003
6 0 0 6  0.2640784594
6 0 2 6  -0.0000000006
6 0 4 6  0.0000000002
6 1 1 6  0.2640784594
6 1 3 6  -0.0000000006
6 1 5 6  0.0000000002
6 2 0 6  -0.0000000006
6 2 2 6  0.2219022980
6 2 6 6  0.0000000003
6 3 1 6  -0.0000000006
6 3 3 6  0.2219022980
6 3 7 6  0.0000000003
6 4 0 6  0.0000000002
6 4 4 6  0.2223351816
6 4 6 6  -0.0000000003
6 5 1 6  0.0000000002
6 5 5 6  0.2223351816
6 5 7 6  -0.0000000003
6 6 2 6  0.0000000003
6 6 4 6  -0.0000000003
6 6 6 6  0.2692342292
6 7 3 6  0.0000000003
6 7 5 6  -0.0000000003
6 7 7 6  0.2692342292
7 0 2 1  0.0000000007
7 0 4 1  -0.0000000013
7 0 6 1  0.0966828288
7 1 3 1  0.0000000007
7 1 5 1  -0.0000000013
7 1 7 1  0.0966828288
7 2 0 1  0.0000000007
7 2 4 1  -0.0829543194
7 2 6 1  -0.0000000018
7 3 1 1  0.0000000007
7 3 5 1  -0.0829543194
7 3 7 1  -0.0000000018
7 4 0 1  -0.0000000013
7 4 2 1  -0.0829543194
7 4 6 1  0.0000000012
7 5 1 1  -0.0000000013
7 5 3 1  -0.0829543194
7 5 7 1  0.0000000012
7 6 0 1  0.0966828288
7 6 2 1  -0.0000000018
7 6 4 1  0.0000000012
7 7 1 1  0.0966828288
7 7 3 1  -0.0000000018
7 7 5 1  0.0000000012
7 0 0 3  0.0000000007
7 0 4 3  -0.0135996746
7 0 6 3  -0.0000000018
7 1 1 3  0.0000000007
7 1 5 3  -0.0135996746
7 1 7 3  -0.0000000018
7 2 2 3  0.0000000006
7 2 4 3  0.0000000016
7 2 6 3  0.0157556448
7 3 3 3  0.0000000006
7 3 5 3  0.0000000016
7 3 7 3  0.0157556448
7 4 0 3  -0.0135996746
7 4 2 3  0.0000000016
7 4 4 3  0.0000000003
7 5 1 3  -0.0135996746
7 5 3 3  0.0000000016
7 5 5 3  0.0000000003
7 6 0 3  -0.0000000018
7 6 2 3  0.0157556448
7 6 6 3  0.0000000003
7 7 1 3  -0.0000000018
7 7 3 3  0.0157556448
7 7 7 3  0.0000000003
7 0 0 5  -0.0000000010
7 0 2 5  -0.0169518898
7 0 6 5  0.0000000012
7 1 1 5  -0.0000000010
7 1 3 5  -0.0169518898
7 1 7 5  0.0000000012
7 2 0 5  -0.0169518898
7 2 2 5  -0.0000000003
7 2 4 5  -0.0000000009
7 3 1 5  -0.0169518898
7 3 3 5  -0.0000000003
7 3 5 5  -0.0000000009
7 4 2 5  -0.0000000009
7 4 4 5  -0.0000000008
7 4 6 5  0.0180382718
7 5 3 5  -0.0000000009
7 5 5 5  -0.0000000008
7 5 7 5  0.0180382718
7 6 0 5  0.0000000012
7 6 4 5  0.0180382718
7 6 6 5  -0.0000000003
7 7 1 5  0.0000000012
7 7 5 5  0.0180382718
7 7 7 5  -0.0000000003
7 0 0 7  0.2640784594
7 0 2 7  -0.0000000006
7 0 4 7  0.0000000002
7 1 1 7  0.2640784594
7 1 3 7  -0.0000000006
7 1 5 7  0.0000000002
7 2 0 7  -0.0000000006
7 2 2 7  0.2219022980
7 2 6 7  0.0000000003
7 3 1 7  -0.0000000006
7 3 3 7  0.2219022980
7 3 7 7  0.0000000003
7 4 0 7  0.0000000002
7 4 4 7  0.2223351816
7 4 6 7  -0.0000000003
7 5 1 7  0.0000000002
7 5 5 7  0.2223351816
7 5 7 7  -0.0000000003
7 6 2 7  0.0000000003
7 6 4 7  -0.0000000003
7 6 6 7  0.2692342292
7 7 3 7  0.0000000003
7 7 5 7  -0.0000000003
7 7 7 7  0.2692342292

 E(Ref) = -77.4315621900 Hartree, <S**2> = 0.0000
 E(FCI) = -77.6891097270 Hartree, <S**2> = -0.0000
