 MO Integrals with frozen core/virtual approximation

-72.35179610122282
0 0  -2.4852270913
0 2  0.0000000003
0 6  0.0000000007
1 1  -2.4852270913
1 3  0.0000000003
1 7  0.0000000007
2 0  0.0000000003
2 2  -1.7585111302
2 4  -0.0000000005
2 6  -0.0000000020
3 1  0.0000000003
3 3  -1.7585111302
3 5  -0.0000000005
3 7  -0.0000000020
4 2  -0.0000000005
4 4  -1.5052396151
4 6  -0.0000000053
5 3  -0.0000000005
5 5  -1.5052396151
5 7  -0.0000000053
6 0  0.0000000007
6 2  -0.0000000020
6 4  -0.0000000053
6 6  -1.2087333964
7 1  0.0000000007
7 3  -0.0000000020
7 5  -0.0000000053
7 7  -1.2087333964
0 0 0 0  0.3101442532
0 0 2 0  0.0000000012
0 0 4 0  -0.0000000001
0 0 6 0  -0.0000000002
0 1 1 0  0.3101442532
0 1 3 0  0.0000000012
0 1 5 0  -0.0000000001
0 1 7 0  -0.0000000002
0 2 0 0  0.0000000012
0 2 2 0  0.2579565714
0 2 6 0  0.0000000001
0 3 1 0  0.0000000012
0 3 3 0  0.2579565714
0 3 7 0  0.0000000001
0 4 0 0  -0.0000000001
0 4 4 0  0.2505550479
0 4 6 0  -0.0000000002
0 5 1 0  -0.0000000001
0 5 5 0  0.2505550479
0 5 7 0  -0.0000000002
0 6 0 0  -0.0000000002
0 6 2 0  0.0000000001
0 6 4 0  -0.0000000002
0 6 6 0  0.2807874924
0 7 1 0  -0.0000000002
0 7 3 0  0.0000000001
0 7 5 0  -0.0000000002
0 7 7 0  0.2807874924
0 0 0 2  0.0000000012
0 0 2 2  0.0404991707
0 0 6 2  0.0000000001
0 1 1 2  0.0000000012
0 1 3 2  0.0404991707
0 1 7 2  0.0000000001
0 2 0 2  0.0404991707
0 2 2 2  0.0000000006
0 2 4 2  0.0000000004
0 3 1 2  0.0404991707
0 3 3 2  0.0000000006
0 3 5 2  0.0000000004
0 4 2 2  0.0000000004
0 4 4 2  -0.0000000011
0 4 6 2  0.0326202382
0 5 3 2  0.0000000004
0 5 5 2  -0.0000000011
0 5 7 2  0.0326202382
0 6 0 2  0.0000000001
0 6 4 2  0.0326202382
0 6 6 2  0.0000000022
0 7 1 2  0.0000000001
0 7 5 2  0.0326202382
0 7 7 2  0.0000000022
0 0 0 4  -0.0000000001
0 0 4 4  0.0190419021
0 0 6 4  -0.0000000006
0 1 1 4  -0.0000000001
0 1 5 4  0.0190419021
0 1 7 4  -0.0000000006
0 2 2 4  0.0000000002
0 2 4 4  -0.0000000018
0 2 6 4  0.0199768575
0 3 3 4  0.0000000002
0 3 5 4  -0.0000000018
0 3 7 4  0.0199768575
0 4 0 4  0.0190419021
0 4 2 4  -0.0000000018
0 4 4 4  0.0000000001
0 5 1 4  0.0190419021
0 5 3 4  -0.0000000018
0 5 5 4  0.0000000001
0 6 0 4  -0.0000000006
0 6 2 4  0.0199768575
0 7 1 4  -0.0000000006
0 7 3 4  0.0199768575
0 0 0 6  -0.0000000002
0 0 2 6  0.0000000001
0 0 4 6  -0.0000000006
0 0 6 6  0.0507540068
0 1 1 6  -0.0000000002
0 1 3 6  0.0000000001
0 1 5 6  -0.0000000006
0 1 7 6  0.0507540068
0 2 0 6  0.0000000001
0 2 2 6  -0.0000000001
0 2 4 6  0.0526658159
0 2 6 6  0.0000000018
0 3 1 6  0.0000000001
0 3 3 6  -0.0000000001
0 3 5 6  0.0526658159
0 3 7 6  0.0000000018
0 4 0 6  -0.0000000006
0 4 2 6  0.0526658159
0 4 4 6  -0.0000000001
0 4 6 6  0.0000000001
0 5 1 6  -0.0000000006
0 5 3 6  0.0526658159
0 5 5 6  -0.0000000001
0 5 7 6  0.0000000001
0 6 0 6  0.0507540068
0 6 2 6  0.0000000018
0 6 4 6  0.0000000001
0 6 6 6  -0.0000000002
0 7 1 6  0.0507540068
0 7 3 6  0.0000000018
0 7 5 6  0.0000000001
0 7 7 6  -0.0000000002
1 0 0 1  0.3101442532
1 0 2 1  0.0000000012
1 0 4 1  -0.0000000001
1 0 6 1  -0.0000000002
1 1 1 1  0.3101442532
1 1 3 1  0.0000000012
1 1 5 1  -0.0000000001
1 1 7 1  -0.0000000002
1 2 0 1  0.0000000012
1 2 2 1  0.2579565714
1 2 6 1  0.0000000001
1 3 1 1  0.0000000012
1 3 3 1  0.2579565714
1 3 7 1  0.0000000001
1 4 0 1  -0.0000000001
1 4 4 1  0.2505550479
1 4 6 1  -0.0000000002
1 5 1 1  -0.0000000001
1 5 5 1  0.2505550479
1 5 7 1  -0.0000000002
1 6 0 1  -0.0000000002
1 6 2 1  0.0000000001
1 6 4 1  -0.0000000002
1 6 6 1  0.2807874924
1 7 1 1  -0.0000000002
1 7 3 1  0.0000000001
1 7 5 1  -0.0000000002
1 7 7 1  0.2807874924
1 0 0 3  0.0000000012
1 0 2 3  0.0404991707
1 0 6 3  0.0000000001
1 1 1 3  0.0000000012
1 1 3 3  0.0404991707
1 1 7 3  0.0000000001
1 2 0 3  0.0404991707
1 2 2 3  0.0000000006
1 2 4 3  0.0000000004
1 3 1 3  0.0404991707
1 3 3 3  0.0000000006
1 3 5 3  0.0000000004
1 4 2 3  0.0000000004
1 4 4 3  -0.0000000011
1 4 6 3  0.0326202382
1 5 3 3  0.0000000004
1 5 5 3  -0.0000000011
1 5 7 3  0.0326202382
1 6 0 3  0.0000000001
1 6 4 3  0.0326202382
1 6 6 3  0.0000000022
1 7 1 3  0.0000000001
1 7 5 3  0.0326202382
1 7 7 3  0.0000000022
1 0 0 5  -0.0000000001
1 0 4 5  0.0190419021
1 0 6 5  -0.0000000006
1 1 1 5  -0.0000000001
1 1 5 5  0.0190419021
1 1 7 5  -0.0000000006
1 2 2 5  0.0000000002
1 2 4 5  -0.0000000018
1 2 6 5  0.0199768575
1 3 3 5  0.0000000002
1 3 5 5  -0.0000000018
1 3 7 5  0.0199768575
1 4 0 5  0.0190419021
1 4 2 5  -0.0000000018
1 4 4 5  0.0000000001
1 5 1 5  0.0190419021
1 5 3 5  -0.0000000018
1 5 5 5  0.0000000001
1 6 0 5  -0.0000000006
1 6 2 5  0.0199768575
1 7 1 5  -0.0000000006
1 7 3 5  0.0199768575
1 0 0 7  -0.0000000002
1 0 2 7  0.0000000001
1 0 4 7  -0.0000000006
1 0 6 7  0.0507540068
1 1 1 7  -0.0000000002
1 1 3 7  0.0000000001
1 1 5 7  -0.0000000006
1 1 7 7  0.0507540068
1 2 0 7  0.0000000001
1 2 2 7  -0.0000000001
1 2 4 7  0.0526658159
1 2 6 7  0.0000000018
1 3 1 7  0.0000000001
1 3 3 7  -0.0000000001
1 3 5 7  0.0526658159
1 3 7 7  0.0000000018
1 4 0 7  -0.0000000006
1 4 2 7  0.0526658159
1 4 4 7  -0.0000000001
1 4 6 7  0.0000000001
1 5 1 7  -0.0000000006
1 5 3 7  0.0526658159
1 5 5 7  -0.0000000001
1 5 7 7  0.0000000001
1 6 0 7  0.0507540068
1 6 2 7  0.0000000018
1 6 4 7  0.0000000001
1 6 6 7  -0.0000000002
1 7 1 7  0.0507540068
1 7 3 7  0.0000000018
1 7 5 7  0.0000000001
1 7 7 7  -0.0000000002
2 0 0 0  0.0000000012
2 0 2 0  0.0404991707
2 0 6 0  0.0000000001
2 1 1 0  0.0000000012
2 1 3 0  0.0404991707
2 1 7 0  0.0000000001
2 2 0 0  0.0404991707
2 2 2 0  0.0000000006
2 2 4 0  0.0000000004
2 3 1 0  0.0404991707
2 3 3 0  0.0000000006
2 3 5 0  0.0000000004
2 4 2 0  0.0000000004
2 4 4 0  -0.0000000011
2 4 6 0  0.0326202382
2 5 3 0  0.0000000004
2 5 5 0  -0.0000000011
2 5 7 0  0.0326202382
2 6 0 0  0.0000000001
2 6 4 0  0.0326202382
2 6 6 0  0.0000000022
2 7 1 0  0.0000000001
2 7 5 0  0.0326202382
2 7 7 0  0.0000000022
2 0 0 2  0.2579565714
2 0 2 2  0.0000000006
2 0 4 2  0.0000000002
2 0 6 2  -0.0000000001
2 1 1 2  0.2579565714
2 1 3 2  0.0000000006
2 1 5 2  0.0000000002
2 1 7 2  -0.0000000001
2 2 0 2  0.0000000006
2 2 2 2  0.2506587286
2 2 6 2  0.0000000004
2 3 1 2  0.0000000006
2 3 3 2  0.2506587286
2 3 7 2  0.0000000004
2 4 0 2  0.0000000002
2 4 4 2  0.2517258951
2 4 6 2  0.0000000002
2 5 1 2  0.0000000002
2 5 5 2  0.2517258951
2 5 7 2  0.0000000002
2 6 0 2  -0.0000000001
2 6 2 2  0.0000000004
2 6 4 2  0.0000000002
2 6 6 2  0.2461696513
2 7 1 2  -0.0000000001
2 7 3 2  0.0000000004
2 7 5 2  0.0000000002
2 7 7 2  0.2461696513
2 0 2 4  0.0000000004
2 0 4 4  -0.0000000018
2 0 6 4  0.0526658159
2 1 3 4  0.0000000004
2 1 5 4  -0.0000000018
2 1 7 4  0.0526658159
2 2 0 4  0.0000000004
2 2 4 4  0.0881968516
2 2 6 4  0.0000000016
2 3 1 4  0.0000000004
2 3 5 4  0.0881968516
2 3 7 4  0.0000000016
2 4 0 4  -0.0000000018
2 4 2 4  0.0881968516
2 4 6 4  0.0000000003
2 5 1 4  -0.0000000018
2 5 3 4  0.0881968516
2 5 7 4  0.0000000003
2 6 0 4  0.0526658159
2 6 2 4  0.0000000016
2 6 4 4  0.0000000003
2 6 6 4  -0.0000000001
2 7 1 4  0.0526658159
2 7 3 4  0.0000000016
2 7 5 4  0.0000000003
2 7 7 4  -0.0000000001
2 0 0 6  0.0000000001
2 0 4 6  0.0199768575
2 0 6 6  0.0000000018
2 1 1 6  0.0000000001
2 1 5 6  0.0199768575
2 1 7 6  0.0000000018
2 2 2 6  0.0000000004
2 2 4 6  0.0000000016
2 2 6 6  0.0218186326
2 3 3 6  0.0000000004
2 3 5 6  0.0000000016
2 3 7 6  0.0218186326
2 4 0 6  0.0199768575
2 4 2 6  0.0000000016
2 4 4 6  0.0000000003
2 5 1 6  0.0199768575
2 5 3 6  0.0000000016
2 5 5 6  0.0000000003
2 6 0 6  0.0000000018
2 6 2 6  0.0218186326
2 6 6 6  0.0000000002
2 7 1 6  0.0000000018
2 7 3 6  0.0218186326
2 7 7 6  0.0000000002
3 0 0 1  0.0000000012
3 0 2 1  0.0404991707
3 0 6 1  0.0000000001
3 1 1 1  0.0000000012
3 1 3 1  0.0404991707
3 1 7 1  0.0000000001
3 2 0 1  0.0404991707
3 2 2 1  0.0000000006
3 2 4 1  0.0000000004
3 3 1 1  0.0404991707
3 3 3 1  0.0000000006
3 3 5 1  0.0000000004
3 4 2 1  0.0000000004
3 4 4 1  -0.0000000011
3 4 6 1  0.0326202382
3 5 3 1  0.0000000004
3 5 5 1  -0.0000000011
3 5 7 1  0.0326202382
3 6 0 1  0.0000000001
3 6 4 1  0.0326202382
3 6 6 1  0.0000000022
3 7 1 1  0.0000000001
3 7 5 1  0.0326202382
3 7 7 1  0.0000000022
3 0 0 3  0.2579565714
3 0 2 3  0.0000000006
3 0 4 3  0.0000000002
3 0 6 3  -0.0000000001
3 1 1 3  0.2579565714
3 1 3 3  0.0000000006
3 1 5 3  0.0000000002
3 1 7 3  -0.0000000001
3 2 0 3  0.0000000006
3 2 2 3  0.2506587286
3 2 6 3  0.0000000004
3 3 1 3  0.0000000006
3 3 3 3  0.2506587286
3 3 7 3  0.0000000004
3 4 0 3  0.0000000002
3 4 4 3  0.2517258951
3 4 6 3  0.0000000002
3 5 1 3  0.0000000002
3 5 5 3  0.2517258951
3 5 7 3  0.0000000002
3 6 0 3  -0.0000000001
3 6 2 3  0.0000000004
3 6 4 3  0.0000000002
3 6 6 3  0.2461696513
3 7 1 3  -0.0000000001
3 7 3 3  0.0000000004
3 7 5 3  0.0000000002
3 7 7 3  0.2461696513
3 0 2 5  0.0000000004
3 0 4 5  -0.0000000018
3 0 6 5  0.0526658159
3 1 3 5  0.0000000004
3 1 5 5  -0.0000000018
3 1 7 5  0.0526658159
3 2 0 5  0.0000000004
3 2 4 5  0.0881968516
3 2 6 5  0.0000000016
3 3 1 5  0.0000000004
3 3 5 5  0.0881968516
3 3 7 5  0.0000000016
3 4 0 5  -0.0000000018
3 4 2 5  0.0881968516
3 4 6 5  0.0000000003
3 5 1 5  -0.0000000018
3 5 3 5  0.0881968516
3 5 7 5  0.0000000003
3 6 0 5  0.0526658159
3 6 2 5  0.0000000016
3 6 4 5  0.0000000003
3 6 6 5  -0.0000000001
3 7 1 5  0.0526658159
3 7 3 5  0.0000000016
3 7 5 5  0.0000000003
3 7 7 5  -0.0000000001
3 0 0 7  0.0000000001
3 0 4 7  0.0199768575
3 0 6 7  0.0000000018
3 1 1 7  0.0000000001
3 1 5 7  0.0199768575
3 1 7 7  0.0000000018
3 2 2 7  0.0000000004
3 2 4 7  0.0000000016
3 2 6 7  0.0218186326
3 3 3 7  0.0000000004
3 3 5 7  0.0000000016
3 3 7 7  0.0218186326
3 4 0 7  0.0199768575
3 4 2 7  0.0000000016
3 4 4 7  0.0000000003
3 5 1 7  0.0199768575
3 5 3 7  0.0000000016
3 5 5 7  0.0000000003
3 6 0 7  0.0000000018
3 6 2 7  0.0218186326
3 6 6 7  0.0000000002
3 7 1 7  0.0000000018
3 7 3 7  0.0218186326
3 7 7 7  0.0000000002
4 0 0 0  -0.0000000001
4 0 4 0  0.0190419021
4 0 6 0  -0.0000000006
4 1 1 0  -0.0000000001
4 1 5 0  0.0190419021
4 1 7 0  -0.0000000006
4 2 2 0  0.0000000002
4 2 4 0  -0.0000000018
4 2 6 0  0.0199768575
4 3 3 0  0.0000000002
4 3 5 0  -0.0000000018
4 3 7 0  0.0199768575
4 4 0 0  0.0190419021
4 4 2 0  -0.0000000018
4 4 4 0  0.0000000001
4 5 1 0  0.0190419021
4 5 3 0  -0.0000000018
4 5 5 0  0.0000000001
4 6 0 0  -0.0000000006
4 6 2 0  0.0199768575
4 7 1 0  -0.0000000006
4 7 3 0  0.0199768575
4 0 2 2  0.0000000004
4 0 4 2  -0.0000000018
4 0 6 2  0.0526658159
4 1 3 2  0.0000000004
4 1 5 2  -0.0000000018
4 1 7 2  0.0526658159
4 2 0 2  0.0000000004
4 2 4 2  0.0881968516
4 2 6 2  0.0000000016
4 3 1 2  0.0000000004
4 3 5 2  0.0881968516
4 3 7 2  0.0000000016
4 4 0 2  -0.0000000018
4 4 2 2  0.0881968516
4 4 6 2  0.0000000003
4 5 1 2  -0.0000000018
4 5 3 2  0.0881968516
4 5 7 2  0.0000000003
4 6 0 2  0.0526658159
4 6 2 2  0.0000000016
4 6 4 2  0.0000000003
4 6 6 2  -0.0000000001
4 7 1 2  0.0526658159
4 7 3 2  0.0000000016
4 7 5 2  0.0000000003
4 7 7 2  -0.0000000001
4 0 0 4  0.2505550479
4 0 2 4  -0.0000000011
4 0 4 4  0.0000000001
4 0 6 4  -0.0000000001
4 1 1 4  0.2505550479
4 1 3 4  -0.0000000011
4 1 5 4  0.0000000001
4 1 7 4  -0.0000000001
4 2 0 4  -0.0000000011
4 2 2 4  0.2517258951
4 2 6 4  0.0000000003
4 3 1 4  -0.0000000011
4 3 3 4  0.2517258951
4 3 7 4  0.0000000003
4 4 0 4  0.0000000001
4 4 4 4  0.2585590479
4 4 6 4  -0.0000000011
4 5 1 4  0.0000000001
4 5 5 4  0.2585590479
4 5 7 4  -0.0000000011
4 6 0 4  -0.0000000001
4 6 2 4  0.0000000003
4 6 4 4  -0.0000000011
4 6 6 4  0.2459719631
4 7 1 4  -0.0000000001
4 7 3 4  0.0000000003
4 7 5 4  -0.0000000011
4 7 7 4  0.2459719631
4 0 0 6  -0.0000000002
4 0 2 6  0.0326202382
4 0 6 6  0.0000000001
4 1 1 6  -0.0000000002
4 1 3 6  0.0326202382
4 1 7 6  0.0000000001
4 2 0 6  0.0326202382
4 2 2 6  0.0000000002
4 2 4 6  0.0000000003
4 3 1 6  0.0326202382
4 3 3 6  0.0000000002
4 3 5 6  0.0000000003
4 4 2 6  0.0000000003
4 4 4 6  -0.0000000011
4 4 6 6  0.0297735151
4 5 3 6  0.0000000003
4 5 5 6  -0.0000000011
4 5 7 6  0.0297735151
4 6 0 6  0.0000000001
4 6 4 6  0.0297735151
4 6 6 6  0.0000000010
4 7 1 6  0.0000000001
4 7 5 6  0.0297735151
4 7 7 6  0.0000000010
5 0 0 1  -0.0000000001
5 0 4 1  0.0190419021
5 0 6 1  -0.0000000006
5 1 1 1  -0.0000000001
5 1 5 1  0.0190419021
5 1 7 1  -0.0000000006
5 2 2 1  0.0000000002
5 2 4 1  -0.0000000018
5 2 6 1  0.0199768575
5 3 3 1  0.0000000002
5 3 5 1  -0.0000000018
5 3 7 1  0.0199768575
5 4 0 1  0.0190419021
5 4 2 1  -0.0000000018
5 4 4 1  0.0000000001
5 5 1 1  0.0190419021
5 5 3 1  -0.0000000018
5 5 5 1  0.0000000001
5 6 0 1  -0.0000000006
5 6 2 1  0.0199768575
5 7 1 1  -0.0000000006
5 7 3 1  0.0199768575
5 0 2 3  0.0000000004
5 0 4 3  -0.0000000018
5 0 6 3  0.0526658159
5 1 3 3  0.0000000004
5 1 5 3  -0.0000000018
5 1 7 3  0.0526658159
5 2 0 3  0.0000000004
5 2 4 3  0.0881968516
5 2 6 3  0.0000000016
5 3 1 3  0.0000000004
5 3 5 3  0.0881968516
5 3 7 3  0.0000000016
5 4 0 3  -0.0000000018
5 4 2 3  0.0881968516
5 4 6 3  0.0000000003
5 5 1 3  -0.0000000018
5 5 3 3  0.0881968516
5 5 7 3  0.0000000003
5 6 0 3  0.0526658159
5 6 2 3  0.0000000016
5 6 4 3  0.0000000003
5 6 6 3  -0.0000000001
5 7 1 3  0.0526658159
5 7 3 3  0.0000000016
5 7 5 3  0.0000000003
5 7 7 3  -0.0000000001
5 0 0 5  0.2505550479
5 0 2 5  -0.0000000011
5 0 4 5  0.0000000001
5 0 6 5  -0.0000000001
5 1 1 5  0.2505550479
5 1 3 5  -0.0000000011
5 1 5 5  0.0000000001
5 1 7 5  -0.0000000001
5 2 0 5  -0.0000000011
5 2 2 5  0.2517258951
5 2 6 5  0.0000000003
5 3 1 5  -0.0000000011
5 3 3 5  0.2517258951
5 3 7 5  0.0000000003
5 4 0 5  0.0000000001
5 4 4 5  0.2585590479
5 4 6 5  -0.0000000011
5 5 1 5  0.0000000001
5 5 5 5  0.2585590479
5 5 7 5  -0.0000000011
5 6 0 5  -0.0000000001
5 6 2 5  0.0000000003
5 6 4 5  -0.0000000011
5 6 6 5  0.2459719631
5 7 1 5  -0.0000000001
5 7 3 5  0.0000000003
5 7 5 5  -0.0000000011
5 7 7 5  0.2459719631
5 0 0 7  -0.0000000002
5 0 2 7  0.0326202382
5 0 6 7  0.0000000001
5 1 1 7  -0.0000000002
5 1 3 7  0.0326202382
5 1 7 7  0.0000000001
5 2 0 7  0.0326202382
5 2 2 7  0.0000000002
5 2 4 7  0.0000000003
5 3 1 7  0.0326202382
5 3 3 7  0.0000000002
5 3 5 7  0.0000000003
5 4 2 7  0.0000000003
5 4 4 7  -0.0000000011
5 4 6 7  0.0297735151
5 5 3 7  0.0000000003
5 5 5 7  -0.0000000011
5 5 7 7  0.0297735151
5 6 0 7  0.0000000001
5 6 4 7  0.0297735151
5 6 6 7  0.0000000010
5 7 1 7  0.0000000001
5 7 5 7  0.0297735151
5 7 7 7  0.0000000010
6 0 0 0  -0.0000000002
6 0 2 0  0.0000000001
6 0 4 0  -0.0000000006
6 0 6 0  0.0507540068
6 1 1 0  -0.0000000002
6 1 3 0  0.0000000001
6 1 5 0  -0.0000000006
6 1 7 0  0.0507540068
6 2 0 0  0.0000000001
6 2 2 0  -0.0000000001
6 2 4 0  0.0526658159
6 2 6 0  0.0000000018
6 3 1 0  0.0000000001
6 3 3 0  -0.0000000001
6 3 5 0  0.0526658159
6 3 7 0  0.0000000018
6 4 0 0  -0.0000000006
6 4 2 0  0.0526658159
6 4 4 0  -0.0000000001
6 4 6 0  0.0000000001
6 5 1 0  -0.0000000006
6 5 3 0  0.0526658159
6 5 5 0  -0.0000000001
6 5 7 0  0.0000000001
6 6 0 0  0.0507540068
6 6 2 0  0.0000000018
6 6 4 0  0.0000000001
6 6 6 0  -0.0000000002
6 7 1 0  0.0507540068
6 7 3 0  0.0000000018
6 7 5 0  0.0000000001
6 7 7 0  -0.0000000002
6 0 0 2  0.0000000001
6 0 4 2  0.0199768575
6 0 6 2  0.0000000018
6 1 1 2  0.0000000001
6 1 5 2  0.0199768575
6 1 7 2  0.0000000018
6 2 2 2  0.0000000004
6 2 4 2  0.0000000016
6 2 6 2  0.0218186326
6 3 3 2  0.0000000004
6 3 5 2  0.0000000016
6 3 7 2  0.0218186326
6 4 0 2  0.0199768575
6 4 2 2  0.0000000016
6 4 4 2  0.0000000003
6 5 1 2  0.0199768575
6 5 3 2  0.0000000016
6 5 5 2  0.0000000003
6 6 0 2  0.0000000018
6 6 2 2  0.0218186326
6 6 6 2  0.0000000002
6 7 1 2  0.0000000018
6 7 3 2  0.0218186326
6 7 7 2  0.0000000002
6 0 0 4  -0.0000000002
6 0 2 4  0.0326202382
6 0 6 4  0.0000000001
6 1 1 4  -0.0000000002
6 1 3 4  0.0326202382
6 1 7 4  0.0000000001
6 2 0 4  0.0326202382
6 2 2 4  0.0000000002
6 2 4 4  0.0000000003
6 3 1 4  0.0326202382
6 3 3 4  0.0000000002
6 3 5 4  0.0000000003
6 4 2 4  0.0000000003
6 4 4 4  -0.0000000011
6 4 6 4  0.0297735151
6 5 3 4  0.0000000003
6 5 5 4  -0.0000000011
6 5 7 4  0.0297735151
6 6 0 4  0.0000000001
6 6 4 4  0.0297735151
6 6 6 4  0.0000000010
6 7 1 4  0.0000000001
6 7 5 4  0.0297735151
6 7 7 4  0.0000000010
6 0 0 6  0.2807874924
6 0 2 6  0.0000000022
6 0 6 6  -0.0000000002
6 1 1 6  0.2807874924
6 1 3 6  0.0000000022
6 1 7 6  -0.0000000002
6 2 0 6  0.0000000022
6 2 2 6  0.2461696513
6 2 4 6  -0.0000000001
6 2 6 6  0.0000000002
6 3 1 6  0.0000000022
6 3 3 6  0.2461696513
6 3 5 6  -0.0000000001
6 3 7 6  0.0000000002
6 4 2 6  -0.0000000001
6 4 4 6  0.2459719631
6 4 6 6  0.0000000010
6 5 3 6  -0.0000000001
6 5 5 6  0.2459719631
6 5 7 6  0.0000000010
6 6 0 6  -0.0000000002
6 6 2 6  0.0000000002
6 6 4 6  0.0000000010
6 6 6 6  0.2710720789
6 7 1 6  -0.0000000002
6 7 3 6  0.0000000002
6 7 5 6  0.0000000010
6 7 7 6  0.2710720789
7 0 0 1  -0.0000000002
7 0 2 1  0.0000000001
7 0 4 1  -0.0000000006
7 0 6 1  0.0507540068
7 1 1 1  -0.0000000002
7 1 3 1  0.0000000001
7 1 5 1  -0.0000000006
7 1 7 1  0.0507540068
7 2 0 1  0.0000000001
7 2 2 1  -0.0000000001
7 2 4 1  0.0526658159
7 2 6 1  0.0000000018
7 3 1 1  0.0000000001
7 3 3 1  -0.0000000001
7 3 5 1  0.0526658159
7 3 7 1  0.0000000018
7 4 0 1  -0.0000000006
7 4 2 1  0.0526658159
7 4 4 1  -0.0000000001
7 4 6 1  0.0000000001
7 5 1 1  -0.0000000006
7 5 3 1  0.0526658159
7 5 5 1  -0.0000000001
7 5 7 1  0.0000000001
7 6 0 1  0.0507540068
7 6 2 1  0.0000000018
7 6 4 1  0.0000000001
7 6 6 1  -0.0000000002
7 7 1 1  0.0507540068
7 7 3 1  0.0000000018
7 7 5 1  0.0000000001
7 7 7 1  -0.0000000002
7 0 0 3  0.0000000001
7 0 4 3  0.0199768575
7 0 6 3  0.0000000018
7 1 1 3  0.0000000001
7 1 5 3  0.0199768575
7 1 7 3  0.0000000018
7 2 2 3  0.0000000004
7 2 4 3  0.0000000016
7 2 6 3  0.0218186326
7 3 3 3  0.0000000004
7 3 5 3  0.0000000016
7 3 7 3  0.0218186326
7 4 0 3  0.0199768575
7 4 2 3  0.0000000016
7 4 4 3  0.0000000003
7 5 1 3  0.0199768575
7 5 3 3  0.0000000016
7 5 5 3  0.0000000003
7 6 0 3  0.0000000018
7 6 2 3  0.0218186326
7 6 6 3  0.0000000002
7 7 1 3  0.0000000018
7 7 3 3  0.0218186326
7 7 7 3  0.0000000002
7 0 0 5  -0.0000000002
7 0 2 5  0.0326202382
7 0 6 5  0.0000000001
7 1 1 5  -0.0000000002
7 1 3 5  0.0326202382
7 1 7 5  0.0000000001
7 2 0 5  0.0326202382
7 2 2 5  0.0000000002
7 2 4 5  0.0000000003
7 3 1 5  0.0326202382
7 3 3 5  0.0000000002
7 3 5 5  0.0000000003
7 4 2 5  0.0000000003
7 4 4 5  -0.0000000011
7 4 6 5  0.0297735151
7 5 3 5  0.0000000003
7 5 5 5  -0.0000000011
7 5 7 5  0.0297735151
7 6 0 5  0.0000000001
7 6 4 5  0.0297735151
7 6 6 5  0.0000000010
7 7 1 5  0.0000000001
7 7 5 5  0.0297735151
7 7 7 5  0.0000000010
7 0 0 7  0.2807874924
7 0 2 7  0.0000000022
7 0 6 7  -0.0000000002
7 1 1 7  0.2807874924
7 1 3 7  0.0000000022
7 1 7 7  -0.0000000002
7 2 0 7  0.0000000022
7 2 2 7  0.2461696513
7 2 4 7  -0.0000000001
7 2 6 7  0.0000000002
7 3 1 7  0.0000000022
7 3 3 7  0.2461696513
7 3 5 7  -0.0000000001
7 3 7 7  0.0000000002
7 4 2 7  -0.0000000001
7 4 4 7  0.2459719631
7 4 6 7  0.0000000010
7 5 3 7  -0.0000000001
7 5 5 7  0.2459719631
7 5 7 7  0.0000000010
7 6 0 7  -0.0000000002
7 6 2 7  0.0000000002
7 6 4 7  0.0000000010
7 6 6 7  0.2710720789
7 7 1 7  -0.0000000002
7 7 3 7  0.0000000002
7 7 5 7  0.0000000010
7 7 7 7  0.2710720789

 E(Ref) = -77.8160106924 Hartree, <S**2> = 0.0000
 E(FCI) = -77.8878668136 Hartree, <S**2> = 0.0000
