 MO Integrals with frozen core/virtual approximation

-73.80586702617069
0 0  -1.6853732477
0 2  0.0000000056
0 4  -0.0000000064
0 6  0.0000000001
1 1  -1.6853732477
1 3  0.0000000056
1 5  -0.0000000064
1 7  0.0000000001
2 0  0.0000000056
2 2  -1.3998403065
2 4  -0.0000000001
2 6  0.0000000004
3 1  0.0000000056
3 3  -1.3998403065
3 5  -0.0000000001
3 7  0.0000000004
4 0  -0.0000000064
4 2  -0.0000000001
4 4  -1.3599785861
4 6  0.0000000014
5 1  -0.0000000064
5 3  -0.0000000001
5 5  -1.3599785861
5 7  0.0000000014
6 0  0.0000000001
6 2  0.0000000004
6 4  0.0000000014
6 6  -1.4623855490
7 1  0.0000000001
7 3  0.0000000004
7 5  0.0000000014
7 7  -1.4623855490
0 0 0 0  0.2600078231
0 0 2 0  -0.0000000004
0 0 4 0  0.0000000006
0 1 1 0  0.2600078231
0 1 3 0  -0.0000000004
0 1 5 0  0.0000000006
0 2 0 0  -0.0000000004
0 2 2 0  0.2114818634
0 2 6 0  0.0000000002
0 3 1 0  -0.0000000004
0 3 3 0  0.2114818634
0 3 7 0  0.0000000002
0 4 0 0  0.0000000006
0 4 4 0  0.2109205090
0 4 6 0  -0.0000000014
0 5 1 0  0.0000000006
0 5 5 0  0.2109205090
0 5 7 0  -0.0000000014
0 6 2 0  0.0000000002
0 6 4 0  -0.0000000014
0 6 6 0  0.2587592946
0 7 3 0  0.0000000002
0 7 5 0  -0.0000000014
0 7 7 0  0.2587592946
0 0 0 2  -0.0000000004
0 0 2 2  0.0159787417
0 0 6 2  0.0000000009
0 1 1 2  -0.0000000004
0 1 3 2  0.0159787417
0 1 7 2  0.0000000009
0 2 0 2  0.0159787417
0 2 2 2  -0.0000000006
0 2 4 2  -0.0000000007
0 3 1 2  0.0159787417
0 3 3 2  -0.0000000006
0 3 5 2  -0.0000000007
0 4 2 2  -0.0000000007
0 4 4 2  0.0000000008
0 4 6 2  -0.0164916749
0 5 3 2  -0.0000000007
0 5 5 2  0.0000000008
0 5 7 2  -0.0164916749
0 6 0 2  0.0000000009
0 6 4 2  -0.0164916749
0 6 6 2  -0.0000000014
0 7 1 2  0.0000000009
0 7 5 2  -0.0164916749
0 7 7 2  -0.0000000014
0 0 0 4  0.0000000006
0 0 4 4  0.0119644613
0 0 6 4  -0.0000000031
0 1 1 4  0.0000000006
0 1 5 4  0.0119644613
0 1 7 4  -0.0000000031
0 2 2 4  0.0000000002
0 2 4 4  0.0000000033
0 2 6 4  -0.0136054814
0 3 3 4  0.0000000002
0 3 5 4  0.0000000033
0 3 7 4  -0.0136054814
0 4 0 4  0.0119644613
0 4 2 4  0.0000000033
0 4 4 4  0.0000000003
0 5 1 4  0.0119644613
0 5 3 4  0.0000000033
0 5 5 4  0.0000000003
0 6 0 4  -0.0000000031
0 6 2 4  -0.0136054814
0 6 6 4  0.0000000007
0 7 1 4  -0.0000000031
0 7 3 4  -0.0136054814
0 7 7 4  0.0000000007
0 0 2 6  0.0000000009
0 0 4 6  -0.0000000031
0 0 6 6  0.0998760774
0 1 3 6  0.0000000009
0 1 5 6  -0.0000000031
0 1 7 6  0.0998760774
0 2 0 6  0.0000000009
0 2 4 6  -0.0853790965
0 2 6 6  -0.0000000032
0 3 1 6  0.0000000009
0 3 5 6  -0.0853790965
0 3 7 6  -0.0000000032
0 4 0 6  -0.0000000031
0 4 2 6  -0.0853790965
0 4 6 6  0.0000000006
0 5 1 6  -0.0000000031
0 5 3 6  -0.0853790965
0 5 7 6  0.0000000006
0 6 0 6  0.0998760774
0 6 2 6  -0.0000000032
0 6 4 6  0.0000000006
0 7 1 6  0.0998760774
0 7 3 6  -0.0000000032
0 7 5 6  0.0000000006
1 0 0 1  0.2600078231
1 0 2 1  -0.0000000004
1 0 4 1  0.0000000006
1 1 1 1  0.2600078231
1 1 3 1  -0.0000000004
1 1 5 1  0.0000000006
1 2 0 1  -0.0000000004
1 2 2 1  0.2114818634
1 2 6 1  0.0000000002
1 3 1 1  -0.0000000004
1 3 3 1  0.2114818634
1 3 7 1  0.0000000002
1 4 0 1  0.0000000006
1 4 4 1  0.2109205090
1 4 6 1  -0.0000000014
1 5 1 1  0.0000000006
1 5 5 1  0.2109205090
1 5 7 1  -0.0000000014
1 6 2 1  0.0000000002
1 6 4 1  -0.0000000014
1 6 6 1  0.2587592946
1 7 3 1  0.0000000002
1 7 5 1  -0.0000000014
1 7 7 1  0.2587592946
1 0 0 3  -0.0000000004
1 0 2 3  0.0159787417
1 0 6 3  0.0000000009
1 1 1 3  -0.0000000004
1 1 3 3  0.0159787417
1 1 7 3  0.0000000009
1 2 0 3  0.0159787417
1 2 2 3  -0.0000000006
1 2 4 3  -0.0000000007
1 3 1 3  0.0159787417
1 3 3 3  -0.0000000006
1 3 5 3  -0.0000000007
1 4 2 3  -0.0000000007
1 4 4 3  0.0000000008
1 4 6 3  -0.0164916749
1 5 3 3  -0.0000000007
1 5 5 3  0.0000000008
1 5 7 3  -0.0164916749
1 6 0 3  0.0000000009
1 6 4 3  -0.0164916749
1 6 6 3  -0.0000000014
1 7 1 3  0.0000000009
1 7 5 3  -0.0164916749
1 7 7 3  -0.0000000014
1 0 0 5  0.0000000006
1 0 4 5  0.0119644613
1 0 6 5  -0.0000000031
1 1 1 5  0.0000000006
1 1 5 5  0.0119644613
1 1 7 5  -0.0000000031
1 2 2 5  0.0000000002
1 2 4 5  0.0000000033
1 2 6 5  -0.0136054814
1 3 3 5  0.0000000002
1 3 5 5  0.0000000033
1 3 7 5  -0.0136054814
1 4 0 5  0.0119644613
1 4 2 5  0.0000000033
1 4 4 5  0.0000000003
1 5 1 5  0.0119644613
1 5 3 5  0.0000000033
1 5 5 5  0.0000000003
1 6 0 5  -0.0000000031
1 6 2 5  -0.0136054814
1 6 6 5  0.0000000007
1 7 1 5  -0.0000000031
1 7 3 5  -0.0136054814
1 7 7 5  0.0000000007
1 0 2 7  0.0000000009
1 0 4 7  -0.0000000031
1 0 6 7  0.0998760774
1 1 3 7  0.0000000009
1 1 5 7  -0.0000000031
1 1 7 7  0.0998760774
1 2 0 7  0.0000000009
1 2 4 7  -0.0853790965
1 2 6 7  -0.0000000032
1 3 1 7  0.0000000009
1 3 5 7  -0.0853790965
1 3 7 7  -0.0000000032
1 4 0 7  -0.0000000031
1 4 2 7  -0.0853790965
1 4 6 7  0.0000000006
1 5 1 7  -0.0000000031
1 5 3 7  -0.0853790965
1 5 7 7  0.0000000006
1 6 0 7  0.0998760774
1 6 2 7  -0.0000000032
1 6 4 7  0.0000000006
1 7 1 7  0.0998760774
1 7 3 7  -0.0000000032
1 7 5 7  0.0000000006
2 0 0 0  -0.0000000004
2 0 2 0  0.0159787417
2 0 6 0  0.0000000009
2 1 1 0  -0.0000000004
2 1 3 0  0.0159787417
2 1 7 0  0.0000000009
2 2 0 0  0.0159787417
2 2 2 0  -0.0000000006
2 2 4 0  -0.0000000007
2 3 1 0  0.0159787417
2 3 3 0  -0.0000000006
2 3 5 0  -0.0000000007
2 4 2 0  -0.0000000007
2 4 4 0  0.0000000008
2 4 6 0  -0.0164916749
2 5 3 0  -0.0000000007
2 5 5 0  0.0000000008
2 5 7 0  -0.0164916749
2 6 0 0  0.0000000009
2 6 4 0  -0.0164916749
2 6 6 0  -0.0000000014
2 7 1 0  0.0000000009
2 7 5 0  -0.0164916749
2 7 7 0  -0.0000000014
2 0 0 2  0.2114818634
2 0 2 2  -0.0000000006
2 0 4 2  0.0000000002
2 1 1 2  0.2114818634
2 1 3 2  -0.0000000006
2 1 5 2  0.0000000002
2 2 0 2  -0.0000000006
2 2 2 2  0.2210202701
2 2 6 2  -0.0000000001
2 3 1 2  -0.0000000006
2 3 3 2  0.2210202701
2 3 7 2  -0.0000000001
2 4 0 2  0.0000000002
2 4 4 2  0.2230988600
2 4 6 2  0.0000000008
2 5 1 2  0.0000000002
2 5 5 2  0.2230988600
2 5 7 2  0.0000000008
2 6 2 2  -0.0000000001
2 6 4 2  0.0000000008
2 6 6 2  0.2181568574
2 7 3 2  -0.0000000001
2 7 5 2  0.0000000008
2 7 7 2  0.2181568574
2 0 2 4  -0.0000000007
2 0 4 4  0.0000000033
2 0 6 4  -0.0853790965
2 1 3 4  -0.0000000007
2 1 5 4  0.0000000033
2 1 7 4  -0.0853790965
2 2 0 4  -0.0000000007
2 2 4 4  0.1136351227
2 2 6 4  0.0000000034
2 3 1 4  -0.0000000007
2 3 5 4  0.1136351227
2 3 7 4  0.0000000034
2 4 0 4  0.0000000033
2 4 2 4  0.1136351227
2 4 6 4  -0.0000000009
2 5 1 4  0.0000000033
2 5 3 4  0.1136351227
2 5 7 4  -0.0000000009
2 6 0 4  -0.0853790965
2 6 2 4  0.0000000034
2 6 4 4  -0.0000000009
2 7 1 4  -0.0853790965
2 7 3 4  0.0000000034
2 7 5 4  -0.0000000009
2 0 0 6  0.0000000002
2 0 4 6  -0.0136054814
2 0 6 6  -0.0000000032
2 1 1 6  0.0000000002
2 1 5 6  -0.0136054814
2 1 7 6  -0.0000000032
2 2 2 6  -0.0000000001
2 2 4 6  0.0000000034
2 2 6 6  0.0155108772
2 3 3 6  -0.0000000001
2 3 5 6  0.0000000034
2 3 7 6  0.0155108772
2 4 0 6  -0.0136054814
2 4 2 6  0.0000000034
2 4 4 6  -0.0000000003
2 5 1 6  -0.0136054814
2 5 3 6  0.0000000034
2 5 5 6  -0.0000000003
2 6 0 6  -0.0000000032
2 6 2 6  0.0155108772
2 7 1 6  -0.0000000032
2 7 3 6  0.0155108772
3 0 0 1  -0.0000000004
3 0 2 1  0.0159787417
3 0 6 1  0.0000000009
3 1 1 1  -0.0000000004
3 1 3 1  0.0159787417
3 1 7 1  0.0000000009
3 2 0 1  0.0159787417
3 2 2 1  -0.0000000006
3 2 4 1  -0.0000000007
3 3 1 1  0.0159787417
3 3 3 1  -0.0000000006
3 3 5 1  -0.0000000007
3 4 2 1  -0.0000000007
3 4 4 1  0.0000000008
3 4 6 1  -0.0164916749
3 5 3 1  -0.0000000007
3 5 5 1  0.0000000008
3 5 7 1  -0.0164916749
3 6 0 1  0.0000000009
3 6 4 1  -0.0164916749
3 6 6 1  -0.0000000014
3 7 1 1  0.0000000009
3 7 5 1  -0.0164916749
3 7 7 1  -0.0000000014
3 0 0 3  0.2114818634
3 0 2 3  -0.0000000006
3 0 4 3  0.0000000002
3 1 1 3  0.2114818634
3 1 3 3  -0.0000000006
3 1 5 3  0.0000000002
3 2 0 3  -0.0000000006
3 2 2 3  0.2210202701
3 2 6 3  -0.0000000001
3 3 1 3  -0.0000000006
3 3 3 3  0.2210202701
3 3 7 3  -0.0000000001
3 4 0 3  0.0000000002
3 4 4 3  0.2230988600
3 4 6 3  0.0000000008
3 5 1 3  0.0000000002
3 5 5 3  0.2230988600
3 5 7 3  0.0000000008
3 6 2 3  -0.0000000001
3 6 4 3  0.0000000008
3 6 6 3  0.2181568574
3 7 3 3  -0.0000000001
3 7 5 3  0.0000000008
3 7 7 3  0.2181568574
3 0 2 5  -0.0000000007
3 0 4 5  0.0000000033
3 0 6 5  -0.0853790965
3 1 3 5  -0.0000000007
3 1 5 5  0.0000000033
3 1 7 5  -0.0853790965
3 2 0 5  -0.0000000007
3 2 4 5  0.1136351227
3 2 6 5  0.0000000034
3 3 1 5  -0.0000000007
3 3 5 5  0.1136351227
3 3 7 5  0.0000000034
3 4 0 5  0.0000000033
3 4 2 5  0.1136351227
3 4 6 5  -0.0000000009
3 5 1 5  0.0000000033
3 5 3 5  0.1136351227
3 5 7 5  -0.0000000009
3 6 0 5  -0.0853790965
3 6 2 5  0.0000000034
3 6 4 5  -0.0000000009
3 7 1 5  -0.0853790965
3 7 3 5  0.0000000034
3 7 5 5  -0.0000000009
3 0 0 7  0.0000000002
3 0 4 7  -0.0136054814
3 0 6 7  -0.0000000032
3 1 1 7  0.0000000002
3 1 5 7  -0.0136054814
3 1 7 7  -0.0000000032
3 2 2 7  -0.0000000001
3 2 4 7  0.0000000034
3 2 6 7  0.0155108772
3 3 3 7  -0.0000000001
3 3 5 7  0.0000000034
3 3 7 7  0.0155108772
3 4 0 7  -0.0136054814
3 4 2 7  0.0000000034
3 4 4 7  -0.0000000003
3 5 1 7  -0.0136054814
3 5 3 7  0.0000000034
3 5 5 7  -0.0000000003
3 6 0 7  -0.0000000032
3 6 2 7  0.0155108772
3 7 1 7  -0.0000000032
3 7 3 7  0.0155108772
4 0 0 0  0.0000000006
4 0 4 0  0.0119644613
4 0 6 0  -0.0000000031
4 1 1 0  0.0000000006
4 1 5 0  0.0119644613
4 1 7 0  -0.0000000031
4 2 2 0  0.0000000002
4 2 4 0  0.0000000033
4 2 6 0  -0.0136054814
4 3 3 0  0.0000000002
4 3 5 0  0.0000000033
4 3 7 0  -0.0136054814
4 4 0 0  0.0119644613
4 4 2 0  0.0000000033
4 4 4 0  0.0000000003
4 5 1 0  0.0119644613
4 5 3 0  0.0000000033
4 5 5 0  0.0000000003
4 6 0 0  -0.0000000031
4 6 2 0  -0.0136054814
4 6 6 0  0.0000000007
4 7 1 0  -0.0000000031
4 7 3 0  -0.0136054814
4 7 7 0  0.0000000007
4 0 2 2  -0.0000000007
4 0 4 2  0.0000000033
4 0 6 2  -0.0853790965
4 1 3 2  -0.0000000007
4 1 5 2  0.0000000033
4 1 7 2  -0.0853790965
4 2 0 2  -0.0000000007
4 2 4 2  0.1136351227
4 2 6 2  0.0000000034
4 3 1 2  -0.0000000007
4 3 5 2  0.1136351227
4 3 7 2  0.0000000034
4 4 0 2  0.0000000033
4 4 2 2  0.1136351227
4 4 6 2  -0.0000000009
4 5 1 2  0.0000000033
4 5 3 2  0.1136351227
4 5 7 2  -0.0000000009
4 6 0 2  -0.0853790965
4 6 2 2  0.0000000034
4 6 4 2  -0.0000000009
4 7 1 2  -0.0853790965
4 7 3 2  0.0000000034
4 7 5 2  -0.0000000009
4 0 0 4  0.2109205090
4 0 2 4  0.0000000008
4 0 4 4  0.0000000003
4 1 1 4  0.2109205090
4 1 3 4  0.0000000008
4 1 5 4  0.0000000003
4 2 0 4  0.0000000008
4 2 2 4  0.2230988600
4 2 6 4  -0.0000000003
4 3 1 4  0.0000000008
4 3 3 4  0.2230988600
4 3 7 4  -0.0000000003
4 4 0 4  0.0000000003
4 4 4 4  0.2254762025
4 4 6 4  -0.0000000006
4 5 1 4  0.0000000003
4 5 5 4  0.2254762025
4 5 7 4  -0.0000000006
4 6 2 4  -0.0000000003
4 6 4 4  -0.0000000006
4 6 6 4  0.2185974884
4 7 3 4  -0.0000000003
4 7 5 4  -0.0000000006
4 7 7 4  0.2185974884
4 0 0 6  -0.0000000014
4 0 2 6  -0.0164916749
4 0 6 6  0.0000000006
4 1 1 6  -0.0000000014
4 1 3 6  -0.0164916749
4 1 7 6  0.0000000006
4 2 0 6  -0.0164916749
4 2 2 6  0.0000000008
4 2 4 6  -0.0000000009
4 3 1 6  -0.0164916749
4 3 3 6  0.0000000008
4 3 5 6  -0.0000000009
4 4 2 6  -0.0000000009
4 4 4 6  -0.0000000006
4 4 6 6  0.0175575379
4 5 3 6  -0.0000000009
4 5 5 6  -0.0000000006
4 5 7 6  0.0175575379
4 6 0 6  0.0000000006
4 6 4 6  0.0175575379
4 6 6 6  -0.0000000002
4 7 1 6  0.0000000006
4 7 5 6  0.0175575379
4 7 7 6  -0.0000000002
5 0 0 1  0.0000000006
5 0 4 1  0.0119644613
5 0 6 1  -0.0000000031
5 1 1 1  0.0000000006
5 1 5 1  0.0119644613
5 1 7 1  -0.0000000031
5 2 2 1  0.0000000002
5 2 4 1  0.0000000033
5 2 6 1  -0.0136054814
5 3 3 1  0.0000000002
5 3 5 1  0.0000000033
5 3 7 1  -0.0136054814
5 4 0 1  0.0119644613
5 4 2 1  0.0000000033
5 4 4 1  0.0000000003
5 5 1 1  0.0119644613
5 5 3 1  0.0000000033
5 5 5 1  0.0000000003
5 6 0 1  -0.0000000031
5 6 2 1  -0.0136054814
5 6 6 1  0.0000000007
5 7 1 1  -0.0000000031
5 7 3 1  -0.0136054814
5 7 7 1  0.0000000007
5 0 2 3  -0.0000000007
5 0 4 3  0.0000000033
5 0 6 3  -0.0853790965
5 1 3 3  -0.0000000007
5 1 5 3  0.0000000033
5 1 7 3  -0.0853790965
5 2 0 3  -0.0000000007
5 2 4 3  0.1136351227
5 2 6 3  0.0000000034
5 3 1 3  -0.0000000007
5 3 5 3  0.1136351227
5 3 7 3  0.0000000034
5 4 0 3  0.0000000033
5 4 2 3  0.1136351227
5 4 6 3  -0.0000000009
5 5 1 3  0.0000000033
5 5 3 3  0.1136351227
5 5 7 3  -0.0000000009
5 6 0 3  -0.0853790965
5 6 2 3  0.0000000034
5 6 4 3  -0.0000000009
5 7 1 3  -0.0853790965
5 7 3 3  0.0000000034
5 7 5 3  -0.0000000009
5 0 0 5  0.2109205090
5 0 2 5  0.0000000008
5 0 4 5  0.0000000003
5 1 1 5  0.2109205090
5 1 3 5  0.0000000008
5 1 5 5  0.0000000003
5 2 0 5  0.0000000008
5 2 2 5  0.2230988600
5 2 6 5  -0.0000000003
5 3 1 5  0.0000000008
5 3 3 5  0.2230988600
5 3 7 5  -0.0000000003
5 4 0 5  0.0000000003
5 4 4 5  0.2254762025
5 4 6 5  -0.0000000006
5 5 1 5  0.0000000003
5 5 5 5  0.2254762025
5 5 7 5  -0.0000000006
5 6 2 5  -0.0000000003
5 6 4 5  -0.0000000006
5 6 6 5  0.2185974884
5 7 3 5  -0.0000000003
5 7 5 5  -0.0000000006
5 7 7 5  0.2185974884
5 0 0 7  -0.0000000014
5 0 2 7  -0.0164916749
5 0 6 7  0.0000000006
5 1 1 7  -0.0000000014
5 1 3 7  -0.0164916749
5 1 7 7  0.0000000006
5 2 0 7  -0.0164916749
5 2 2 7  0.0000000008
5 2 4 7  -0.0000000009
5 3 1 7  -0.0164916749
5 3 3 7  0.0000000008
5 3 5 7  -0.0000000009
5 4 2 7  -0.0000000009
5 4 4 7  -0.0000000006
5 4 6 7  0.0175575379
5 5 3 7  -0.0000000009
5 5 5 7  -0.0000000006
5 5 7 7  0.0175575379
5 6 0 7  0.0000000006
5 6 4 7  0.0175575379
5 6 6 7  -0.0000000002
5 7 1 7  0.0000000006
5 7 5 7  0.0175575379
5 7 7 7  -0.0000000002
6 0 2 0  0.0000000009
6 0 4 0  -0.0000000031
6 0 6 0  0.0998760774
6 1 3 0  0.0000000009
6 1 5 0  -0.0000000031
6 1 7 0  0.0998760774
6 2 0 0  0.0000000009
6 2 4 0  -0.0853790965
6 2 6 0  -0.0000000032
6 3 1 0  0.0000000009
6 3 5 0  -0.0853790965
6 3 7 0  -0.0000000032
6 4 0 0  -0.0000000031
6 4 2 0  -0.0853790965
6 4 6 0  0.0000000006
6 5 1 0  -0.0000000031
6 5 3 0  -0.0853790965
6 5 7 0  0.0000000006
6 6 0 0  0.0998760774
6 6 2 0  -0.0000000032
6 6 4 0  0.0000000006
6 7 1 0  0.0998760774
6 7 3 0  -0.0000000032
6 7 5 0  0.0000000006
6 0 0 2  0.0000000002
6 0 4 2  -0.0136054814
6 0 6 2  -0.0000000032
6 1 1 2  0.0000000002
6 1 5 2  -0.0136054814
6 1 7 2  -0.0000000032
6 2 2 2  -0.0000000001
6 2 4 2  0.0000000034
6 2 6 2  0.0155108772
6 3 3 2  -0.0000000001
6 3 5 2  0.0000000034
6 3 7 2  0.0155108772
6 4 0 2  -0.0136054814
6 4 2 2  0.0000000034
6 4 4 2  -0.0000000003
6 5 1 2  -0.0136054814
6 5 3 2  0.0000000034
6 5 5 2  -0.0000000003
6 6 0 2  -0.0000000032
6 6 2 2  0.0155108772
6 7 1 2  -0.0000000032
6 7 3 2  0.0155108772
6 0 0 4  -0.0000000014
6 0 2 4  -0.0164916749
6 0 6 4  0.0000000006
6 1 1 4  -0.0000000014
6 1 3 4  -0.0164916749
6 1 7 4  0.0000000006
6 2 0 4  -0.0164916749
6 2 2 4  0.0000000008
6 2 4 4  -0.0000000009
6 3 1 4  -0.0164916749
6 3 3 4  0.0000000008
6 3 5 4  -0.0000000009
6 4 2 4  -0.0000000009
6 4 4 4  -0.0000000006
6 4 6 4  0.0175575379
6 5 3 4  -0.0000000009
6 5 5 4  -0.0000000006
6 5 7 4  0.0175575379
6 6 0 4  0.0000000006
6 6 4 4  0.0175575379
6 6 6 4  -0.0000000002
6 7 1 4  0.0000000006
6 7 5 4  0.0175575379
6 7 7 4  -0.0000000002
6 0 0 6  0.2587592946
6 0 2 6  -0.0000000014
6 0 4 6  0.0000000007
6 1 1 6  0.2587592946
6 1 3 6  -0.0000000014
6 1 5 6  0.0000000007
6 2 0 6  -0.0000000014
6 2 2 6  0.2181568574
6 3 1 6  -0.0000000014
6 3 3 6  0.2181568574
6 4 0 6  0.0000000007
6 4 4 6  0.2185974884
6 4 6 6  -0.0000000002
6 5 1 6  0.0000000007
6 5 5 6  0.2185974884
6 5 7 6  -0.0000000002
6 6 4 6  -0.0000000002
6 6 6 6  0.2639941188
6 7 5 6  -0.0000000002
6 7 7 6  0.2639941188
7 0 2 1  0.0000000009
7 0 4 1  -0.0000000031
7 0 6 1  0.0998760774
7 1 3 1  0.0000000009
7 1 5 1  -0.0000000031
7 1 7 1  0.0998760774
7 2 0 1  0.0000000009
7 2 4 1  -0.0853790965
7 2 6 1  -0.0000000032
7 3 1 1  0.0000000009
7 3 5 1  -0.0853790965
7 3 7 1  -0.0000000032
7 4 0 1  -0.0000000031
7 4 2 1  -0.0853790965
7 4 6 1  0.0000000006
7 5 1 1  -0.0000000031
7 5 3 1  -0.0853790965
7 5 7 1  0.0000000006
7 6 0 1  0.0998760774
7 6 2 1  -0.0000000032
7 6 4 1  0.0000000006
7 7 1 1  0.0998760774
7 7 3 1  -0.0000000032
7 7 5 1  0.0000000006
7 0 0 3  0.0000000002
7 0 4 3  -0.0136054814
7 0 6 3  -0.0000000032
7 1 1 3  0.0000000002
7 1 5 3  -0.0136054814
7 1 7 3  -0.0000000032
7 2 2 3  -0.0000000001
7 2 4 3  0.0000000034
7 2 6 3  0.0155108772
7 3 3 3  -0.0000000001
7 3 5 3  0.0000000034
7 3 7 3  0.0155108772
7 4 0 3  -0.0136054814
7 4 2 3  0.0000000034
7 4 4 3  -0.0000000003
7 5 1 3  -0.0136054814
7 5 3 3  0.0000000034
7 5 5 3  -0.0000000003
7 6 0 3  -0.0000000032
7 6 2 3  0.0155108772
7 7 1 3  -0.0000000032
7 7 3 3  0.0155108772
7 0 0 5  -0.0000000014
7 0 2 5  -0.0164916749
7 0 6 5  0.0000000006
7 1 1 5  -0.0000000014
7 1 3 5  -0.0164916749
7 1 7 5  0.0000000006
7 2 0 5  -0.0164916749
7 2 2 5  0.0000000008
7 2 4 5  -0.0000000009
7 3 1 5  -0.0164916749
7 3 3 5  0.0000000008
7 3 5 5  -0.0000000009
7 4 2 5  -0.0000000009
7 4 4 5  -0.0000000006
7 4 6 5  0.0175575379
7 5 3 5  -0.0000000009
7 5 5 5  -0.0000000006
7 5 7 5  0.0175575379
7 6 0 5  0.0000000006
7 6 4 5  0.0175575379
7 6 6 5  -0.0000000002
7 7 1 5  0.0000000006
7 7 5 5  0.0175575379
7 7 7 5  -0.0000000002
7 0 0 7  0.2587592946
7 0 2 7  -0.0000000014
7 0 4 7  0.0000000007
7 1 1 7  0.2587592946
7 1 3 7  -0.0000000014
7 1 5 7  0.0000000007
7 2 0 7  -0.0000000014
7 2 2 7  0.2181568574
7 3 1 7  -0.0000000014
7 3 3 7  0.2181568574
7 4 0 7  0.0000000007
7 4 4 7  0.2185974884
7 4 6 7  -0.0000000002
7 5 1 7  0.0000000007
7 5 5 7  0.2185974884
7 5 7 7  -0.0000000002
7 6 4 7  -0.0000000002
7 6 6 7  0.2639941188
7 7 5 7  -0.0000000002
7 7 7 7  0.2639941188

 E(Ref) = -77.3862980082 Hartree, <S**2> = 0.0000
 E(FCI) = -77.6719097979 Hartree, <S**2> = 0.0000
