 MO Integrals with frozen core/virtual approximation

-74.00088096431948
0 0  -1.5306028905
0 2  0.0000000074
0 4  -0.0000000015
1 1  -1.5306028905
1 3  0.0000000074
1 5  -0.0000000015
2 0  0.0000000074
2 2  -1.3157116474
2 6  -0.0000000013
3 1  0.0000000074
3 3  -1.3157116474
3 7  -0.0000000013
4 0  -0.0000000015
4 4  -1.3000264506
4 6  0.0000000044
5 1  -0.0000000015
5 5  -1.3000264506
5 7  0.0000000044
6 2  -0.0000000013
6 4  0.0000000044
6 6  -1.4243222284
7 3  -0.0000000013
7 5  0.0000000044
7 7  -1.4243222284
0 0 0 0  0.2404269398
0 0 2 0  -0.0000000004
0 0 4 0  0.0000000001
0 1 1 0  0.2404269398
0 1 3 0  -0.0000000004
0 1 5 0  0.0000000001
0 2 0 0  -0.0000000004
0 2 2 0  0.2008286784
0 3 1 0  -0.0000000004
0 3 3 0  0.2008286784
0 4 0 0  0.0000000001
0 4 4 0  0.2009115679
0 4 6 0  -0.0000000001
0 5 1 0  0.0000000001
0 5 5 0  0.2009115679
0 5 7 0  -0.0000000001
0 6 4 0  -0.0000000001
0 6 6 0  0.2424159552
0 7 5 0  -0.0000000001
0 7 7 0  0.2424159552
0 0 0 2  -0.0000000004
0 0 2 2  0.0148583661
0 0 6 2  -0.0000000001
0 1 1 2  -0.0000000004
0 1 3 2  0.0148583661
0 1 7 2  -0.0000000001
0 2 0 2  0.0148583661
0 2 2 2  -0.0000000007
0 2 4 2  0.0000000001
0 3 1 2  0.0148583661
0 3 3 2  -0.0000000007
0 3 5 2  0.0000000001
0 4 2 2  0.0000000001
0 4 4 2  -0.0000000003
0 4 6 2  0.0154501111
0 5 3 2  0.0000000001
0 5 5 2  -0.0000000003
0 5 7 2  0.0154501111
0 6 0 2  -0.0000000001
0 6 4 2  0.0154501111
0 6 6 2  -0.0000000006
0 7 1 2  -0.0000000001
0 7 5 2  0.0154501111
0 7 7 2  -0.0000000006
0 0 0 4  0.0000000001
0 0 4 4  0.0128474404
0 0 6 4  0.0000000011
0 1 1 4  0.0000000001
0 1 5 4  0.0128474404
0 1 7 4  0.0000000011
0 2 2 4  0.0000000002
0 2 4 4  0.0000000009
0 2 6 4  0.0138089519
0 3 3 4  0.0000000002
0 3 5 4  0.0000000009
0 3 7 4  0.0138089519
0 4 0 4  0.0128474404
0 4 2 4  0.0000000009
0 4 4 4  0.0000000003
0 5 1 4  0.0128474404
0 5 3 4  0.0000000009
0 5 5 4  0.0000000003
0 6 0 4  0.0000000011
0 6 2 4  0.0138089519
0 6 6 4  0.0000000001
0 7 1 4  0.0000000011
0 7 3 4  0.0138089519
0 7 7 4  0.0000000001
0 0 2 6  -0.0000000001
0 0 4 6  0.0000000011
0 0 6 6  0.1119142484
0 1 3 6  -0.0000000001
0 1 5 6  0.0000000011
0 1 7 6  0.1119142484
0 2 0 6  -0.0000000001
0 2 4 6  0.0942093664
0 2 6 6  -0.0000000009
0 3 1 6  -0.0000000001
0 3 5 6  0.0942093664
0 3 7 6  -0.0000000009
0 4 0 6  0.0000000011
0 4 2 6  0.0942093664
0 4 6 6  0.0000000002
0 5 1 6  0.0000000011
0 5 3 6  0.0942093664
0 5 7 6  0.0000000002
0 6 0 6  0.1119142484
0 6 2 6  -0.0000000009
0 6 4 6  0.0000000002
0 7 1 6  0.1119142484
0 7 3 6  -0.0000000009
0 7 5 6  0.0000000002
1 0 0 1  0.2404269398
1 0 2 1  -0.0000000004
1 0 4 1  0.0000000001
1 1 1 1  0.2404269398
1 1 3 1  -0.0000000004
1 1 5 1  0.0000000001
1 2 0 1  -0.0000000004
1 2 2 1  0.2008286784
1 3 1 1  -0.0000000004
1 3 3 1  0.2008286784
1 4 0 1  0.0000000001
1 4 4 1  0.2009115679
1 4 6 1  -0.0000000001
1 5 1 1  0.0000000001
1 5 5 1  0.2009115679
1 5 7 1  -0.0000000001
1 6 4 1  -0.0000000001
1 6 6 1  0.2424159552
1 7 5 1  -0.0000000001
1 7 7 1  0.2424159552
1 0 0 3  -0.0000000004
1 0 2 3  0.0148583661
1 0 6 3  -0.0000000001
1 1 1 3  -0.0000000004
1 1 3 3  0.0148583661
1 1 7 3  -0.0000000001
1 2 0 3  0.0148583661
1 2 2 3  -0.0000000007
1 2 4 3  0.0000000001
1 3 1 3  0.0148583661
1 3 3 3  -0.0000000007
1 3 5 3  0.0000000001
1 4 2 3  0.0000000001
1 4 4 3  -0.0000000003
1 4 6 3  0.0154501111
1 5 3 3  0.0000000001
1 5 5 3  -0.0000000003
1 5 7 3  0.0154501111
1 6 0 3  -0.0000000001
1 6 4 3  0.0154501111
1 6 6 3  -0.0000000006
1 7 1 3  -0.0000000001
1 7 5 3  0.0154501111
1 7 7 3  -0.0000000006
1 0 0 5  0.0000000001
1 0 4 5  0.0128474404
1 0 6 5  0.0000000011
1 1 1 5  0.0000000001
1 1 5 5  0.0128474404
1 1 7 5  0.0000000011
1 2 2 5  0.0000000002
1 2 4 5  0.0000000009
1 2 6 5  0.0138089519
1 3 3 5  0.0000000002
1 3 5 5  0.0000000009
1 3 7 5  0.0138089519
1 4 0 5  0.0128474404
1 4 2 5  0.0000000009
1 4 4 5  0.0000000003
1 5 1 5  0.0128474404
1 5 3 5  0.0000000009
1 5 5 5  0.0000000003
1 6 0 5  0.0000000011
1 6 2 5  0.0138089519
1 6 6 5  0.0000000001
1 7 1 5  0.0000000011
1 7 3 5  0.0138089519
1 7 7 5  0.0000000001
1 0 2 7  -0.0000000001
1 0 4 7  0.0000000011
1 0 6 7  0.1119142484
1 1 3 7  -0.0000000001
1 1 5 7  0.0000000011
1 1 7 7  0.1119142484
1 2 0 7  -0.0000000001
1 2 4 7  0.0942093664
1 2 6 7  -0.0000000009
1 3 1 7  -0.0000000001
1 3 5 7  0.0942093664
1 3 7 7  -0.0000000009
1 4 0 7  0.0000000011
1 4 2 7  0.0942093664
1 4 6 7  0.0000000002
1 5 1 7  0.0000000011
1 5 3 7  0.0942093664
1 5 7 7  0.0000000002
1 6 0 7  0.1119142484
1 6 2 7  -0.0000000009
1 6 4 7  0.0000000002
1 7 1 7  0.1119142484
1 7 3 7  -0.0000000009
1 7 5 7  0.0000000002
2 0 0 0  -0.0000000004
2 0 2 0  0.0148583661
2 0 6 0  -0.0000000001
2 1 1 0  -0.0000000004
2 1 3 0  0.0148583661
2 1 7 0  -0.0000000001
2 2 0 0  0.0148583661
2 2 2 0  -0.0000000007
2 2 4 0  0.0000000001
2 3 1 0  0.0148583661
2 3 3 0  -0.0000000007
2 3 5 0  0.0000000001
2 4 2 0  0.0000000001
2 4 4 0  -0.0000000003
2 4 6 0  0.0154501111
2 5 3 0  0.0000000001
2 5 5 0  -0.0000000003
2 5 7 0  0.0154501111
2 6 0 0  -0.0000000001
2 6 4 0  0.0154501111
2 6 6 0  -0.0000000006
2 7 1 0  -0.0000000001
2 7 5 0  0.0154501111
2 7 7 0  -0.0000000006
2 0 0 2  0.2008286784
2 0 2 2  -0.0000000007
2 0 4 2  0.0000000002
2 1 1 2  0.2008286784
2 1 3 2  -0.0000000007
2 1 5 2  0.0000000002
2 2 0 2  -0.0000000007
2 2 2 2  0.2144243573
2 2 6 2  0.0000000003
2 3 1 2  -0.0000000007
2 3 3 2  0.2144243573
2 3 7 2  0.0000000003
2 4 0 2  0.0000000002
2 4 4 2  0.2155611230
2 4 6 2  -0.0000000011
2 5 1 2  0.0000000002
2 5 5 2  0.2155611230
2 5 7 2  -0.0000000011
2 6 2 2  0.0000000003
2 6 4 2  -0.0000000011
2 6 6 2  0.2058739148
2 7 3 2  0.0000000003
2 7 5 2  -0.0000000011
2 7 7 2  0.2058739148
2 0 2 4  0.0000000001
2 0 4 4  0.0000000009
2 0 6 4  0.0942093664
2 1 3 4  0.0000000001
2 1 5 4  0.0000000009
2 1 7 4  0.0942093664
2 2 0 4  0.0000000001
2 2 4 4  0.1210702641
2 2 6 4  -0.0000000013
2 3 1 4  0.0000000001
2 3 5 4  0.1210702641
2 3 7 4  -0.0000000013
2 4 0 4  0.0000000009
2 4 2 4  0.1210702641
2 4 6 4  0.0000000004
2 5 1 4  0.0000000009
2 5 3 4  0.1210702641
2 5 7 4  0.0000000004
2 6 0 4  0.0942093664
2 6 2 4  -0.0000000013
2 6 4 4  0.0000000004
2 7 1 4  0.0942093664
2 7 3 4  -0.0000000013
2 7 5 4  0.0000000004
2 0 4 6  0.0138089519
2 0 6 6  -0.0000000009
2 1 5 6  0.0138089519
2 1 7 6  -0.0000000009
2 2 2 6  0.0000000003
2 2 4 6  -0.0000000013
2 2 6 6  0.0148538902
2 3 3 6  0.0000000003
2 3 5 6  -0.0000000013
2 3 7 6  0.0148538902
2 4 0 6  0.0138089519
2 4 2 6  -0.0000000013
2 4 4 6  0.0000000003
2 5 1 6  0.0138089519
2 5 3 6  -0.0000000013
2 5 5 6  0.0000000003
2 6 0 6  -0.0000000009
2 6 2 6  0.0148538902
2 6 6 6  0.0000000001
2 7 1 6  -0.0000000009
2 7 3 6  0.0148538902
2 7 7 6  0.0000000001
3 0 0 1  -0.0000000004
3 0 2 1  0.0148583661
3 0 6 1  -0.0000000001
3 1 1 1  -0.0000000004
3 1 3 1  0.0148583661
3 1 7 1  -0.0000000001
3 2 0 1  0.0148583661
3 2 2 1  -0.0000000007
3 2 4 1  0.0000000001
3 3 1 1  0.0148583661
3 3 3 1  -0.0000000007
3 3 5 1  0.0000000001
3 4 2 1  0.0000000001
3 4 4 1  -0.0000000003
3 4 6 1  0.0154501111
3 5 3 1  0.0000000001
3 5 5 1  -0.0000000003
3 5 7 1  0.0154501111
3 6 0 1  -0.0000000001
3 6 4 1  0.0154501111
3 6 6 1  -0.0000000006
3 7 1 1  -0.0000000001
3 7 5 1  0.0154501111
3 7 7 1  -0.0000000006
3 0 0 3  0.2008286784
3 0 2 3  -0.0000000007
3 0 4 3  0.0000000002
3 1 1 3  0.2008286784
3 1 3 3  -0.0000000007
3 1 5 3  0.0000000002
3 2 0 3  -0.0000000007
3 2 2 3  0.2144243573
3 2 6 3  0.0000000003
3 3 1 3  -0.0000000007
3 3 3 3  0.2144243573
3 3 7 3  0.0000000003
3 4 0 3  0.0000000002
3 4 4 3  0.2155611230
3 4 6 3  -0.0000000011
3 5 1 3  0.0000000002
3 5 5 3  0.2155611230
3 5 7 3  -0.0000000011
3 6 2 3  0.0000000003
3 6 4 3  -0.0000000011
3 6 6 3  0.2058739148
3 7 3 3  0.0000000003
3 7 5 3  -0.0000000011
3 7 7 3  0.2058739148
3 0 2 5  0.0000000001
3 0 4 5  0.0000000009
3 0 6 5  0.0942093664
3 1 3 5  0.0000000001
3 1 5 5  0.0000000009
3 1 7 5  0.0942093664
3 2 0 5  0.0000000001
3 2 4 5  0.1210702641
3 2 6 5  -0.0000000013
3 3 1 5  0.0000000001
3 3 5 5  0.1210702641
3 3 7 5  -0.0000000013
3 4 0 5  0.0000000009
3 4 2 5  0.1210702641
3 4 6 5  0.0000000004
3 5 1 5  0.0000000009
3 5 3 5  0.1210702641
3 5 7 5  0.0000000004
3 6 0 5  0.0942093664
3 6 2 5  -0.0000000013
3 6 4 5  0.0000000004
3 7 1 5  0.0942093664
3 7 3 5  -0.0000000013
3 7 5 5  0.0000000004
3 0 4 7  0.0138089519
3 0 6 7  -0.0000000009
3 1 5 7  0.0138089519
3 1 7 7  -0.0000000009
3 2 2 7  0.0000000003
3 2 4 7  -0.0000000013
3 2 6 7  0.0148538902
3 3 3 7  0.0000000003
3 3 5 7  -0.0000000013
3 3 7 7  0.0148538902
3 4 0 7  0.0138089519
3 4 2 7  -0.0000000013
3 4 4 7  0.0000000003
3 5 1 7  0.0138089519
3 5 3 7  -0.0000000013
3 5 5 7  0.0000000003
3 6 0 7  -0.0000000009
3 6 2 7  0.0148538902
3 6 6 7  0.0000000001
3 7 1 7  -0.0000000009
3 7 3 7  0.0148538902
3 7 7 7  0.0000000001
4 0 0 0  0.0000000001
4 0 4 0  0.0128474404
4 0 6 0  0.0000000011
4 1 1 0  0.0000000001
4 1 5 0  0.0128474404
4 1 7 0  0.0000000011
4 2 2 0  0.0000000002
4 2 4 0  0.0000000009
4 2 6 0  0.0138089519
4 3 3 0  0.0000000002
4 3 5 0  0.0000000009
4 3 7 0  0.0138089519
4 4 0 0  0.0128474404
4 4 2 0  0.0000000009
4 4 4 0  0.0000000003
4 5 1 0  0.0128474404
4 5 3 0  0.0000000009
4 5 5 0  0.0000000003
4 6 0 0  0.0000000011
4 6 2 0  0.0138089519
4 6 6 0  0.0000000001
4 7 1 0  0.0000000011
4 7 3 0  0.0138089519
4 7 7 0  0.0000000001
4 0 2 2  0.0000000001
4 0 4 2  0.0000000009
4 0 6 2  0.0942093664
4 1 3 2  0.0000000001
4 1 5 2  0.0000000009
4 1 7 2  0.0942093664
4 2 0 2  0.0000000001
4 2 4 2  0.1210702641
4 2 6 2  -0.0000000013
4 3 1 2  0.0000000001
4 3 5 2  0.1210702641
4 3 7 2  -0.0000000013
4 4 0 2  0.0000000009
4 4 2 2  0.1210702641
4 4 6 2  0.0000000004
4 5 1 2  0.0000000009
4 5 3 2  0.1210702641
4 5 7 2  0.0000000004
4 6 0 2  0.0942093664
4 6 2 2  -0.0000000013
4 6 4 2  0.0000000004
4 7 1 2  0.0942093664
4 7 3 2  -0.0000000013
4 7 5 2  0.0000000004
4 0 0 4  0.2009115679
4 0 2 4  -0.0000000003
4 0 4 4  0.0000000003
4 1 1 4  0.2009115679
4 1 3 4  -0.0000000003
4 1 5 4  0.0000000003
4 2 0 4  -0.0000000003
4 2 2 4  0.2155611230
4 2 6 4  0.0000000003
4 3 1 4  -0.0000000003
4 3 3 4  0.2155611230
4 3 7 4  0.0000000003
4 4 0 4  0.0000000003
4 4 4 4  0.2167548115
4 4 6 4  -0.0000000007
4 5 1 4  0.0000000003
4 5 5 4  0.2167548115
4 5 7 4  -0.0000000007
4 6 2 4  0.0000000003
4 6 4 4  -0.0000000007
4 6 6 4  0.2062191221
4 7 3 4  0.0000000003
4 7 5 4  -0.0000000007
4 7 7 4  0.2062191221
4 0 0 6  -0.0000000001
4 0 2 6  0.0154501111
4 0 6 6  0.0000000002
4 1 1 6  -0.0000000001
4 1 3 6  0.0154501111
4 1 7 6  0.0000000002
4 2 0 6  0.0154501111
4 2 2 6  -0.0000000011
4 2 4 6  0.0000000004
4 3 1 6  0.0154501111
4 3 3 6  -0.0000000011
4 3 5 6  0.0000000004
4 4 2 6  0.0000000004
4 4 4 6  -0.0000000007
4 4 6 6  0.0161958678
4 5 3 6  0.0000000004
4 5 5 6  -0.0000000007
4 5 7 6  0.0161958678
4 6 0 6  0.0000000002
4 6 4 6  0.0161958678
4 6 6 6  -0.0000000004
4 7 1 6  0.0000000002
4 7 5 6  0.0161958678
4 7 7 6  -0.0000000004
5 0 0 1  0.0000000001
5 0 4 1  0.0128474404
5 0 6 1  0.0000000011
5 1 1 1  0.0000000001
5 1 5 1  0.0128474404
5 1 7 1  0.0000000011
5 2 2 1  0.0000000002
5 2 4 1  0.0000000009
5 2 6 1  0.0138089519
5 3 3 1  0.0000000002
5 3 5 1  0.0000000009
5 3 7 1  0.0138089519
5 4 0 1  0.0128474404
5 4 2 1  0.0000000009
5 4 4 1  0.0000000003
5 5 1 1  0.0128474404
5 5 3 1  0.0000000009
5 5 5 1  0.0000000003
5 6 0 1  0.0000000011
5 6 2 1  0.0138089519
5 6 6 1  0.0000000001
5 7 1 1  0.0000000011
5 7 3 1  0.0138089519
5 7 7 1  0.0000000001
5 0 2 3  0.0000000001
5 0 4 3  0.0000000009
5 0 6 3  0.0942093664
5 1 3 3  0.0000000001
5 1 5 3  0.0000000009
5 1 7 3  0.0942093664
5 2 0 3  0.0000000001
5 2 4 3  0.1210702641
5 2 6 3  -0.0000000013
5 3 1 3  0.0000000001
5 3 5 3  0.1210702641
5 3 7 3  -0.0000000013
5 4 0 3  0.0000000009
5 4 2 3  0.1210702641
5 4 6 3  0.0000000004
5 5 1 3  0.0000000009
5 5 3 3  0.1210702641
5 5 7 3  0.0000000004
5 6 0 3  0.0942093664
5 6 2 3  -0.0000000013
5 6 4 3  0.0000000004
5 7 1 3  0.0942093664
5 7 3 3  -0.0000000013
5 7 5 3  0.0000000004
5 0 0 5  0.2009115679
5 0 2 5  -0.0000000003
5 0 4 5  0.0000000003
5 1 1 5  0.2009115679
5 1 3 5  -0.0000000003
5 1 5 5  0.0000000003
5 2 0 5  -0.0000000003
5 2 2 5  0.2155611230
5 2 6 5  0.0000000003
5 3 1 5  -0.0000000003
5 3 3 5  0.2155611230
5 3 7 5  0.0000000003
5 4 0 5  0.0000000003
5 4 4 5  0.2167548115
5 4 6 5  -0.0000000007
5 5 1 5  0.0000000003
5 5 5 5  0.2167548115
5 5 7 5  -0.0000000007
5 6 2 5  0.0000000003
5 6 4 5  -0.0000000007
5 6 6 5  0.2062191221
5 7 3 5  0.0000000003
5 7 5 5  -0.0000000007
5 7 7 5  0.2062191221
5 0 0 7  -0.0000000001
5 0 2 7  0.0154501111
5 0 6 7  0.0000000002
5 1 1 7  -0.0000000001
5 1 3 7  0.0154501111
5 1 7 7  0.0000000002
5 2 0 7  0.0154501111
5 2 2 7  -0.0000000011
5 2 4 7  0.0000000004
5 3 1 7  0.0154501111
5 3 3 7  -0.0000000011
5 3 5 7  0.0000000004
5 4 2 7  0.0000000004
5 4 4 7  -0.0000000007
5 4 6 7  0.0161958678
5 5 3 7  0.0000000004
5 5 5 7  -0.0000000007
5 5 7 7  0.0161958678
5 6 0 7  0.0000000002
5 6 4 7  0.0161958678
5 6 6 7  -0.0000000004
5 7 1 7  0.0000000002
5 7 5 7  0.0161958678
5 7 7 7  -0.0000000004
6 0 2 0  -0.0000000001
6 0 4 0  0.0000000011
6 0 6 0  0.1119142484
6 1 3 0  -0.0000000001
6 1 5 0  0.0000000011
6 1 7 0  0.1119142484
6 2 0 0  -0.0000000001
6 2 4 0  0.0942093664
6 2 6 0  -0.0000000009
6 3 1 0  -0.0000000001
6 3 5 0  0.0942093664
6 3 7 0  -0.0000000009
6 4 0 0  0.0000000011
6 4 2 0  0.0942093664
6 4 6 0  0.0000000002
6 5 1 0  0.0000000011
6 5 3 0  0.0942093664
6 5 7 0  0.0000000002
6 6 0 0  0.1119142484
6 6 2 0  -0.0000000009
6 6 4 0  0.0000000002
6 7 1 0  0.1119142484
6 7 3 0  -0.0000000009
6 7 5 0  0.0000000002
6 0 4 2  0.0138089519
6 0 6 2  -0.0000000009
6 1 5 2  0.0138089519
6 1 7 2  -0.0000000009
6 2 2 2  0.0000000003
6 2 4 2  -0.0000000013
6 2 6 2  0.0148538902
6 3 3 2  0.0000000003
6 3 5 2  -0.0000000013
6 3 7 2  0.0148538902
6 4 0 2  0.0138089519
6 4 2 2  -0.0000000013
6 4 4 2  0.0000000003
6 5 1 2  0.0138089519
6 5 3 2  -0.0000000013
6 5 5 2  0.0000000003
6 6 0 2  -0.0000000009
6 6 2 2  0.0148538902
6 6 6 2  0.0000000001
6 7 1 2  -0.0000000009
6 7 3 2  0.0148538902
6 7 7 2  0.0000000001
6 0 0 4  -0.0000000001
6 0 2 4  0.0154501111
6 0 6 4  0.0000000002
6 1 1 4  -0.0000000001
6 1 3 4  0.0154501111
6 1 7 4  0.0000000002
6 2 0 4  0.0154501111
6 2 2 4  -0.0000000011
6 2 4 4  0.0000000004
6 3 1 4  0.0154501111
6 3 3 4  -0.0000000011
6 3 5 4  0.0000000004
6 4 2 4  0.0000000004
6 4 4 4  -0.0000000007
6 4 6 4  0.0161958678
6 5 3 4  0.0000000004
6 5 5 4  -0.0000000007
6 5 7 4  0.0161958678
6 6 0 4  0.0000000002
6 6 4 4  0.0161958678
6 6 6 4  -0.0000000004
6 7 1 4  0.0000000002
6 7 5 4  0.0161958678
6 7 7 4  -0.0000000004
6 0 0 6  0.2424159552
6 0 2 6  -0.0000000006
6 0 4 6  0.0000000001
6 1 1 6  0.2424159552
6 1 3 6  -0.0000000006
6 1 5 6  0.0000000001
6 2 0 6  -0.0000000006
6 2 2 6  0.2058739148
6 2 6 6  0.0000000001
6 3 1 6  -0.0000000006
6 3 3 6  0.2058739148
6 3 7 6  0.0000000001
6 4 0 6  0.0000000001
6 4 4 6  0.2062191221
6 4 6 6  -0.0000000004
6 5 1 6  0.0000000001
6 5 5 6  0.2062191221
6 5 7 6  -0.0000000004
6 6 2 6  0.0000000001
6 6 4 6  -0.0000000004
6 6 6 6  0.2466762063
6 7 3 6  0.0000000001
6 7 5 6  -0.0000000004
6 7 7 6  0.2466762063
7 0 2 1  -0.0000000001
7 0 4 1  0.0000000011
7 0 6 1  0.1119142484
7 1 3 1  -0.0000000001
7 1 5 1  0.0000000011
7 1 7 1  0.1119142484
7 2 0 1  -0.0000000001
7 2 4 1  0.0942093664
7 2 6 1  -0.0000000009
7 3 1 1  -0.0000000001
7 3 5 1  0.0942093664
7 3 7 1  -0.0000000009
7 4 0 1  0.0000000011
7 4 2 1  0.0942093664
7 4 6 1  0.0000000002
7 5 1 1  0.0000000011
7 5 3 1  0.0942093664
7 5 7 1  0.0000000002
7 6 0 1  0.1119142484
7 6 2 1  -0.0000000009
7 6 4 1  0.0000000002
7 7 1 1  0.1119142484
7 7 3 1  -0.0000000009
7 7 5 1  0.0000000002
7 0 4 3  0.0138089519
7 0 6 3  -0.0000000009
7 1 5 3  0.0138089519
7 1 7 3  -0.0000000009
7 2 2 3  0.0000000003
7 2 4 3  -0.0000000013
7 2 6 3  0.0148538902
7 3 3 3  0.0000000003
7 3 5 3  -0.0000000013
7 3 7 3  0.0148538902
7 4 0 3  0.0138089519
7 4 2 3  -0.0000000013
7 4 4 3  0.0000000003
7 5 1 3  0.0138089519
7 5 3 3  -0.0000000013
7 5 5 3  0.0000000003
7 6 0 3  -0.0000000009
7 6 2 3  0.0148538902
7 6 6 3  0.0000000001
7 7 1 3  -0.0000000009
7 7 3 3  0.0148538902
7 7 7 3  0.0000000001
7 0 0 5  -0.0000000001
7 0 2 5  0.0154501111
7 0 6 5  0.0000000002
7 1 1 5  -0.0000000001
7 1 3 5  0.0154501111
7 1 7 5  0.0000000002
7 2 0 5  0.0154501111
7 2 2 5  -0.0000000011
7 2 4 5  0.0000000004
7 3 1 5  0.0154501111
7 3 3 5  -0.0000000011
7 3 5 5  0.0000000004
7 4 2 5  0.0000000004
7 4 4 5  -0.0000000007
7 4 6 5  0.0161958678
7 5 3 5  0.0000000004
7 5 5 5  -0.0000000007
7 5 7 5  0.0161958678
7 6 0 5  0.0000000002
7 6 4 5  0.0161958678
7 6 6 5  -0.0000000004
7 7 1 5  0.0000000002
7 7 5 5  0.0161958678
7 7 7 5  -0.0000000004
7 0 0 7  0.2424159552
7 0 2 7  -0.0000000006
7 0 4 7  0.0000000001
7 1 1 7  0.2424159552
7 1 3 7  -0.0000000006
7 1 5 7  0.0000000001
7 2 0 7  -0.0000000006
7 2 2 7  0.2058739148
7 2 6 7  0.0000000001
7 3 1 7  -0.0000000006
7 3 3 7  0.2058739148
7 3 7 7  0.0000000001
7 4 0 7  0.0000000001
7 4 4 7  0.2062191221
7 4 6 7  -0.0000000004
7 5 1 7  0.0000000001
7 5 5 7  0.2062191221
7 5 7 7  -0.0000000004
7 6 2 7  0.0000000001
7 6 4 7  -0.0000000004
7 6 6 7  0.2466762063
7 7 3 7  0.0000000001
7 7 5 7  -0.0000000004
7 7 7 7  0.2466762063

 E(Ref) = -77.2366114833 Hartree, <S**2> = 0.0000
 E(FCI) = -77.6344958466 Hartree, <S**2> = -0.0000
