 MO Integrals with frozen core/virtual approximation

-73.65870455444744
0 0  -1.7957436838
0 2  -0.0000000102
0 4  0.0000000011
0 6  0.0000000003
1 1  -1.7957436838
1 3  -0.0000000102
1 5  0.0000000011
1 7  0.0000000003
2 0  -0.0000000102
2 2  -1.4579215512
2 4  0.0000000005
2 6  0.0000000003
3 1  -0.0000000102
3 3  -1.4579215512
3 5  0.0000000005
3 7  0.0000000003
4 0  0.0000000011
4 2  0.0000000005
4 4  -1.3955404822
4 6  -0.0000000024
5 1  0.0000000011
5 3  0.0000000005
5 5  -1.3955404822
5 7  -0.0000000024
6 0  0.0000000003
6 2  0.0000000003
6 4  -0.0000000024
6 6  -1.4759274735
7 1  0.0000000003
7 3  0.0000000003
7 5  -0.0000000024
7 7  -1.4759274735
0 0 0 0  0.2752776296
0 0 2 0  0.0000000006
0 0 4 0  -0.0000000001
0 1 1 0  0.2752776296
0 1 3 0  0.0000000006
0 1 5 0  -0.0000000001
0 2 0 0  0.0000000006
0 2 2 0  0.2194145796
0 2 6 0  -0.0000000001
0 3 1 0  0.0000000006
0 3 3 0  0.2194145796
0 3 7 0  -0.0000000001
0 4 0 0  -0.0000000001
0 4 4 0  0.2180017457
0 4 6 0  0.0000000005
0 5 1 0  -0.0000000001
0 5 5 0  0.2180017457
0 5 7 0  0.0000000005
0 6 2 0  -0.0000000001
0 6 4 0  0.0000000005
0 6 6 0  0.2701095058
0 7 3 0  -0.0000000001
0 7 5 0  0.0000000005
0 7 7 0  0.2701095058
0 0 0 2  0.0000000006
0 0 2 2  0.0174799797
0 0 6 2  0.0000000001
0 1 1 2  0.0000000006
0 1 3 2  0.0174799797
0 1 7 2  0.0000000001
0 2 0 2  0.0174799797
0 2 2 2  0.0000000009
0 2 4 2  0.0000000001
0 3 1 2  0.0174799797
0 3 3 2  0.0000000009
0 3 5 2  0.0000000001
0 4 2 2  0.0000000001
0 4 4 2  0.0000000008
0 4 6 2  0.0175604100
0 5 3 2  0.0000000001
0 5 5 2  0.0000000008
0 5 7 2  0.0175604100
0 6 0 2  0.0000000001
0 6 4 2  0.0175604100
0 6 6 2  0.0000000002
0 7 1 2  0.0000000001
0 7 5 2  0.0175604100
0 7 7 2  0.0000000002
0 0 0 4  -0.0000000001
0 0 4 4  0.0116518498
0 0 6 4  -0.0000000003
0 1 1 4  -0.0000000001
0 1 5 4  0.0116518498
0 1 7 4  -0.0000000003
0 2 6 4  0.0136500701
0 3 7 4  0.0136500701
0 4 0 4  0.0116518498
0 5 1 4  0.0116518498
0 6 0 4  -0.0000000003
0 6 2 4  0.0136500701
0 6 6 4  -0.0000000001
0 7 1 4  -0.0000000003
0 7 3 4  0.0136500701
0 7 7 4  -0.0000000001
0 0 2 6  0.0000000001
0 0 4 6  -0.0000000003
0 0 6 6  0.0934997730
0 1 3 6  0.0000000001
0 1 5 6  -0.0000000003
0 1 7 6  0.0934997730
0 2 0 6  0.0000000001
0 2 4 6  0.0804633756
0 2 6 6  -0.0000000006
0 3 1 6  0.0000000001
0 3 5 6  0.0804633756
0 3 7 6  -0.0000000006
0 4 0 6  -0.0000000003
0 4 2 6  0.0804633756
0 4 6 6  -0.0000000001
0 5 1 6  -0.0000000003
0 5 3 6  0.0804633756
0 5 7 6  -0.0000000001
0 6 0 6  0.0934997730
0 6 2 6  -0.0000000006
0 6 4 6  -0.0000000001
0 7 1 6  0.0934997730
0 7 3 6  -0.0000000006
0 7 5 6  -0.0000000001
1 0 0 1  0.2752776296
1 0 2 1  0.0000000006
1 0 4 1  -0.0000000001
1 1 1 1  0.2752776296
1 1 3 1  0.0000000006
1 1 5 1  -0.0000000001
1 2 0 1  0.0000000006
1 2 2 1  0.2194145796
1 2 6 1  -0.0000000001
1 3 1 1  0.0000000006
1 3 3 1  0.2194145796
1 3 7 1  -0.0000000001
1 4 0 1  -0.0000000001
1 4 4 1  0.2180017457
1 4 6 1  0.0000000005
1 5 1 1  -0.0000000001
1 5 5 1  0.2180017457
1 5 7 1  0.0000000005
1 6 2 1  -0.0000000001
1 6 4 1  0.0000000005
1 6 6 1  0.2701095058
1 7 3 1  -0.0000000001
1 7 5 1  0.0000000005
1 7 7 1  0.2701095058
1 0 0 3  0.0000000006
1 0 2 3  0.0174799797
1 0 6 3  0.0000000001
1 1 1 3  0.0000000006
1 1 3 3  0.0174799797
1 1 7 3  0.0000000001
1 2 0 3  0.0174799797
1 2 2 3  0.0000000009
1 2 4 3  0.0000000001
1 3 1 3  0.0174799797
1 3 3 3  0.0000000009
1 3 5 3  0.0000000001
1 4 2 3  0.0000000001
1 4 4 3  0.0000000008
1 4 6 3  0.0175604100
1 5 3 3  0.0000000001
1 5 5 3  0.0000000008
1 5 7 3  0.0175604100
1 6 0 3  0.0000000001
1 6 4 3  0.0175604100
1 6 6 3  0.0000000002
1 7 1 3  0.0000000001
1 7 5 3  0.0175604100
1 7 7 3  0.0000000002
1 0 0 5  -0.0000000001
1 0 4 5  0.0116518498
1 0 6 5  -0.0000000003
1 1 1 5  -0.0000000001
1 1 5 5  0.0116518498
1 1 7 5  -0.0000000003
1 2 6 5  0.0136500701
1 3 7 5  0.0136500701
1 4 0 5  0.0116518498
1 5 1 5  0.0116518498
1 6 0 5  -0.0000000003
1 6 2 5  0.0136500701
1 6 6 5  -0.0000000001
1 7 1 5  -0.0000000003
1 7 3 5  0.0136500701
1 7 7 5  -0.0000000001
1 0 2 7  0.0000000001
1 0 4 7  -0.0000000003
1 0 6 7  0.0934997730
1 1 3 7  0.0000000001
1 1 5 7  -0.0000000003
1 1 7 7  0.0934997730
1 2 0 7  0.0000000001
1 2 4 7  0.0804633756
1 2 6 7  -0.0000000006
1 3 1 7  0.0000000001
1 3 5 7  0.0804633756
1 3 7 7  -0.0000000006
1 4 0 7  -0.0000000003
1 4 2 7  0.0804633756
1 4 6 7  -0.0000000001
1 5 1 7  -0.0000000003
1 5 3 7  0.0804633756
1 5 7 7  -0.0000000001
1 6 0 7  0.0934997730
1 6 2 7  -0.0000000006
1 6 4 7  -0.0000000001
1 7 1 7  0.0934997730
1 7 3 7  -0.0000000006
1 7 5 7  -0.0000000001
2 0 0 0  0.0000000006
2 0 2 0  0.0174799797
2 0 6 0  0.0000000001
2 1 1 0  0.0000000006
2 1 3 0  0.0174799797
2 1 7 0  0.0000000001
2 2 0 0  0.0174799797
2 2 2 0  0.0000000009
2 2 4 0  0.0000000001
2 3 1 0  0.0174799797
2 3 3 0  0.0000000009
2 3 5 0  0.0000000001
2 4 2 0  0.0000000001
2 4 4 0  0.0000000008
2 4 6 0  0.0175604100
2 5 3 0  0.0000000001
2 5 5 0  0.0000000008
2 5 7 0  0.0175604100
2 6 0 0  0.0000000001
2 6 4 0  0.0175604100
2 6 6 0  0.0000000002
2 7 1 0  0.0000000001
2 7 5 0  0.0175604100
2 7 7 0  0.0000000002
2 0 0 2  0.2194145796
2 0 2 2  0.0000000009
2 1 1 2  0.2194145796
2 1 3 2  0.0000000009
2 2 0 2  0.0000000009
2 2 2 2  0.2252282606
2 3 1 2  0.0000000009
2 3 3 2  0.2252282606
2 4 4 2  0.2277937575
2 4 6 2  0.0000000010
2 5 5 2  0.2277937575
2 5 7 2  0.0000000010
2 6 4 2  0.0000000010
2 6 6 2  0.2259533362
2 7 5 2  0.0000000010
2 7 7 2  0.2259533362
2 0 2 4  0.0000000001
2 0 6 4  0.0804633756
2 1 3 4  0.0000000001
2 1 7 4  0.0804633756
2 2 0 4  0.0000000001
2 2 4 4  0.1090957362
2 3 1 4  0.0000000001
2 3 5 4  0.1090957362
2 4 2 4  0.1090957362
2 4 6 4  -0.0000000001
2 5 3 4  0.1090957362
2 5 7 4  -0.0000000001
2 6 0 4  0.0804633756
2 6 4 4  -0.0000000001
2 7 1 4  0.0804633756
2 7 5 4  -0.0000000001
2 0 0 6  -0.0000000001
2 0 4 6  0.0136500701
2 0 6 6  -0.0000000006
2 1 1 6  -0.0000000001
2 1 5 6  0.0136500701
2 1 7 6  -0.0000000006
2 2 6 6  0.0160443329
2 3 7 6  0.0160443329
2 4 0 6  0.0136500701
2 5 1 6  0.0136500701
2 6 0 6  -0.0000000006
2 6 2 6  0.0160443329
2 6 6 6  -0.0000000001
2 7 1 6  -0.0000000006
2 7 3 6  0.0160443329
2 7 7 6  -0.0000000001
3 0 0 1  0.0000000006
3 0 2 1  0.0174799797
3 0 6 1  0.0000000001
3 1 1 1  0.0000000006
3 1 3 1  0.0174799797
3 1 7 1  0.0000000001
3 2 0 1  0.0174799797
3 2 2 1  0.0000000009
3 2 4 1  0.0000000001
3 3 1 1  0.0174799797
3 3 3 1  0.0000000009
3 3 5 1  0.0000000001
3 4 2 1  0.0000000001
3 4 4 1  0.0000000008
3 4 6 1  0.0175604100
3 5 3 1  0.0000000001
3 5 5 1  0.0000000008
3 5 7 1  0.0175604100
3 6 0 1  0.0000000001
3 6 4 1  0.0175604100
3 6 6 1  0.0000000002
3 7 1 1  0.0000000001
3 7 5 1  0.0175604100
3 7 7 1  0.0000000002
3 0 0 3  0.2194145796
3 0 2 3  0.0000000009
3 1 1 3  0.2194145796
3 1 3 3  0.0000000009
3 2 0 3  0.0000000009
3 2 2 3  0.2252282606
3 3 1 3  0.0000000009
3 3 3 3  0.2252282606
3 4 4 3  0.2277937575
3 4 6 3  0.0000000010
3 5 5 3  0.2277937575
3 5 7 3  0.0000000010
3 6 4 3  0.0000000010
3 6 6 3  0.2259533362
3 7 5 3  0.0000000010
3 7 7 3  0.2259533362
3 0 2 5  0.0000000001
3 0 6 5  0.0804633756
3 1 3 5  0.0000000001
3 1 7 5  0.0804633756
3 2 0 5  0.0000000001
3 2 4 5  0.1090957362
3 3 1 5  0.0000000001
3 3 5 5  0.1090957362
3 4 2 5  0.1090957362
3 4 6 5  -0.0000000001
3 5 3 5  0.1090957362
3 5 7 5  -0.0000000001
3 6 0 5  0.0804633756
3 6 4 5  -0.0000000001
3 7 1 5  0.0804633756
3 7 5 5  -0.0000000001
3 0 0 7  -0.0000000001
3 0 4 7  0.0136500701
3 0 6 7  -0.0000000006
3 1 1 7  -0.0000000001
3 1 5 7  0.0136500701
3 1 7 7  -0.0000000006
3 2 6 7  0.0160443329
3 3 7 7  0.0160443329
3 4 0 7  0.0136500701
3 5 1 7  0.0136500701
3 6 0 7  -0.0000000006
3 6 2 7  0.0160443329
3 6 6 7  -0.0000000001
3 7 1 7  -0.0000000006
3 7 3 7  0.0160443329
3 7 7 7  -0.0000000001
4 0 0 0  -0.0000000001
4 0 4 0  0.0116518498
4 0 6 0  -0.0000000003
4 1 1 0  -0.0000000001
4 1 5 0  0.0116518498
4 1 7 0  -0.0000000003
4 2 6 0  0.0136500701
4 3 7 0  0.0136500701
4 4 0 0  0.0116518498
4 5 1 0  0.0116518498
4 6 0 0  -0.0000000003
4 6 2 0  0.0136500701
4 6 6 0  -0.0000000001
4 7 1 0  -0.0000000003
4 7 3 0  0.0136500701
4 7 7 0  -0.0000000001
4 0 2 2  0.0000000001
4 0 6 2  0.0804633756
4 1 3 2  0.0000000001
4 1 7 2  0.0804633756
4 2 0 2  0.0000000001
4 2 4 2  0.1090957362
4 3 1 2  0.0000000001
4 3 5 2  0.1090957362
4 4 2 2  0.1090957362
4 4 6 2  -0.0000000001
4 5 3 2  0.1090957362
4 5 7 2  -0.0000000001
4 6 0 2  0.0804633756
4 6 4 2  -0.0000000001
4 7 1 2  0.0804633756
4 7 5 2  -0.0000000001
4 0 0 4  0.2180017457
4 0 2 4  0.0000000008
4 1 1 4  0.2180017457
4 1 3 4  0.0000000008
4 2 0 4  0.0000000008
4 2 2 4  0.2277937575
4 3 1 4  0.0000000008
4 3 3 4  0.2277937575
4 4 4 4  0.2310007097
4 4 6 4  0.0000000010
4 5 5 4  0.2310007097
4 5 7 4  0.0000000010
4 6 4 4  0.0000000010
4 6 6 4  0.2263555183
4 7 5 4  0.0000000010
4 7 7 4  0.2263555183
4 0 0 6  0.0000000005
4 0 2 6  0.0175604100
4 0 6 6  -0.0000000001
4 1 1 6  0.0000000005
4 1 3 6  0.0175604100
4 1 7 6  -0.0000000001
4 2 0 6  0.0175604100
4 2 2 6  0.0000000010
4 2 4 6  -0.0000000001
4 3 1 6  0.0175604100
4 3 3 6  0.0000000010
4 3 5 6  -0.0000000001
4 4 2 6  -0.0000000001
4 4 4 6  0.0000000010
4 4 6 6  0.0185973942
4 5 3 6  -0.0000000001
4 5 5 6  0.0000000010
4 5 7 6  0.0185973942
4 6 0 6  -0.0000000001
4 6 4 6  0.0185973942
4 6 6 6  0.0000000003
4 7 1 6  -0.0000000001
4 7 5 6  0.0185973942
4 7 7 6  0.0000000003
5 0 0 1  -0.0000000001
5 0 4 1  0.0116518498
5 0 6 1  -0.0000000003
5 1 1 1  -0.0000000001
5 1 5 1  0.0116518498
5 1 7 1  -0.0000000003
5 2 6 1  0.0136500701
5 3 7 1  0.0136500701
5 4 0 1  0.0116518498
5 5 1 1  0.0116518498
5 6 0 1  -0.0000000003
5 6 2 1  0.0136500701
5 6 6 1  -0.0000000001
5 7 1 1  -0.0000000003
5 7 3 1  0.0136500701
5 7 7 1  -0.0000000001
5 0 2 3  0.0000000001
5 0 6 3  0.0804633756
5 1 3 3  0.0000000001
5 1 7 3  0.0804633756
5 2 0 3  0.0000000001
5 2 4 3  0.1090957362
5 3 1 3  0.0000000001
5 3 5 3  0.1090957362
5 4 2 3  0.1090957362
5 4 6 3  -0.0000000001
5 5 3 3  0.1090957362
5 5 7 3  -0.0000000001
5 6 0 3  0.0804633756
5 6 4 3  -0.0000000001
5 7 1 3  0.0804633756
5 7 5 3  -0.0000000001
5 0 0 5  0.2180017457
5 0 2 5  0.0000000008
5 1 1 5  0.2180017457
5 1 3 5  0.0000000008
5 2 0 5  0.0000000008
5 2 2 5  0.2277937575
5 3 1 5  0.0000000008
5 3 3 5  0.2277937575
5 4 4 5  0.2310007097
5 4 6 5  0.0000000010
5 5 5 5  0.2310007097
5 5 7 5  0.0000000010
5 6 4 5  0.0000000010
5 6 6 5  0.2263555183
5 7 5 5  0.0000000010
5 7 7 5  0.2263555183
5 0 0 7  0.0000000005
5 0 2 7  0.0175604100
5 0 6 7  -0.0000000001
5 1 1 7  0.0000000005
5 1 3 7  0.0175604100
5 1 7 7  -0.0000000001
5 2 0 7  0.0175604100
5 2 2 7  0.0000000010
5 2 4 7  -0.0000000001
5 3 1 7  0.0175604100
5 3 3 7  0.0000000010
5 3 5 7  -0.0000000001
5 4 2 7  -0.0000000001
5 4 4 7  0.0000000010
5 4 6 7  0.0185973942
5 5 3 7  -0.0000000001
5 5 5 7  0.0000000010
5 5 7 7  0.0185973942
5 6 0 7  -0.0000000001
5 6 4 7  0.0185973942
5 6 6 7  0.0000000003
5 7 1 7  -0.0000000001
5 7 5 7  0.0185973942
5 7 7 7  0.0000000003
6 0 2 0  0.0000000001
6 0 4 0  -0.0000000003
6 0 6 0  0.0934997730
6 1 3 0  0.0000000001
6 1 5 0  -0.0000000003
6 1 7 0  0.0934997730
6 2 0 0  0.0000000001
6 2 4 0  0.0804633756
6 2 6 0  -0.0000000006
6 3 1 0  0.0000000001
6 3 5 0  0.0804633756
6 3 7 0  -0.0000000006
6 4 0 0  -0.0000000003
6 4 2 0  0.0804633756
6 4 6 0  -0.0000000001
6 5 1 0  -0.0000000003
6 5 3 0  0.0804633756
6 5 7 0  -0.0000000001
6 6 0 0  0.0934997730
6 6 2 0  -0.0000000006
6 6 4 0  -0.0000000001
6 7 1 0  0.0934997730
6 7 3 0  -0.0000000006
6 7 5 0  -0.0000000001
6 0 0 2  -0.0000000001
6 0 4 2  0.0136500701
6 0 6 2  -0.0000000006
6 1 1 2  -0.0000000001
6 1 5 2  0.0136500701
6 1 7 2  -0.0000000006
6 2 6 2  0.0160443329
6 3 7 2  0.0160443329
6 4 0 2  0.0136500701
6 5 1 2  0.0136500701
6 6 0 2  -0.0000000006
6 6 2 2  0.0160443329
6 6 6 2  -0.0000000001
6 7 1 2  -0.0000000006
6 7 3 2  0.0160443329
6 7 7 2  -0.0000000001
6 0 0 4  0.0000000005
6 0 2 4  0.0175604100
6 0 6 4  -0.0000000001
6 1 1 4  0.0000000005
6 1 3 4  0.0175604100
6 1 7 4  -0.0000000001
6 2 0 4  0.0175604100
6 2 2 4  0.0000000010
6 2 4 4  -0.0000000001
6 3 1 4  0.0175604100
6 3 3 4  0.0000000010
6 3 5 4  -0.0000000001
6 4 2 4  -0.0000000001
6 4 4 4  0.0000000010
6 4 6 4  0.0185973942
6 5 3 4  -0.0000000001
6 5 5 4  0.0000000010
6 5 7 4  0.0185973942
6 6 0 4  -0.0000000001
6 6 4 4  0.0185973942
6 6 6 4  0.0000000003
6 7 1 4  -0.0000000001
6 7 5 4  0.0185973942
6 7 7 4  0.0000000003
6 0 0 6  0.2701095058
6 0 2 6  0.0000000002
6 0 4 6  -0.0000000001
6 1 1 6  0.2701095058
6 1 3 6  0.0000000002
6 1 5 6  -0.0000000001
6 2 0 6  0.0000000002
6 2 2 6  0.2259533362
6 2 6 6  -0.0000000001
6 3 1 6  0.0000000002
6 3 3 6  0.2259533362
6 3 7 6  -0.0000000001
6 4 0 6  -0.0000000001
6 4 4 6  0.2263555183
6 4 6 6  0.0000000003
6 5 1 6  -0.0000000001
6 5 5 6  0.2263555183
6 5 7 6  0.0000000003
6 6 2 6  -0.0000000001
6 6 4 6  0.0000000003
6 6 6 6  0.2748592511
6 7 3 6  -0.0000000001
6 7 5 6  0.0000000003
6 7 7 6  0.2748592511
7 0 2 1  0.0000000001
7 0 4 1  -0.0000000003
7 0 6 1  0.0934997730
7 1 3 1  0.0000000001
7 1 5 1  -0.0000000003
7 1 7 1  0.0934997730
7 2 0 1  0.0000000001
7 2 4 1  0.0804633756
7 2 6 1  -0.0000000006
7 3 1 1  0.0000000001
7 3 5 1  0.0804633756
7 3 7 1  -0.0000000006
7 4 0 1  -0.0000000003
7 4 2 1  0.0804633756
7 4 6 1  -0.0000000001
7 5 1 1  -0.0000000003
7 5 3 1  0.0804633756
7 5 7 1  -0.0000000001
7 6 0 1  0.0934997730
7 6 2 1  -0.0000000006
7 6 4 1  -0.0000000001
7 7 1 1  0.0934997730
7 7 3 1  -0.0000000006
7 7 5 1  -0.0000000001
7 0 0 3  -0.0000000001
7 0 4 3  0.0136500701
7 0 6 3  -0.0000000006
7 1 1 3  -0.0000000001
7 1 5 3  0.0136500701
7 1 7 3  -0.0000000006
7 2 6 3  0.0160443329
7 3 7 3  0.0160443329
7 4 0 3  0.0136500701
7 5 1 3  0.0136500701
7 6 0 3  -0.0000000006
7 6 2 3  0.0160443329
7 6 6 3  -0.0000000001
7 7 1 3  -0.0000000006
7 7 3 3  0.0160443329
7 7 7 3  -0.0000000001
7 0 0 5  0.0000000005
7 0 2 5  0.0175604100
7 0 6 5  -0.0000000001
7 1 1 5  0.0000000005
7 1 3 5  0.0175604100
7 1 7 5  -0.0000000001
7 2 0 5  0.0175604100
7 2 2 5  0.0000000010
7 2 4 5  -0.0000000001
7 3 1 5  0.0175604100
7 3 3 5  0.0000000010
7 3 5 5  -0.0000000001
7 4 2 5  -0.0000000001
7 4 4 5  0.0000000010
7 4 6 5  0.0185973942
7 5 3 5  -0.0000000001
7 5 5 5  0.0000000010
7 5 7 5  0.0185973942
7 6 0 5  -0.0000000001
7 6 4 5  0.0185973942
7 6 6 5  0.0000000003
7 7 1 5  -0.0000000001
7 7 5 5  0.0185973942
7 7 7 5  0.0000000003
7 0 0 7  0.2701095058
7 0 2 7  0.0000000002
7 0 4 7  -0.0000000001
7 1 1 7  0.2701095058
7 1 3 7  0.0000000002
7 1 5 7  -0.0000000001
7 2 0 7  0.0000000002
7 2 2 7  0.2259533362
7 2 6 7  -0.0000000001
7 3 1 7  0.0000000002
7 3 3 7  0.2259533362
7 3 7 7  -0.0000000001
7 4 0 7  -0.0000000001
7 4 4 7  0.2263555183
7 4 6 7  0.0000000003
7 5 1 7  -0.0000000001
7 5 5 7  0.2263555183
7 5 7 7  0.0000000003
7 6 2 7  -0.0000000001
7 6 4 7  0.0000000003
7 6 6 7  0.2748592511
7 7 3 7  -0.0000000001
7 7 5 7  0.0000000003
7 7 7 7  0.2748592511

 E(Ref) = -77.4796265259 Hartree, <S**2> = 0.0000
 E(FCI) = -77.7100976987 Hartree, <S**2> = -0.0000
