 MO Integrals with frozen core/virtual approximation

-73.86374527896986
0 0  -1.6399956592
0 2  -0.0000000008
0 4  -0.0000000036
1 1  -1.6399956592
1 3  -0.0000000008
1 5  -0.0000000036
2 0  -0.0000000008
2 2  -1.3754633416
2 6  0.0000000004
3 1  -0.0000000008
3 3  -1.3754633416
3 7  0.0000000004
4 0  -0.0000000036
4 4  -1.3437562353
4 6  -0.0000000013
5 1  -0.0000000036
5 5  -1.3437562353
5 7  -0.0000000013
6 2  0.0000000004
6 4  -0.0000000013
6 6  -1.4538975067
7 3  0.0000000004
7 5  -0.0000000013
7 7  -1.4538975067
0 0 0 0  0.2540065683
0 0 2 0  0.0000000002
0 0 4 0  0.0000000004
0 1 1 0  0.2540065683
0 1 3 0  0.0000000002
0 1 5 0  0.0000000004
0 2 0 0  0.0000000002
0 2 2 0  0.2082953907
0 3 1 0  0.0000000002
0 3 3 0  0.2082953907
0 4 0 0  0.0000000004
0 4 4 0  0.2079956312
0 4 6 0  0.0000000007
0 5 1 0  0.0000000004
0 5 5 0  0.2079956312
0 5 7 0  0.0000000007
0 6 4 0  0.0000000007
0 6 6 0  0.2540135269
0 7 5 0  0.0000000007
0 7 7 0  0.2540135269
0 0 0 2  0.0000000002
0 0 2 2  0.0155379768
0 0 6 2  0.0000000006
0 1 1 2  0.0000000002
0 1 3 2  0.0155379768
0 1 7 2  0.0000000006
0 2 0 2  0.0155379768
0 2 2 2  0.0000000004
0 2 4 2  -0.0000000006
0 3 1 2  0.0155379768
0 3 3 2  0.0000000004
0 3 5 2  -0.0000000006
0 4 2 2  -0.0000000006
0 4 4 2  -0.0000000005
0 4 6 2  -0.0161343107
0 5 3 2  -0.0000000006
0 5 5 2  -0.0000000005
0 5 7 2  -0.0161343107
0 6 0 2  0.0000000006
0 6 4 2  -0.0161343107
0 6 6 2  0.0000000007
0 7 1 2  0.0000000006
0 7 5 2  -0.0161343107
0 7 7 2  0.0000000007
0 0 0 4  0.0000000004
0 0 4 4  0.0121831543
0 0 6 4  0.0000000011
0 1 1 4  0.0000000004
0 1 5 4  0.0121831543
0 1 7 4  0.0000000011
0 2 2 4  0.0000000001
0 2 4 4  -0.0000000012
0 2 6 4  -0.0136405619
0 3 3 4  0.0000000001
0 3 5 4  -0.0000000012
0 3 7 4  -0.0136405619
0 4 0 4  0.0121831543
0 4 2 4  -0.0000000012
0 4 4 4  0.0000000001
0 5 1 4  0.0121831543
0 5 3 4  -0.0000000012
0 5 5 4  0.0000000001
0 6 0 4  0.0000000011
0 6 2 4  -0.0136405619
0 6 6 4  0.0000000004
0 7 1 4  0.0000000011
0 7 3 4  -0.0136405619
0 7 7 4  0.0000000004
0 0 2 6  0.0000000006
0 0 4 6  0.0000000011
0 0 6 6  0.1030302213
0 1 3 6  0.0000000006
0 1 5 6  0.0000000011
0 1 7 6  0.1030302213
0 2 0 6  0.0000000006
0 2 4 6  -0.0877265061
0 2 6 6  0.0000000016
0 3 1 6  0.0000000006
0 3 5 6  -0.0877265061
0 3 7 6  0.0000000016
0 4 0 6  0.0000000011
0 4 2 6  -0.0877265061
0 4 6 6  0.0000000004
0 5 1 6  0.0000000011
0 5 3 6  -0.0877265061
0 5 7 6  0.0000000004
0 6 0 6  0.1030302213
0 6 2 6  0.0000000016
0 6 4 6  0.0000000004
0 7 1 6  0.1030302213
0 7 3 6  0.0000000016
0 7 5 6  0.0000000004
1 0 0 1  0.2540065683
1 0 2 1  0.0000000002
1 0 4 1  0.0000000004
1 1 1 1  0.2540065683
1 1 3 1  0.0000000002
1 1 5 1  0.0000000004
1 2 0 1  0.0000000002
1 2 2 1  0.2082953907
1 3 1 1  0.0000000002
1 3 3 1  0.2082953907
1 4 0 1  0.0000000004
1 4 4 1  0.2079956312
1 4 6 1  0.0000000007
1 5 1 1  0.0000000004
1 5 5 1  0.2079956312
1 5 7 1  0.0000000007
1 6 4 1  0.0000000007
1 6 6 1  0.2540135269
1 7 5 1  0.0000000007
1 7 7 1  0.2540135269
1 0 0 3  0.0000000002
1 0 2 3  0.0155379768
1 0 6 3  0.0000000006
1 1 1 3  0.0000000002
1 1 3 3  0.0155379768
1 1 7 3  0.0000000006
1 2 0 3  0.0155379768
1 2 2 3  0.0000000004
1 2 4 3  -0.0000000006
1 3 1 3  0.0155379768
1 3 3 3  0.0000000004
1 3 5 3  -0.0000000006
1 4 2 3  -0.0000000006
1 4 4 3  -0.0000000005
1 4 6 3  -0.0161343107
1 5 3 3  -0.0000000006
1 5 5 3  -0.0000000005
1 5 7 3  -0.0161343107
1 6 0 3  0.0000000006
1 6 4 3  -0.0161343107
1 6 6 3  0.0000000007
1 7 1 3  0.0000000006
1 7 5 3  -0.0161343107
1 7 7 3  0.0000000007
1 0 0 5  0.0000000004
1 0 4 5  0.0121831543
1 0 6 5  0.0000000011
1 1 1 5  0.0000000004
1 1 5 5  0.0121831543
1 1 7 5  0.0000000011
1 2 2 5  0.0000000001
1 2 4 5  -0.0000000012
1 2 6 5  -0.0136405619
1 3 3 5  0.0000000001
1 3 5 5  -0.0000000012
1 3 7 5  -0.0136405619
1 4 0 5  0.0121831543
1 4 2 5  -0.0000000012
1 4 4 5  0.0000000001
1 5 1 5  0.0121831543
1 5 3 5  -0.0000000012
1 5 5 5  0.0000000001
1 6 0 5  0.0000000011
1 6 2 5  -0.0136405619
1 6 6 5  0.0000000004
1 7 1 5  0.0000000011
1 7 3 5  -0.0136405619
1 7 7 5  0.0000000004
1 0 2 7  0.0000000006
1 0 4 7  0.0000000011
1 0 6 7  0.1030302213
1 1 3 7  0.0000000006
1 1 5 7  0.0000000011
1 1 7 7  0.1030302213
1 2 0 7  0.0000000006
1 2 4 7  -0.0877265061
1 2 6 7  0.0000000016
1 3 1 7  0.0000000006
1 3 5 7  -0.0877265061
1 3 7 7  0.0000000016
1 4 0 7  0.0000000011
1 4 2 7  -0.0877265061
1 4 6 7  0.0000000004
1 5 1 7  0.0000000011
1 5 3 7  -0.0877265061
1 5 7 7  0.0000000004
1 6 0 7  0.1030302213
1 6 2 7  0.0000000016
1 6 4 7  0.0000000004
1 7 1 7  0.1030302213
1 7 3 7  0.0000000016
1 7 5 7  0.0000000004
2 0 0 0  0.0000000002
2 0 2 0  0.0155379768
2 0 6 0  0.0000000006
2 1 1 0  0.0000000002
2 1 3 0  0.0155379768
2 1 7 0  0.0000000006
2 2 0 0  0.0155379768
2 2 2 0  0.0000000004
2 2 4 0  -0.0000000006
2 3 1 0  0.0155379768
2 3 3 0  0.0000000004
2 3 5 0  -0.0000000006
2 4 2 0  -0.0000000006
2 4 4 0  -0.0000000005
2 4 6 0  -0.0161343107
2 5 3 0  -0.0000000006
2 5 5 0  -0.0000000005
2 5 7 0  -0.0161343107
2 6 0 0  0.0000000006
2 6 4 0  -0.0161343107
2 6 6 0  0.0000000007
2 7 1 0  0.0000000006
2 7 5 0  -0.0161343107
2 7 7 0  0.0000000007
2 0 0 2  0.2082953907
2 0 2 2  0.0000000004
2 0 4 2  0.0000000001
2 1 1 2  0.2082953907
2 1 3 2  0.0000000004
2 1 5 2  0.0000000001
2 2 0 2  0.0000000004
2 2 2 2  0.2191842273
2 2 6 2  -0.0000000001
2 3 1 2  0.0000000004
2 3 3 2  0.2191842273
2 3 7 2  -0.0000000001
2 4 0 2  0.0000000001
2 4 4 2  0.2210063502
2 4 6 2  -0.0000000003
2 5 1 2  0.0000000001
2 5 5 2  0.2210063502
2 5 7 2  -0.0000000003
2 6 2 2  -0.0000000001
2 6 4 2  -0.0000000003
2 6 6 2  0.2147017966
2 7 3 2  -0.0000000001
2 7 5 2  -0.0000000003
2 7 7 2  0.2147017966
2 0 2 4  -0.0000000006
2 0 4 4  -0.0000000012
2 0 6 4  -0.0877265061
2 1 3 4  -0.0000000006
2 1 5 4  -0.0000000012
2 1 7 4  -0.0877265061
2 2 0 4  -0.0000000006
2 2 4 4  0.1156849560
2 2 6 4  -0.0000000015
2 3 1 4  -0.0000000006
2 3 5 4  0.1156849560
2 3 7 4  -0.0000000015
2 4 0 4  -0.0000000012
2 4 2 4  0.1156849560
2 4 6 4  -0.0000000005
2 5 1 4  -0.0000000012
2 5 3 4  0.1156849560
2 5 7 4  -0.0000000005
2 6 0 4  -0.0877265061
2 6 2 4  -0.0000000015
2 6 4 4  -0.0000000005
2 7 1 4  -0.0877265061
2 7 3 4  -0.0000000015
2 7 5 4  -0.0000000005
2 0 4 6  -0.0136405619
2 0 6 6  0.0000000016
2 1 5 6  -0.0136405619
2 1 7 6  0.0000000016
2 2 2 6  -0.0000000001
2 2 4 6  -0.0000000015
2 2 6 6  0.0153025289
2 3 3 6  -0.0000000001
2 3 5 6  -0.0000000015
2 3 7 6  0.0153025289
2 4 0 6  -0.0136405619
2 4 2 6  -0.0000000015
2 4 4 6  -0.0000000001
2 5 1 6  -0.0136405619
2 5 3 6  -0.0000000015
2 5 5 6  -0.0000000001
2 6 0 6  0.0000000016
2 6 2 6  0.0153025289
2 6 6 6  -0.0000000001
2 7 1 6  0.0000000016
2 7 3 6  0.0153025289
2 7 7 6  -0.0000000001
3 0 0 1  0.0000000002
3 0 2 1  0.0155379768
3 0 6 1  0.0000000006
3 1 1 1  0.0000000002
3 1 3 1  0.0155379768
3 1 7 1  0.0000000006
3 2 0 1  0.0155379768
3 2 2 1  0.0000000004
3 2 4 1  -0.0000000006
3 3 1 1  0.0155379768
3 3 3 1  0.0000000004
3 3 5 1  -0.0000000006
3 4 2 1  -0.0000000006
3 4 4 1  -0.0000000005
3 4 6 1  -0.0161343107
3 5 3 1  -0.0000000006
3 5 5 1  -0.0000000005
3 5 7 1  -0.0161343107
3 6 0 1  0.0000000006
3 6 4 1  -0.0161343107
3 6 6 1  0.0000000007
3 7 1 1  0.0000000006
3 7 5 1  -0.0161343107
3 7 7 1  0.0000000007
3 0 0 3  0.2082953907
3 0 2 3  0.0000000004
3 0 4 3  0.0000000001
3 1 1 3  0.2082953907
3 1 3 3  0.0000000004
3 1 5 3  0.0000000001
3 2 0 3  0.0000000004
3 2 2 3  0.2191842273
3 2 6 3  -0.0000000001
3 3 1 3  0.0000000004
3 3 3 3  0.2191842273
3 3 7 3  -0.0000000001
3 4 0 3  0.0000000001
3 4 4 3  0.2210063502
3 4 6 3  -0.0000000003
3 5 1 3  0.0000000001
3 5 5 3  0.2210063502
3 5 7 3  -0.0000000003
3 6 2 3  -0.0000000001
3 6 4 3  -0.0000000003
3 6 6 3  0.2147017966
3 7 3 3  -0.0000000001
3 7 5 3  -0.0000000003
3 7 7 3  0.2147017966
3 0 2 5  -0.0000000006
3 0 4 5  -0.0000000012
3 0 6 5  -0.0877265061
3 1 3 5  -0.0000000006
3 1 5 5  -0.0000000012
3 1 7 5  -0.0877265061
3 2 0 5  -0.0000000006
3 2 4 5  0.1156849560
3 2 6 5  -0.0000000015
3 3 1 5  -0.0000000006
3 3 5 5  0.1156849560
3 3 7 5  -0.0000000015
3 4 0 5  -0.0000000012
3 4 2 5  0.1156849560
3 4 6 5  -0.0000000005
3 5 1 5  -0.0000000012
3 5 3 5  0.1156849560
3 5 7 5  -0.0000000005
3 6 0 5  -0.0877265061
3 6 2 5  -0.0000000015
3 6 4 5  -0.0000000005
3 7 1 5  -0.0877265061
3 7 3 5  -0.0000000015
3 7 5 5  -0.0000000005
3 0 4 7  -0.0136405619
3 0 6 7  0.0000000016
3 1 5 7  -0.0136405619
3 1 7 7  0.0000000016
3 2 2 7  -0.0000000001
3 2 4 7  -0.0000000015
3 2 6 7  0.0153025289
3 3 3 7  -0.0000000001
3 3 5 7  -0.0000000015
3 3 7 7  0.0153025289
3 4 0 7  -0.0136405619
3 4 2 7  -0.0000000015
3 4 4 7  -0.0000000001
3 5 1 7  -0.0136405619
3 5 3 7  -0.0000000015
3 5 5 7  -0.0000000001
3 6 0 7  0.0000000016
3 6 2 7  0.0153025289
3 6 6 7  -0.0000000001
3 7 1 7  0.0000000016
3 7 3 7  0.0153025289
3 7 7 7  -0.0000000001
4 0 0 0  0.0000000004
4 0 4 0  0.0121831543
4 0 6 0  0.0000000011
4 1 1 0  0.0000000004
4 1 5 0  0.0121831543
4 1 7 0  0.0000000011
4 2 2 0  0.0000000001
4 2 4 0  -0.0000000012
4 2 6 0  -0.0136405619
4 3 3 0  0.0000000001
4 3 5 0  -0.0000000012
4 3 7 0  -0.0136405619
4 4 0 0  0.0121831543
4 4 2 0  -0.0000000012
4 4 4 0  0.0000000001
4 5 1 0  0.0121831543
4 5 3 0  -0.0000000012
4 5 5 0  0.0000000001
4 6 0 0  0.0000000011
4 6 2 0  -0.0136405619
4 6 6 0  0.0000000004
4 7 1 0  0.0000000011
4 7 3 0  -0.0136405619
4 7 7 0  0.0000000004
4 0 2 2  -0.0000000006
4 0 4 2  -0.0000000012
4 0 6 2  -0.0877265061
4 1 3 2  -0.0000000006
4 1 5 2  -0.0000000012
4 1 7 2  -0.0877265061
4 2 0 2  -0.0000000006
4 2 4 2  0.1156849560
4 2 6 2  -0.0000000015
4 3 1 2  -0.0000000006
4 3 5 2  0.1156849560
4 3 7 2  -0.0000000015
4 4 0 2  -0.0000000012
4 4 2 2  0.1156849560
4 4 6 2  -0.0000000005
4 5 1 2  -0.0000000012
4 5 3 2  0.1156849560
4 5 7 2  -0.0000000005
4 6 0 2  -0.0877265061
4 6 2 2  -0.0000000015
4 6 4 2  -0.0000000005
4 7 1 2  -0.0877265061
4 7 3 2  -0.0000000015
4 7 5 2  -0.0000000005
4 0 0 4  0.2079956312
4 0 2 4  -0.0000000005
4 0 4 4  0.0000000001
4 1 1 4  0.2079956312
4 1 3 4  -0.0000000005
4 1 5 4  0.0000000001
4 2 0 4  -0.0000000005
4 2 2 4  0.2210063502
4 2 6 4  -0.0000000001
4 3 1 4  -0.0000000005
4 3 3 4  0.2210063502
4 3 7 4  -0.0000000001
4 4 0 4  0.0000000001
4 4 4 4  0.2230287923
4 4 6 4  0.0000000006
4 5 1 4  0.0000000001
4 5 5 4  0.2230287923
4 5 7 4  0.0000000006
4 6 2 4  -0.0000000001
4 6 4 4  0.0000000006
4 6 6 4  0.2151329921
4 7 3 4  -0.0000000001
4 7 5 4  0.0000000006
4 7 7 4  0.2151329921
4 0 0 6  0.0000000007
4 0 2 6  -0.0161343107
4 0 6 6  0.0000000004
4 1 1 6  0.0000000007
4 1 3 6  -0.0161343107
4 1 7 6  0.0000000004
4 2 0 6  -0.0161343107
4 2 2 6  -0.0000000003
4 2 4 6  -0.0000000005
4 3 1 6  -0.0161343107
4 3 3 6  -0.0000000003
4 3 5 6  -0.0000000005
4 4 2 6  -0.0000000005
4 4 4 6  0.0000000006
4 4 6 6  0.0171411374
4 5 3 6  -0.0000000005
4 5 5 6  0.0000000006
4 5 7 6  0.0171411374
4 6 0 6  0.0000000004
4 6 4 6  0.0171411374
4 6 6 6  0.0000000002
4 7 1 6  0.0000000004
4 7 5 6  0.0171411374
4 7 7 6  0.0000000002
5 0 0 1  0.0000000004
5 0 4 1  0.0121831543
5 0 6 1  0.0000000011
5 1 1 1  0.0000000004
5 1 5 1  0.0121831543
5 1 7 1  0.0000000011
5 2 2 1  0.0000000001
5 2 4 1  -0.0000000012
5 2 6 1  -0.0136405619
5 3 3 1  0.0000000001
5 3 5 1  -0.0000000012
5 3 7 1  -0.0136405619
5 4 0 1  0.0121831543
5 4 2 1  -0.0000000012
5 4 4 1  0.0000000001
5 5 1 1  0.0121831543
5 5 3 1  -0.0000000012
5 5 5 1  0.0000000001
5 6 0 1  0.0000000011
5 6 2 1  -0.0136405619
5 6 6 1  0.0000000004
5 7 1 1  0.0000000011
5 7 3 1  -0.0136405619
5 7 7 1  0.0000000004
5 0 2 3  -0.0000000006
5 0 4 3  -0.0000000012
5 0 6 3  -0.0877265061
5 1 3 3  -0.0000000006
5 1 5 3  -0.0000000012
5 1 7 3  -0.0877265061
5 2 0 3  -0.0000000006
5 2 4 3  0.1156849560
5 2 6 3  -0.0000000015
5 3 1 3  -0.0000000006
5 3 5 3  0.1156849560
5 3 7 3  -0.0000000015
5 4 0 3  -0.0000000012
5 4 2 3  0.1156849560
5 4 6 3  -0.0000000005
5 5 1 3  -0.0000000012
5 5 3 3  0.1156849560
5 5 7 3  -0.0000000005
5 6 0 3  -0.0877265061
5 6 2 3  -0.0000000015
5 6 4 3  -0.0000000005
5 7 1 3  -0.0877265061
5 7 3 3  -0.0000000015
5 7 5 3  -0.0000000005
5 0 0 5  0.2079956312
5 0 2 5  -0.0000000005
5 0 4 5  0.0000000001
5 1 1 5  0.2079956312
5 1 3 5  -0.0000000005
5 1 5 5  0.0000000001
5 2 0 5  -0.0000000005
5 2 2 5  0.2210063502
5 2 6 5  -0.0000000001
5 3 1 5  -0.0000000005
5 3 3 5  0.2210063502
5 3 7 5  -0.0000000001
5 4 0 5  0.0000000001
5 4 4 5  0.2230287923
5 4 6 5  0.0000000006
5 5 1 5  0.0000000001
5 5 5 5  0.2230287923
5 5 7 5  0.0000000006
5 6 2 5  -0.0000000001
5 6 4 5  0.0000000006
5 6 6 5  0.2151329921
5 7 3 5  -0.0000000001
5 7 5 5  0.0000000006
5 7 7 5  0.2151329921
5 0 0 7  0.0000000007
5 0 2 7  -0.0161343107
5 0 6 7  0.0000000004
5 1 1 7  0.0000000007
5 1 3 7  -0.0161343107
5 1 7 7  0.0000000004
5 2 0 7  -0.0161343107
5 2 2 7  -0.0000000003
5 2 4 7  -0.0000000005
5 3 1 7  -0.0161343107
5 3 3 7  -0.0000000003
5 3 5 7  -0.0000000005
5 4 2 7  -0.0000000005
5 4 4 7  0.0000000006
5 4 6 7  0.0171411374
5 5 3 7  -0.0000000005
5 5 5 7  0.0000000006
5 5 7 7  0.0171411374
5 6 0 7  0.0000000004
5 6 4 7  0.0171411374
5 6 6 7  0.0000000002
5 7 1 7  0.0000000004
5 7 5 7  0.0171411374
5 7 7 7  0.0000000002
6 0 2 0  0.0000000006
6 0 4 0  0.0000000011
6 0 6 0  0.1030302213
6 1 3 0  0.0000000006
6 1 5 0  0.0000000011
6 1 7 0  0.1030302213
6 2 0 0  0.0000000006
6 2 4 0  -0.0877265061
6 2 6 0  0.0000000016
6 3 1 0  0.0000000006
6 3 5 0  -0.0877265061
6 3 7 0  0.0000000016
6 4 0 0  0.0000000011
6 4 2 0  -0.0877265061
6 4 6 0  0.0000000004
6 5 1 0  0.0000000011
6 5 3 0  -0.0877265061
6 5 7 0  0.0000000004
6 6 0 0  0.1030302213
6 6 2 0  0.0000000016
6 6 4 0  0.0000000004
6 7 1 0  0.1030302213
6 7 3 0  0.0000000016
6 7 5 0  0.0000000004
6 0 4 2  -0.0136405619
6 0 6 2  0.0000000016
6 1 5 2  -0.0136405619
6 1 7 2  0.0000000016
6 2 2 2  -0.0000000001
6 2 4 2  -0.0000000015
6 2 6 2  0.0153025289
6 3 3 2  -0.0000000001
6 3 5 2  -0.0000000015
6 3 7 2  0.0153025289
6 4 0 2  -0.0136405619
6 4 2 2  -0.0000000015
6 4 4 2  -0.0000000001
6 5 1 2  -0.0136405619
6 5 3 2  -0.0000000015
6 5 5 2  -0.0000000001
6 6 0 2  0.0000000016
6 6 2 2  0.0153025289
6 6 6 2  -0.0000000001
6 7 1 2  0.0000000016
6 7 3 2  0.0153025289
6 7 7 2  -0.0000000001
6 0 0 4  0.0000000007
6 0 2 4  -0.0161343107
6 0 6 4  0.0000000004
6 1 1 4  0.0000000007
6 1 3 4  -0.0161343107
6 1 7 4  0.0000000004
6 2 0 4  -0.0161343107
6 2 2 4  -0.0000000003
6 2 4 4  -0.0000000005
6 3 1 4  -0.0161343107
6 3 3 4  -0.0000000003
6 3 5 4  -0.0000000005
6 4 2 4  -0.0000000005
6 4 4 4  0.0000000006
6 4 6 4  0.0171411374
6 5 3 4  -0.0000000005
6 5 5 4  0.0000000006
6 5 7 4  0.0171411374
6 6 0 4  0.0000000004
6 6 4 4  0.0171411374
6 6 6 4  0.0000000002
6 7 1 4  0.0000000004
6 7 5 4  0.0171411374
6 7 7 4  0.0000000002
6 0 0 6  0.2540135269
6 0 2 6  0.0000000007
6 0 4 6  0.0000000004
6 1 1 6  0.2540135269
6 1 3 6  0.0000000007
6 1 5 6  0.0000000004
6 2 0 6  0.0000000007
6 2 2 6  0.2147017966
6 2 6 6  -0.0000000001
6 3 1 6  0.0000000007
6 3 3 6  0.2147017966
6 3 7 6  -0.0000000001
6 4 0 6  0.0000000004
6 4 4 6  0.2151329921
6 4 6 6  0.0000000002
6 5 1 6  0.0000000004
6 5 5 6  0.2151329921
6 5 7 6  0.0000000002
6 6 2 6  -0.0000000001
6 6 4 6  0.0000000002
6 6 6 6  0.2591392479
6 7 3 6  -0.0000000001
6 7 5 6  0.0000000002
6 7 7 6  0.2591392479
7 0 2 1  0.0000000006
7 0 4 1  0.0000000011
7 0 6 1  0.1030302213
7 1 3 1  0.0000000006
7 1 5 1  0.0000000011
7 1 7 1  0.1030302213
7 2 0 1  0.0000000006
7 2 4 1  -0.0877265061
7 2 6 1  0.0000000016
7 3 1 1  0.0000000006
7 3 5 1  -0.0877265061
7 3 7 1  0.0000000016
7 4 0 1  0.0000000011
7 4 2 1  -0.0877265061
7 4 6 1  0.0000000004
7 5 1 1  0.0000000011
7 5 3 1  -0.0877265061
7 5 7 1  0.0000000004
7 6 0 1  0.1030302213
7 6 2 1  0.0000000016
7 6 4 1  0.0000000004
7 7 1 1  0.1030302213
7 7 3 1  0.0000000016
7 7 5 1  0.0000000004
7 0 4 3  -0.0136405619
7 0 6 3  0.0000000016
7 1 5 3  -0.0136405619
7 1 7 3  0.0000000016
7 2 2 3  -0.0000000001
7 2 4 3  -0.0000000015
7 2 6 3  0.0153025289
7 3 3 3  -0.0000000001
7 3 5 3  -0.0000000015
7 3 7 3  0.0153025289
7 4 0 3  -0.0136405619
7 4 2 3  -0.0000000015
7 4 4 3  -0.0000000001
7 5 1 3  -0.0136405619
7 5 3 3  -0.0000000015
7 5 5 3  -0.0000000001
7 6 0 3  0.0000000016
7 6 2 3  0.0153025289
7 6 6 3  -0.0000000001
7 7 1 3  0.0000000016
7 7 3 3  0.0153025289
7 7 7 3  -0.0000000001
7 0 0 5  0.0000000007
7 0 2 5  -0.0161343107
7 0 6 5  0.0000000004
7 1 1 5  0.0000000007
7 1 3 5  -0.0161343107
7 1 7 5  0.0000000004
7 2 0 5  -0.0161343107
7 2 2 5  -0.0000000003
7 2 4 5  -0.0000000005
7 3 1 5  -0.0161343107
7 3 3 5  -0.0000000003
7 3 5 5  -0.0000000005
7 4 2 5  -0.0000000005
7 4 4 5  0.0000000006
7 4 6 5  0.0171411374
7 5 3 5  -0.0000000005
7 5 5 5  0.0000000006
7 5 7 5  0.0171411374
7 6 0 5  0.0000000004
7 6 4 5  0.0171411374
7 6 6 5  0.0000000002
7 7 1 5  0.0000000004
7 7 5 5  0.0171411374
7 7 7 5  0.0000000002
7 0 0 7  0.2540135269
7 0 2 7  0.0000000007
7 0 4 7  0.0000000004
7 1 1 7  0.2540135269
7 1 3 7  0.0000000007
7 1 5 7  0.0000000004
7 2 0 7  0.0000000007
7 2 2 7  0.2147017966
7 2 6 7  -0.0000000001
7 3 1 7  0.0000000007
7 3 3 7  0.2147017966
7 3 7 7  -0.0000000001
7 4 0 7  0.0000000004
7 4 4 7  0.2151329921
7 4 6 7  0.0000000002
7 5 1 7  0.0000000004
7 5 5 7  0.2151329921
7 5 7 7  0.0000000002
7 6 2 7  -0.0000000001
7 6 4 7  0.0000000002
7 6 6 7  0.2591392479
7 7 3 7  -0.0000000001
7 7 5 7  0.0000000002
7 7 7 7  0.2591392479

 E(Ref) = -77.3440704712 Hartree, <S**2> = 0.0000
 E(FCI) = -77.6583071824 Hartree, <S**2> = -0.0000
