-74.07183641325719
0 0  -1.4748742878
0 2  -0.0000000062
0 4  0.0000000011
0 6  0.0000000002
1 1  -1.4748742878
1 3  -0.0000000062
1 5  0.0000000011
1 7  0.0000000002
2 0  -0.0000000062
2 2  -1.2841872747
2 4  -0.0000000002
2 6  -0.0000000014
3 1  -0.0000000062
3 3  -1.2841872747
3 5  -0.0000000002
3 7  -0.0000000014
4 0  0.0000000011
4 2  -0.0000000002
4 4  -1.2744982479
4 6  0.0000000044
5 1  0.0000000011
5 3  -0.0000000002
5 5  -1.2744982479
5 7  0.0000000044
6 0  0.0000000002
6 2  -0.0000000014
6 4  0.0000000044
6 6  -1.4030715323
7 1  0.0000000002
7 3  -0.0000000014
7 5  0.0000000044
7 7  -1.4030715323
0 0 0 0  0.2340653436
0 0 2 0  0.0000000003
0 1 1 0  0.2340653436
0 1 3 0  0.0000000003
0 2 0 0  0.0000000003
0 2 2 0  0.1970567828
0 2 6 0  0.0000000001
0 3 1 0  0.0000000003
0 3 3 0  0.1970567828
0 3 7 0  0.0000000001
0 4 4 0  0.1972041726
0 4 6 0  -0.0000000002
0 5 5 0  0.1972041726
0 5 7 0  -0.0000000002
0 6 2 0  0.0000000001
0 6 4 0  -0.0000000002
0 6 6 0  0.2363621822
0 7 3 0  0.0000000001
0 7 5 0  -0.0000000002
0 7 7 0  0.2363621822
0 0 0 2  0.0000000003
0 0 2 2  0.0146941657
0 0 6 2  0.0000000002
0 1 1 2  0.0000000003
0 1 3 2  0.0146941657
0 1 7 2  0.0000000002
0 2 0 2  0.0146941657
0 2 2 2  0.0000000006
0 2 4 2  -0.0000000005
0 3 1 2  0.0146941657
0 3 3 2  0.0000000006
0 3 5 2  -0.0000000005
0 4 2 2  -0.0000000005
0 4 4 2  0.0000000004
0 4 6 2  -0.0151893107
0 5 3 2  -0.0000000005
0 5 5 2  0.0000000004
0 5 7 2  -0.0151893107
0 6 0 2  0.0000000002
0 6 4 2  -0.0151893107
0 6 6 2  0.0000000004
0 7 1 2  0.0000000002
0 7 5 2  -0.0151893107
0 7 7 2  0.0000000004
0 0 4 4  0.0132261035
0 0 6 4  0.0000000007
0 1 5 4  0.0132261035
0 1 7 4  0.0000000007
0 2 2 4  -0.0000000003
0 2 4 4  -0.0000000004
0 2 6 4  -0.0139257692
0 3 3 4  -0.0000000003
0 3 5 4  -0.0000000004
0 3 7 4  -0.0139257692
0 4 0 4  0.0132261035
0 4 2 4  -0.0000000004
0 4 4 4  -0.0000000003
0 5 1 4  0.0132261035
0 5 3 4  -0.0000000004
0 5 5 4  -0.0000000003
0 6 0 4  0.0000000007
0 6 2 4  -0.0139257692
0 7 1 4  0.0000000007
0 7 3 4  -0.0139257692
0 0 2 6  0.0000000002
0 0 4 6  0.0000000007
0 0 6 6  0.1171617088
0 1 3 6  0.0000000002
0 1 5 6  0.0000000007
0 1 7 6  0.1171617088
0 2 0 6  0.0000000002
0 2 4 6  -0.0980182788
0 2 6 6  0.0000000005
0 3 1 6  0.0000000002
0 3 5 6  -0.0980182788
0 3 7 6  0.0000000005
0 4 0 6  0.0000000007
0 4 2 6  -0.0980182788
0 4 6 6  0.0000000003
0 5 1 6  0.0000000007
0 5 3 6  -0.0980182788
0 5 7 6  0.0000000003
0 6 0 6  0.1171617088
0 6 2 6  0.0000000005
0 6 4 6  0.0000000003
0 7 1 6  0.1171617088
0 7 3 6  0.0000000005
0 7 5 6  0.0000000003
1 0 0 1  0.2340653436
1 0 2 1  0.0000000003
1 1 1 1  0.2340653436
1 1 3 1  0.0000000003
1 2 0 1  0.0000000003
1 2 2 1  0.1970567828
1 2 6 1  0.0000000001
1 3 1 1  0.0000000003
1 3 3 1  0.1970567828
1 3 7 1  0.0000000001
1 4 4 1  0.1972041726
1 4 6 1  -0.0000000002
1 5 5 1  0.1972041726
1 5 7 1  -0.0000000002
1 6 2 1  0.0000000001
1 6 4 1  -0.0000000002
1 6 6 1  0.2363621822
1 7 3 1  0.0000000001
1 7 5 1  -0.0000000002
1 7 7 1  0.2363621822
1 0 0 3  0.0000000003
1 0 2 3  0.0146941657
1 0 6 3  0.0000000002
1 1 1 3  0.0000000003
1 1 3 3  0.0146941657
1 1 7 3  0.0000000002
1 2 0 3  0.0146941657
1 2 2 3  0.0000000006
1 2 4 3  -0.0000000005
1 3 1 3  0.0146941657
1 3 3 3  0.0000000006
1 3 5 3  -0.0000000005
1 4 2 3  -0.0000000005
1 4 4 3  0.0000000004
1 4 6 3  -0.0151893107
1 5 3 3  -0.0000000005
1 5 5 3  0.0000000004
1 5 7 3  -0.0151893107
1 6 0 3  0.0000000002
1 6 4 3  -0.0151893107
1 6 6 3  0.0000000004
1 7 1 3  0.0000000002
1 7 5 3  -0.0151893107
1 7 7 3  0.0000000004
1 0 4 5  0.0132261035
1 0 6 5  0.0000000007
1 1 5 5  0.0132261035
1 1 7 5  0.0000000007
1 2 2 5  -0.0000000003
1 2 4 5  -0.0000000004
1 2 6 5  -0.0139257692
1 3 3 5  -0.0000000003
1 3 5 5  -0.0000000004
1 3 7 5  -0.0139257692
1 4 0 5  0.0132261035
1 4 2 5  -0.0000000004
1 4 4 5  -0.0000000003
1 5 1 5  0.0132261035
1 5 3 5  -0.0000000004
1 5 5 5  -0.0000000003
1 6 0 5  0.0000000007
1 6 2 5  -0.0139257692
1 7 1 5  0.0000000007
1 7 3 5  -0.0139257692
1 0 2 7  0.0000000002
1 0 4 7  0.0000000007
1 0 6 7  0.1171617088
1 1 3 7  0.0000000002
1 1 5 7  0.0000000007
1 1 7 7  0.1171617088
1 2 0 7  0.0000000002
1 2 4 7  -0.0980182788
1 2 6 7  0.0000000005
1 3 1 7  0.0000000002
1 3 5 7  -0.0980182788
1 3 7 7  0.0000000005
1 4 0 7  0.0000000007
1 4 2 7  -0.0980182788
1 4 6 7  0.0000000003
1 5 1 7  0.0000000007
1 5 3 7  -0.0980182788
1 5 7 7  0.0000000003
1 6 0 7  0.1171617088
1 6 2 7  0.0000000005
1 6 4 7  0.0000000003
1 7 1 7  0.1171617088
1 7 3 7  0.0000000005
1 7 5 7  0.0000000003
2 0 0 0  0.0000000003
2 0 2 0  0.0146941657
2 0 6 0  0.0000000002
2 1 1 0  0.0000000003
2 1 3 0  0.0146941657
2 1 7 0  0.0000000002
2 2 0 0  0.0146941657
2 2 2 0  0.0000000006
2 2 4 0  -0.0000000005
2 3 1 0  0.0146941657
2 3 3 0  0.0000000006
2 3 5 0  -0.0000000005
2 4 2 0  -0.0000000005
2 4 4 0  0.0000000004
2 4 6 0  -0.0151893107
2 5 3 0  -0.0000000005
2 5 5 0  0.0000000004
2 5 7 0  -0.0151893107
2 6 0 0  0.0000000002
2 6 4 0  -0.0151893107
2 6 6 0  0.0000000004
2 7 1 0  0.0000000002
2 7 5 0  -0.0151893107
2 7 7 0  0.0000000004
2 0 0 2  0.1970567828
2 0 2 2  0.0000000006
2 0 4 2  -0.0000000003
2 1 1 2  0.1970567828
2 1 3 2  0.0000000006
2 1 5 2  -0.0000000003
2 2 0 2  0.0000000006
2 2 2 2  0.2117090758
2 2 6 2  0.0000000003
2 3 1 2  0.0000000006
2 3 3 2  0.2117090758
2 3 7 2  0.0000000003
2 4 0 2  -0.0000000003
2 4 4 2  0.2125002013
2 4 6 2  -0.0000000009
2 5 1 2  -0.0000000003
2 5 5 2  0.2125002013
2 5 7 2  -0.0000000009
2 6 2 2  0.0000000003
2 6 4 2  -0.0000000009
2 6 6 2  0.2010695716
2 7 3 2  0.0000000003
2 7 5 2  -0.0000000009
2 7 7 2  0.2010695716
2 0 2 4  -0.0000000005
2 0 4 4  -0.0000000004
2 0 6 4  -0.0980182788
2 1 3 4  -0.0000000005
2 1 5 4  -0.0000000004
2 1 7 4  -0.0980182788
2 2 0 4  -0.0000000005
2 2 4 4  0.1241178317
2 2 6 4  -0.0000000009
2 3 1 4  -0.0000000005
2 3 5 4  0.1241178317
2 3 7 4  -0.0000000009
2 4 0 4  -0.0000000004
2 4 2 4  0.1241178317
2 5 1 4  -0.0000000004
2 5 3 4  0.1241178317
2 6 0 4  -0.0980182788
2 6 2 4  -0.0000000009
2 7 1 4  -0.0980182788
2 7 3 4  -0.0000000009
2 0 0 6  0.0000000001
2 0 4 6  -0.0139257692
2 0 6 6  0.0000000005
2 1 1 6  0.0000000001
2 1 5 6  -0.0139257692
2 1 7 6  0.0000000005
2 2 2 6  0.0000000003
2 2 4 6  -0.0000000009
2 2 6 6  0.0146680046
2 3 3 6  0.0000000003
2 3 5 6  -0.0000000009
2 3 7 6  0.0146680046
2 4 0 6  -0.0139257692
2 4 2 6  -0.0000000009
2 4 4 6  0.0000000002
2 5 1 6  -0.0139257692
2 5 3 6  -0.0000000009
2 5 5 6  0.0000000002
2 6 0 6  0.0000000005
2 6 2 6  0.0146680046
2 7 1 6  0.0000000005
2 7 3 6  0.0146680046
3 0 0 1  0.0000000003
3 0 2 1  0.0146941657
3 0 6 1  0.0000000002
3 1 1 1  0.0000000003
3 1 3 1  0.0146941657
3 1 7 1  0.0000000002
3 2 0 1  0.0146941657
3 2 2 1  0.0000000006
3 2 4 1  -0.0000000005
3 3 1 1  0.0146941657
3 3 3 1  0.0000000006
3 3 5 1  -0.0000000005
3 4 2 1  -0.0000000005
3 4 4 1  0.0000000004
3 4 6 1  -0.0151893107
3 5 3 1  -0.0000000005
3 5 5 1  0.0000000004
3 5 7 1  -0.0151893107
3 6 0 1  0.0000000002
3 6 4 1  -0.0151893107
3 6 6 1  0.0000000004
3 7 1 1  0.0000000002
3 7 5 1  -0.0151893107
3 7 7 1  0.0000000004
3 0 0 3  0.1970567828
3 0 2 3  0.0000000006
3 0 4 3  -0.0000000003
3 1 1 3  0.1970567828
3 1 3 3  0.0000000006
3 1 5 3  -0.0000000003
3 2 0 3  0.0000000006
3 2 2 3  0.2117090758
3 2 6 3  0.0000000003
3 3 1 3  0.0000000006
3 3 3 3  0.2117090758
3 3 7 3  0.0000000003
3 4 0 3  -0.0000000003
3 4 4 3  0.2125002013
3 4 6 3  -0.0000000009
3 5 1 3  -0.0000000003
3 5 5 3  0.2125002013
3 5 7 3  -0.0000000009
3 6 2 3  0.0000000003
3 6 4 3  -0.0000000009
3 6 6 3  0.2010695716
3 7 3 3  0.0000000003
3 7 5 3  -0.0000000009
3 7 7 3  0.2010695716
3 0 2 5  -0.0000000005
3 0 4 5  -0.0000000004
3 0 6 5  -0.0980182788
3 1 3 5  -0.0000000005
3 1 5 5  -0.0000000004
3 1 7 5  -0.0980182788
3 2 0 5  -0.0000000005
3 2 4 5  0.1241178317
3 2 6 5  -0.0000000009
3 3 1 5  -0.0000000005
3 3 5 5  0.1241178317
3 3 7 5  -0.0000000009
3 4 0 5  -0.0000000004
3 4 2 5  0.1241178317
3 5 1 5  -0.0000000004
3 5 3 5  0.1241178317
3 6 0 5  -0.0980182788
3 6 2 5  -0.0000000009
3 7 1 5  -0.0980182788
3 7 3 5  -0.0000000009
3 0 0 7  0.0000000001
3 0 4 7  -0.0139257692
3 0 6 7  0.0000000005
3 1 1 7  0.0000000001
3 1 5 7  -0.0139257692
3 1 7 7  0.0000000005
3 2 2 7  0.0000000003
3 2 4 7  -0.0000000009
3 2 6 7  0.0146680046
3 3 3 7  0.0000000003
3 3 5 7  -0.0000000009
3 3 7 7  0.0146680046
3 4 0 7  -0.0139257692
3 4 2 7  -0.0000000009
3 4 4 7  0.0000000002
3 5 1 7  -0.0139257692
3 5 3 7  -0.0000000009
3 5 5 7  0.0000000002
3 6 0 7  0.0000000005
3 6 2 7  0.0146680046
3 7 1 7  0.0000000005
3 7 3 7  0.0146680046
4 0 4 0  0.0132261035
4 0 6 0  0.0000000007
4 1 5 0  0.0132261035
4 1 7 0  0.0000000007
4 2 2 0  -0.0000000003
4 2 4 0  -0.0000000004
4 2 6 0  -0.0139257692
4 3 3 0  -0.0000000003
4 3 5 0  -0.0000000004
4 3 7 0  -0.0139257692
4 4 0 0  0.0132261035
4 4 2 0  -0.0000000004
4 4 4 0  -0.0000000003
4 5 1 0  0.0132261035
4 5 3 0  -0.0000000004
4 5 5 0  -0.0000000003
4 6 0 0  0.0000000007
4 6 2 0  -0.0139257692
4 7 1 0  0.0000000007
4 7 3 0  -0.0139257692
4 0 2 2  -0.0000000005
4 0 4 2  -0.0000000004
4 0 6 2  -0.0980182788
4 1 3 2  -0.0000000005
4 1 5 2  -0.0000000004
4 1 7 2  -0.0980182788
4 2 0 2  -0.0000000005
4 2 4 2  0.1241178317
4 2 6 2  -0.0000000009
4 3 1 2  -0.0000000005
4 3 5 2  0.1241178317
4 3 7 2  -0.0000000009
4 4 0 2  -0.0000000004
4 4 2 2  0.1241178317
4 5 1 2  -0.0000000004
4 5 3 2  0.1241178317
4 6 0 2  -0.0980182788
4 6 2 2  -0.0000000009
4 7 1 2  -0.0980182788
4 7 3 2  -0.0000000009
4 0 0 4  0.1972041726
4 0 2 4  0.0000000004
4 0 4 4  -0.0000000003
4 1 1 4  0.1972041726
4 1 3 4  0.0000000004
4 1 5 4  -0.0000000003
4 2 0 4  0.0000000004
4 2 2 4  0.2125002013
4 2 6 4  0.0000000002
4 3 1 4  0.0000000004
4 3 3 4  0.2125002013
4 3 7 4  0.0000000002
4 4 0 4  -0.0000000003
4 4 4 4  0.2133149389
4 4 6 4  -0.0000000006
4 5 1 4  -0.0000000003
4 5 5 4  0.2133149389
4 5 7 4  -0.0000000006
4 6 2 4  0.0000000002
4 6 4 4  -0.0000000006
4 6 6 4  0.2013416291
4 7 3 4  0.0000000002
4 7 5 4  -0.0000000006
4 7 7 4  0.2013416291
4 0 0 6  -0.0000000002
4 0 2 6  -0.0151893107
4 0 6 6  0.0000000003
4 1 1 6  -0.0000000002
4 1 3 6  -0.0151893107
4 1 7 6  0.0000000003
4 2 0 6  -0.0151893107
4 2 2 6  -0.0000000009
4 3 1 6  -0.0151893107
4 3 3 6  -0.0000000009
4 4 4 6  -0.0000000006
4 4 6 6  0.0157597706
4 5 5 6  -0.0000000006
4 5 7 6  0.0157597706
4 6 0 6  0.0000000003
4 6 4 6  0.0157597706
4 6 6 6  -0.0000000004
4 7 1 6  0.0000000003
4 7 5 6  0.0157597706
4 7 7 6  -0.0000000004
5 0 4 1  0.0132261035
5 0 6 1  0.0000000007
5 1 5 1  0.0132261035
5 1 7 1  0.0000000007
5 2 2 1  -0.0000000003
5 2 4 1  -0.0000000004
5 2 6 1  -0.0139257692
5 3 3 1  -0.0000000003
5 3 5 1  -0.0000000004
5 3 7 1  -0.0139257692
5 4 0 1  0.0132261035
5 4 2 1  -0.0000000004
5 4 4 1  -0.0000000003
5 5 1 1  0.0132261035
5 5 3 1  -0.0000000004
5 5 5 1  -0.0000000003
5 6 0 1  0.0000000007
5 6 2 1  -0.0139257692
5 7 1 1  0.0000000007
5 7 3 1  -0.0139257692
5 0 2 3  -0.0000000005
5 0 4 3  -0.0000000004
5 0 6 3  -0.0980182788
5 1 3 3  -0.0000000005
5 1 5 3  -0.0000000004
5 1 7 3  -0.0980182788
5 2 0 3  -0.0000000005
5 2 4 3  0.1241178317
5 2 6 3  -0.0000000009
5 3 1 3  -0.0000000005
5 3 5 3  0.1241178317
5 3 7 3  -0.0000000009
5 4 0 3  -0.0000000004
5 4 2 3  0.1241178317
5 5 1 3  -0.0000000004
5 5 3 3  0.1241178317
5 6 0 3  -0.0980182788
5 6 2 3  -0.0000000009
5 7 1 3  -0.0980182788
5 7 3 3  -0.0000000009
5 0 0 5  0.1972041726
5 0 2 5  0.0000000004
5 0 4 5  -0.0000000003
5 1 1 5  0.1972041726
5 1 3 5  0.0000000004
5 1 5 5  -0.0000000003
5 2 0 5  0.0000000004
5 2 2 5  0.2125002013
5 2 6 5  0.0000000002
5 3 1 5  0.0000000004
5 3 3 5  0.2125002013
5 3 7 5  0.0000000002
5 4 0 5  -0.0000000003
5 4 4 5  0.2133149389
5 4 6 5  -0.0000000006
5 5 1 5  -0.0000000003
5 5 5 5  0.2133149389
5 5 7 5  -0.0000000006
5 6 2 5  0.0000000002
5 6 4 5  -0.0000000006
5 6 6 5  0.2013416291
5 7 3 5  0.0000000002
5 7 5 5  -0.0000000006
5 7 7 5  0.2013416291
5 0 0 7  -0.0000000002
5 0 2 7  -0.0151893107
5 0 6 7  0.0000000003
5 1 1 7  -0.0000000002
5 1 3 7  -0.0151893107
5 1 7 7  0.0000000003
5 2 0 7  -0.0151893107
5 2 2 7  -0.0000000009
5 3 1 7  -0.0151893107
5 3 3 7  -0.0000000009
5 4 4 7  -0.0000000006
5 4 6 7  0.0157597706
5 5 5 7  -0.0000000006
5 5 7 7  0.0157597706
5 6 0 7  0.0000000003
5 6 4 7  0.0157597706
5 6 6 7  -0.0000000004
5 7 1 7  0.0000000003
5 7 5 7  0.0157597706
5 7 7 7  -0.0000000004
6 0 2 0  0.0000000002
6 0 4 0  0.0000000007
6 0 6 0  0.1171617088
6 1 3 0  0.0000000002
6 1 5 0  0.0000000007
6 1 7 0  0.1171617088
6 2 0 0  0.0000000002
6 2 4 0  -0.0980182788
6 2 6 0  0.0000000005
6 3 1 0  0.0000000002
6 3 5 0  -0.0980182788
6 3 7 0  0.0000000005
6 4 0 0  0.0000000007
6 4 2 0  -0.0980182788
6 4 6 0  0.0000000003
6 5 1 0  0.0000000007
6 5 3 0  -0.0980182788
6 5 7 0  0.0000000003
6 6 0 0  0.1171617088
6 6 2 0  0.0000000005
6 6 4 0  0.0000000003
6 7 1 0  0.1171617088
6 7 3 0  0.0000000005
6 7 5 0  0.0000000003
6 0 0 2  0.0000000001
6 0 4 2  -0.0139257692
6 0 6 2  0.0000000005
6 1 1 2  0.0000000001
6 1 5 2  -0.0139257692
6 1 7 2  0.0000000005
6 2 2 2  0.0000000003
6 2 4 2  -0.0000000009
6 2 6 2  0.0146680046
6 3 3 2  0.0000000003
6 3 5 2  -0.0000000009
6 3 7 2  0.0146680046
6 4 0 2  -0.0139257692
6 4 2 2  -0.0000000009
6 4 4 2  0.0000000002
6 5 1 2  -0.0139257692
6 5 3 2  -0.0000000009
6 5 5 2  0.0000000002
6 6 0 2  0.0000000005
6 6 2 2  0.0146680046
6 7 1 2  0.0000000005
6 7 3 2  0.0146680046
6 0 0 4  -0.0000000002
6 0 2 4  -0.0151893107
6 0 6 4  0.0000000003
6 1 1 4  -0.0000000002
6 1 3 4  -0.0151893107
6 1 7 4  0.0000000003
6 2 0 4  -0.0151893107
6 2 2 4  -0.0000000009
6 3 1 4  -0.0151893107
6 3 3 4  -0.0000000009
6 4 4 4  -0.0000000006
6 4 6 4  0.0157597706
6 5 5 4  -0.0000000006
6 5 7 4  0.0157597706
6 6 0 4  0.0000000003
6 6 4 4  0.0157597706
6 6 6 4  -0.0000000004
6 7 1 4  0.0000000003
6 7 5 4  0.0157597706
6 7 7 4  -0.0000000004
6 0 0 6  0.2363621822
6 0 2 6  0.0000000004
6 1 1 6  0.2363621822
6 1 3 6  0.0000000004
6 2 0 6  0.0000000004
6 2 2 6  0.2010695716
6 3 1 6  0.0000000004
6 3 3 6  0.2010695716
6 4 4 6  0.2013416291
6 4 6 6  -0.0000000004
6 5 5 6  0.2013416291
6 5 7 6  -0.0000000004
6 6 4 6  -0.0000000004
6 6 6 6  0.2398773182
6 7 5 6  -0.0000000004
6 7 7 6  0.2398773182
7 0 2 1  0.0000000002
7 0 4 1  0.0000000007
7 0 6 1  0.1171617088
7 1 3 1  0.0000000002
7 1 5 1  0.0000000007
7 1 7 1  0.1171617088
7 2 0 1  0.0000000002
7 2 4 1  -0.0980182788
7 2 6 1  0.0000000005
7 3 1 1  0.0000000002
7 3 5 1  -0.0980182788
7 3 7 1  0.0000000005
7 4 0 1  0.0000000007
7 4 2 1  -0.0980182788
7 4 6 1  0.0000000003
7 5 1 1  0.0000000007
7 5 3 1  -0.0980182788
7 5 7 1  0.0000000003
7 6 0 1  0.1171617088
7 6 2 1  0.0000000005
7 6 4 1  0.0000000003
7 7 1 1  0.1171617088
7 7 3 1  0.0000000005
7 7 5 1  0.0000000003
7 0 0 3  0.0000000001
7 0 4 3  -0.0139257692
7 0 6 3  0.0000000005
7 1 1 3  0.0000000001
7 1 5 3  -0.0139257692
7 1 7 3  0.0000000005
7 2 2 3  0.0000000003
7 2 4 3  -0.0000000009
7 2 6 3  0.0146680046
7 3 3 3  0.0000000003
7 3 5 3  -0.0000000009
7 3 7 3  0.0146680046
7 4 0 3  -0.0139257692
7 4 2 3  -0.0000000009
7 4 4 3  0.0000000002
7 5 1 3  -0.0139257692
7 5 3 3  -0.0000000009
7 5 5 3  0.0000000002
7 6 0 3  0.0000000005
7 6 2 3  0.0146680046
7 7 1 3  0.0000000005
7 7 3 3  0.0146680046
7 0 0 5  -0.0000000002
7 0 2 5  -0.0151893107
7 0 6 5  0.0000000003
7 1 1 5  -0.0000000002
7 1 3 5  -0.0151893107
7 1 7 5  0.0000000003
7 2 0 5  -0.0151893107
7 2 2 5  -0.0000000009
7 3 1 5  -0.0151893107
7 3 3 5  -0.0000000009
7 4 4 5  -0.0000000006
7 4 6 5  0.0157597706
7 5 5 5  -0.0000000006
7 5 7 5  0.0157597706
7 6 0 5  0.0000000003
7 6 4 5  0.0157597706
7 6 6 5  -0.0000000004
7 7 1 5  0.0000000003
7 7 5 5  0.0157597706
7 7 7 5  -0.0000000004
7 0 0 7  0.2363621822
7 0 2 7  0.0000000004
7 1 1 7  0.2363621822
7 1 3 7  0.0000000004
7 2 0 7  0.0000000004
7 2 2 7  0.2010695716
7 3 1 7  0.0000000004
7 3 3 7  0.2010695716
7 4 4 7  0.2013416291
7 4 6 7  -0.0000000004
7 5 5 7  0.2013416291
7 5 7 7  -0.0000000004
7 6 4 7  -0.0000000004
7 6 6 7  0.2398773182
7 7 5 7  -0.0000000004
7 7 7 7  0.2398773182
