 MO Integrals with frozen core/virtual approximation

-72.31055122945638
0 0  -2.4709853392
0 2  0.0000000064
0 4  -0.0000000010
0 6  0.0092148038
1 1  -2.4709853392
1 3  0.0000000064
1 5  -0.0000000010
1 7  0.0092148038
2 0  0.0000000064
2 2  -1.7778563037
2 4  0.0000000002
2 6  0.0000000015
3 1  0.0000000064
3 3  -1.7778563037
3 5  0.0000000002
3 7  0.0000000015
4 0  -0.0000000010
4 2  0.0000000002
4 4  -1.4772788891
4 6  -0.0000000120
5 1  -0.0000000010
5 3  0.0000000002
5 5  -1.4772788891
5 7  -0.0000000120
6 0  0.0092148038
6 2  0.0000000015
6 4  -0.0000000120
6 6  -1.0788701823
7 1  0.0092148038
7 3  0.0000000015
7 5  -0.0000000120
7 7  -1.0788701823
0 0 0 0  0.2745030957
0 0 2 0  0.0000000034
0 0 4 0  -0.0000000002
0 0 6 0  0.0001314107
0 1 1 0  0.2745030957
0 1 3 0  0.0000000034
0 1 5 0  -0.0000000002
0 1 7 0  0.0001314107
0 2 0 0  0.0000000034
0 2 2 0  0.2522223388
0 2 6 0  -0.0000000005
0 3 1 0  0.0000000034
0 3 3 0  0.2522223388
0 3 7 0  -0.0000000005
0 4 0 0  -0.0000000002
0 4 4 0  0.2465442707
0 4 6 0  0.0000000015
0 5 1 0  -0.0000000002
0 5 5 0  0.2465442707
0 5 7 0  0.0000000015
0 6 0 0  0.0001314107
0 6 2 0  -0.0000000005
0 6 4 0  0.0000000015
0 6 6 0  0.2521647038
0 7 1 0  0.0001314107
0 7 3 0  -0.0000000005
0 7 5 0  0.0000000015
0 7 7 0  0.2521647038
0 0 0 2  0.0000000034
0 0 2 2  0.0420644415
0 0 6 2  -0.0000000002
0 1 1 2  0.0000000034
0 1 3 2  0.0420644415
0 1 7 2  -0.0000000002
0 2 0 2  0.0420644415
0 2 2 2  0.0000000009
0 2 4 2  0.0000000002
0 3 1 2  0.0420644415
0 3 3 2  0.0000000009
0 3 5 2  0.0000000002
0 4 2 2  0.0000000002
0 4 4 2  -0.0000000005
0 4 6 2  0.0340811637
0 5 3 2  0.0000000002
0 5 5 2  -0.0000000005
0 5 7 2  0.0340811637
0 6 0 2  -0.0000000002
0 6 4 2  0.0340811637
0 6 6 2  0.0000000036
0 7 1 2  -0.0000000002
0 7 5 2  0.0340811637
0 7 7 2  0.0000000036
0 0 0 4  -0.0000000002
0 0 4 4  0.0207319739
0 0 6 4  0.0000000009
0 1 1 4  -0.0000000002
0 1 5 4  0.0207319739
0 1 7 4  0.0000000009
0 2 2 4  0.0000000001
0 2 4 4  -0.0000000007
0 2 6 4  0.0207098053
0 3 3 4  0.0000000001
0 3 5 4  -0.0000000007
0 3 7 4  0.0207098053
0 4 0 4  0.0207319739
0 4 2 4  -0.0000000007
0 4 4 4  0.0000000004
0 5 1 4  0.0207319739
0 5 3 4  -0.0000000007
0 5 5 4  0.0000000004
0 6 0 4  0.0000000009
0 6 2 4  0.0207098053
0 6 6 4  -0.0000000004
0 7 1 4  0.0000000009
0 7 3 4  0.0207098053
0 7 7 4  -0.0000000004
0 0 0 6  0.0001314107
0 0 2 6  -0.0000000002
0 0 4 6  0.0000000009
0 0 6 6  0.0366868542
0 1 1 6  0.0001314107
0 1 3 6  -0.0000000002
0 1 5 6  0.0000000009
0 1 7 6  0.0366868542
0 2 0 6  -0.0000000002
0 2 4 6  0.0449042185
0 2 6 6  0.0000000025
0 3 1 6  -0.0000000002
0 3 5 6  0.0449042185
0 3 7 6  0.0000000025
0 4 0 6  0.0000000009
0 4 2 6  0.0449042185
0 4 6 6  -0.0000000004
0 5 1 6  0.0000000009
0 5 3 6  0.0449042185
0 5 7 6  -0.0000000004
0 6 0 6  0.0366868542
0 6 2 6  0.0000000025
0 6 4 6  -0.0000000004
0 6 6 6  0.0032468886
0 7 1 6  0.0366868542
0 7 3 6  0.0000000025
0 7 5 6  -0.0000000004
0 7 7 6  0.0032468886
1 0 0 1  0.2745030957
1 0 2 1  0.0000000034
1 0 4 1  -0.0000000002
1 0 6 1  0.0001314107
1 1 1 1  0.2745030957
1 1 3 1  0.0000000034
1 1 5 1  -0.0000000002
1 1 7 1  0.0001314107
1 2 0 1  0.0000000034
1 2 2 1  0.2522223388
1 2 6 1  -0.0000000005
1 3 1 1  0.0000000034
1 3 3 1  0.2522223388
1 3 7 1  -0.0000000005
1 4 0 1  -0.0000000002
1 4 4 1  0.2465442707
1 4 6 1  0.0000000015
1 5 1 1  -0.0000000002
1 5 5 1  0.2465442707
1 5 7 1  0.0000000015
1 6 0 1  0.0001314107
1 6 2 1  -0.0000000005
1 6 4 1  0.0000000015
1 6 6 1  0.2521647038
1 7 1 1  0.0001314107
1 7 3 1  -0.0000000005
1 7 5 1  0.0000000015
1 7 7 1  0.2521647038
1 0 0 3  0.0000000034
1 0 2 3  0.0420644415
1 0 6 3  -0.0000000002
1 1 1 3  0.0000000034
1 1 3 3  0.0420644415
1 1 7 3  -0.0000000002
1 2 0 3  0.0420644415
1 2 2 3  0.0000000009
1 2 4 3  0.0000000002
1 3 1 3  0.0420644415
1 3 3 3  0.0000000009
1 3 5 3  0.0000000002
1 4 2 3  0.0000000002
1 4 4 3  -0.0000000005
1 4 6 3  0.0340811637
1 5 3 3  0.0000000002
1 5 5 3  -0.0000000005
1 5 7 3  0.0340811637
1 6 0 3  -0.0000000002
1 6 4 3  0.0340811637
1 6 6 3  0.0000000036
1 7 1 3  -0.0000000002
1 7 5 3  0.0340811637
1 7 7 3  0.0000000036
1 0 0 5  -0.0000000002
1 0 4 5  0.0207319739
1 0 6 5  0.0000000009
1 1 1 5  -0.0000000002
1 1 5 5  0.0207319739
1 1 7 5  0.0000000009
1 2 2 5  0.0000000001
1 2 4 5  -0.0000000007
1 2 6 5  0.0207098053
1 3 3 5  0.0000000001
1 3 5 5  -0.0000000007
1 3 7 5  0.0207098053
1 4 0 5  0.0207319739
1 4 2 5  -0.0000000007
1 4 4 5  0.0000000004
1 5 1 5  0.0207319739
1 5 3 5  -0.0000000007
1 5 5 5  0.0000000004
1 6 0 5  0.0000000009
1 6 2 5  0.0207098053
1 6 6 5  -0.0000000004
1 7 1 5  0.0000000009
1 7 3 5  0.0207098053
1 7 7 5  -0.0000000004
1 0 0 7  0.0001314107
1 0 2 7  -0.0000000002
1 0 4 7  0.0000000009
1 0 6 7  0.0366868542
1 1 1 7  0.0001314107
1 1 3 7  -0.0000000002
1 1 5 7  0.0000000009
1 1 7 7  0.0366868542
1 2 0 7  -0.0000000002
1 2 4 7  0.0449042185
1 2 6 7  0.0000000025
1 3 1 7  -0.0000000002
1 3 5 7  0.0449042185
1 3 7 7  0.0000000025
1 4 0 7  0.0000000009
1 4 2 7  0.0449042185
1 4 6 7  -0.0000000004
1 5 1 7  0.0000000009
1 5 3 7  0.0449042185
1 5 7 7  -0.0000000004
1 6 0 7  0.0366868542
1 6 2 7  0.0000000025
1 6 4 7  -0.0000000004
1 6 6 7  0.0032468886
1 7 1 7  0.0366868542
1 7 3 7  0.0000000025
1 7 5 7  -0.0000000004
1 7 7 7  0.0032468886
2 0 0 0  0.0000000034
2 0 2 0  0.0420644415
2 0 6 0  -0.0000000002
2 1 1 0  0.0000000034
2 1 3 0  0.0420644415
2 1 7 0  -0.0000000002
2 2 0 0  0.0420644415
2 2 2 0  0.0000000009
2 2 4 0  0.0000000002
2 3 1 0  0.0420644415
2 3 3 0  0.0000000009
2 3 5 0  0.0000000002
2 4 2 0  0.0000000002
2 4 4 0  -0.0000000005
2 4 6 0  0.0340811637
2 5 3 0  0.0000000002
2 5 5 0  -0.0000000005
2 5 7 0  0.0340811637
2 6 0 0  -0.0000000002
2 6 4 0  0.0340811637
2 6 6 0  0.0000000036
2 7 1 0  -0.0000000002
2 7 5 0  0.0340811637
2 7 7 0  0.0000000036
2 0 0 2  0.2522223388
2 0 2 2  0.0000000009
2 0 4 2  0.0000000001
2 1 1 2  0.2522223388
2 1 3 2  0.0000000009
2 1 5 2  0.0000000001
2 2 0 2  0.0000000009
2 2 2 2  0.2563792531
2 2 6 2  -0.0000000003
2 3 1 2  0.0000000009
2 3 3 2  0.2563792531
2 3 7 2  -0.0000000003
2 4 0 2  0.0000000001
2 4 4 2  0.2563712375
2 4 6 2  0.0000000001
2 5 1 2  0.0000000001
2 5 5 2  0.2563712375
2 5 7 2  0.0000000001
2 6 2 2  -0.0000000003
2 6 4 2  0.0000000001
2 6 6 2  0.2390347868
2 7 3 2  -0.0000000003
2 7 5 2  0.0000000001
2 7 7 2  0.2390347868
2 0 2 4  0.0000000002
2 0 4 4  -0.0000000007
2 0 6 4  0.0449042185
2 1 3 4  0.0000000002
2 1 5 4  -0.0000000007
2 1 7 4  0.0449042185
2 2 0 4  0.0000000002
2 2 4 4  0.0846953253
2 2 6 4  0.0000000019
2 3 1 4  0.0000000002
2 3 5 4  0.0846953253
2 3 7 4  0.0000000019
2 4 0 4  -0.0000000007
2 4 2 4  0.0846953253
2 4 6 4  0.0000000002
2 5 1 4  -0.0000000007
2 5 3 4  0.0846953253
2 5 7 4  0.0000000002
2 6 0 4  0.0449042185
2 6 2 4  0.0000000019
2 6 4 4  0.0000000002
2 7 1 4  0.0449042185
2 7 3 4  0.0000000019
2 7 5 4  0.0000000002
2 0 0 6  -0.0000000005
2 0 4 6  0.0207098053
2 0 6 6  0.0000000025
2 1 1 6  -0.0000000005
2 1 5 6  0.0207098053
2 1 7 6  0.0000000025
2 2 2 6  -0.0000000003
2 2 4 6  0.0000000019
2 2 6 6  0.0219368031
2 3 3 6  -0.0000000003
2 3 5 6  0.0000000019
2 3 7 6  0.0219368031
2 4 0 6  0.0207098053
2 4 2 6  0.0000000019
2 4 4 6  -0.0000000001
2 5 1 6  0.0207098053
2 5 3 6  0.0000000019
2 5 5 6  -0.0000000001
2 6 0 6  0.0000000025
2 6 2 6  0.0219368031
2 6 6 6  -0.0000000013
2 7 1 6  0.0000000025
2 7 3 6  0.0219368031
2 7 7 6  -0.0000000013
3 0 0 1  0.0000000034
3 0 2 1  0.0420644415
3 0 6 1  -0.0000000002
3 1 1 1  0.0000000034
3 1 3 1  0.0420644415
3 1 7 1  -0.0000000002
3 2 0 1  0.0420644415
3 2 2 1  0.0000000009
3 2 4 1  0.0000000002
3 3 1 1  0.0420644415
3 3 3 1  0.0000000009
3 3 5 1  0.0000000002
3 4 2 1  0.0000000002
3 4 4 1  -0.0000000005
3 4 6 1  0.0340811637
3 5 3 1  0.0000000002
3 5 5 1  -0.0000000005
3 5 7 1  0.0340811637
3 6 0 1  -0.0000000002
3 6 4 1  0.0340811637
3 6 6 1  0.0000000036
3 7 1 1  -0.0000000002
3 7 5 1  0.0340811637
3 7 7 1  0.0000000036
3 0 0 3  0.2522223388
3 0 2 3  0.0000000009
3 0 4 3  0.0000000001
3 1 1 3  0.2522223388
3 1 3 3  0.0000000009
3 1 5 3  0.0000000001
3 2 0 3  0.0000000009
3 2 2 3  0.2563792531
3 2 6 3  -0.0000000003
3 3 1 3  0.0000000009
3 3 3 3  0.2563792531
3 3 7 3  -0.0000000003
3 4 0 3  0.0000000001
3 4 4 3  0.2563712375
3 4 6 3  0.0000000001
3 5 1 3  0.0000000001
3 5 5 3  0.2563712375
3 5 7 3  0.0000000001
3 6 2 3  -0.0000000003
3 6 4 3  0.0000000001
3 6 6 3  0.2390347868
3 7 3 3  -0.0000000003
3 7 5 3  0.0000000001
3 7 7 3  0.2390347868
3 0 2 5  0.0000000002
3 0 4 5  -0.0000000007
3 0 6 5  0.0449042185
3 1 3 5  0.0000000002
3 1 5 5  -0.0000000007
3 1 7 5  0.0449042185
3 2 0 5  0.0000000002
3 2 4 5  0.0846953253
3 2 6 5  0.0000000019
3 3 1 5  0.0000000002
3 3 5 5  0.0846953253
3 3 7 5  0.0000000019
3 4 0 5  -0.0000000007
3 4 2 5  0.0846953253
3 4 6 5  0.0000000002
3 5 1 5  -0.0000000007
3 5 3 5  0.0846953253
3 5 7 5  0.0000000002
3 6 0 5  0.0449042185
3 6 2 5  0.0000000019
3 6 4 5  0.0000000002
3 7 1 5  0.0449042185
3 7 3 5  0.0000000019
3 7 5 5  0.0000000002
3 0 0 7  -0.0000000005
3 0 4 7  0.0207098053
3 0 6 7  0.0000000025
3 1 1 7  -0.0000000005
3 1 5 7  0.0207098053
3 1 7 7  0.0000000025
3 2 2 7  -0.0000000003
3 2 4 7  0.0000000019
3 2 6 7  0.0219368031
3 3 3 7  -0.0000000003
3 3 5 7  0.0000000019
3 3 7 7  0.0219368031
3 4 0 7  0.0207098053
3 4 2 7  0.0000000019
3 4 4 7  -0.0000000001
3 5 1 7  0.0207098053
3 5 3 7  0.0000000019
3 5 5 7  -0.0000000001
3 6 0 7  0.0000000025
3 6 2 7  0.0219368031
3 6 6 7  -0.0000000013
3 7 1 7  0.0000000025
3 7 3 7  0.0219368031
3 7 7 7  -0.0000000013
4 0 0 0  -0.0000000002
4 0 4 0  0.0207319739
4 0 6 0  0.0000000009
4 1 1 0  -0.0000000002
4 1 5 0  0.0207319739
4 1 7 0  0.0000000009
4 2 2 0  0.0000000001
4 2 4 0  -0.0000000007
4 2 6 0  0.0207098053
4 3 3 0  0.0000000001
4 3 5 0  -0.0000000007
4 3 7 0  0.0207098053
4 4 0 0  0.0207319739
4 4 2 0  -0.0000000007
4 4 4 0  0.0000000004
4 5 1 0  0.0207319739
4 5 3 0  -0.0000000007
4 5 5 0  0.0000000004
4 6 0 0  0.0000000009
4 6 2 0  0.0207098053
4 6 6 0  -0.0000000004
4 7 1 0  0.0000000009
4 7 3 0  0.0207098053
4 7 7 0  -0.0000000004
4 0 2 2  0.0000000002
4 0 4 2  -0.0000000007
4 0 6 2  0.0449042185
4 1 3 2  0.0000000002
4 1 5 2  -0.0000000007
4 1 7 2  0.0449042185
4 2 0 2  0.0000000002
4 2 4 2  0.0846953253
4 2 6 2  0.0000000019
4 3 1 2  0.0000000002
4 3 5 2  0.0846953253
4 3 7 2  0.0000000019
4 4 0 2  -0.0000000007
4 4 2 2  0.0846953253
4 4 6 2  0.0000000002
4 5 1 2  -0.0000000007
4 5 3 2  0.0846953253
4 5 7 2  0.0000000002
4 6 0 2  0.0449042185
4 6 2 2  0.0000000019
4 6 4 2  0.0000000002
4 7 1 2  0.0449042185
4 7 3 2  0.0000000019
4 7 5 2  0.0000000002
4 0 0 4  0.2465442707
4 0 2 4  -0.0000000005
4 0 4 4  0.0000000004
4 1 1 4  0.2465442707
4 1 3 4  -0.0000000005
4 1 5 4  0.0000000004
4 2 0 4  -0.0000000005
4 2 2 4  0.2563712375
4 2 6 4  -0.0000000001
4 3 1 4  -0.0000000005
4 3 3 4  0.2563712375
4 3 7 4  -0.0000000001
4 4 0 4  0.0000000004
4 4 4 4  0.2636889437
4 4 6 4  -0.0000000009
4 5 1 4  0.0000000004
4 5 5 4  0.2636889437
4 5 7 4  -0.0000000009
4 6 2 4  -0.0000000001
4 6 4 4  -0.0000000009
4 6 6 4  0.2397604767
4 7 3 4  -0.0000000001
4 7 5 4  -0.0000000009
4 7 7 4  0.2397604767
4 0 0 6  0.0000000015
4 0 2 6  0.0340811637
4 0 6 6  -0.0000000004
4 1 1 6  0.0000000015
4 1 3 6  0.0340811637
4 1 7 6  -0.0000000004
4 2 0 6  0.0340811637
4 2 2 6  0.0000000001
4 2 4 6  0.0000000002
4 3 1 6  0.0340811637
4 3 3 6  0.0000000001
4 3 5 6  0.0000000002
4 4 2 6  0.0000000002
4 4 4 6  -0.0000000009
4 4 6 6  0.0313888664
4 5 3 6  0.0000000002
4 5 5 6  -0.0000000009
4 5 7 6  0.0313888664
4 6 0 6  -0.0000000004
4 6 4 6  0.0313888664
4 6 6 6  0.0000000027
4 7 1 6  -0.0000000004
4 7 5 6  0.0313888664
4 7 7 6  0.0000000027
5 0 0 1  -0.0000000002
5 0 4 1  0.0207319739
5 0 6 1  0.0000000009
5 1 1 1  -0.0000000002
5 1 5 1  0.0207319739
5 1 7 1  0.0000000009
5 2 2 1  0.0000000001
5 2 4 1  -0.0000000007
5 2 6 1  0.0207098053
5 3 3 1  0.0000000001
5 3 5 1  -0.0000000007
5 3 7 1  0.0207098053
5 4 0 1  0.0207319739
5 4 2 1  -0.0000000007
5 4 4 1  0.0000000004
5 5 1 1  0.0207319739
5 5 3 1  -0.0000000007
5 5 5 1  0.0000000004
5 6 0 1  0.0000000009
5 6 2 1  0.0207098053
5 6 6 1  -0.0000000004
5 7 1 1  0.0000000009
5 7 3 1  0.0207098053
5 7 7 1  -0.0000000004
5 0 2 3  0.0000000002
5 0 4 3  -0.0000000007
5 0 6 3  0.0449042185
5 1 3 3  0.0000000002
5 1 5 3  -0.0000000007
5 1 7 3  0.0449042185
5 2 0 3  0.0000000002
5 2 4 3  0.0846953253
5 2 6 3  0.0000000019
5 3 1 3  0.0000000002
5 3 5 3  0.0846953253
5 3 7 3  0.0000000019
5 4 0 3  -0.0000000007
5 4 2 3  0.0846953253
5 4 6 3  0.0000000002
5 5 1 3  -0.0000000007
5 5 3 3  0.0846953253
5 5 7 3  0.0000000002
5 6 0 3  0.0449042185
5 6 2 3  0.0000000019
5 6 4 3  0.0000000002
5 7 1 3  0.0449042185
5 7 3 3  0.0000000019
5 7 5 3  0.0000000002
5 0 0 5  0.2465442707
5 0 2 5  -0.0000000005
5 0 4 5  0.0000000004
5 1 1 5  0.2465442707
5 1 3 5  -0.0000000005
5 1 5 5  0.0000000004
5 2 0 5  -0.0000000005
5 2 2 5  0.2563712375
5 2 6 5  -0.0000000001
5 3 1 5  -0.0000000005
5 3 3 5  0.2563712375
5 3 7 5  -0.0000000001
5 4 0 5  0.0000000004
5 4 4 5  0.2636889437
5 4 6 5  -0.0000000009
5 5 1 5  0.0000000004
5 5 5 5  0.2636889437
5 5 7 5  -0.0000000009
5 6 2 5  -0.0000000001
5 6 4 5  -0.0000000009
5 6 6 5  0.2397604767
5 7 3 5  -0.0000000001
5 7 5 5  -0.0000000009
5 7 7 5  0.2397604767
5 0 0 7  0.0000000015
5 0 2 7  0.0340811637
5 0 6 7  -0.0000000004
5 1 1 7  0.0000000015
5 1 3 7  0.0340811637
5 1 7 7  -0.0000000004
5 2 0 7  0.0340811637
5 2 2 7  0.0000000001
5 2 4 7  0.0000000002
5 3 1 7  0.0340811637
5 3 3 7  0.0000000001
5 3 5 7  0.0000000002
5 4 2 7  0.0000000002
5 4 4 7  -0.0000000009
5 4 6 7  0.0313888664
5 5 3 7  0.0000000002
5 5 5 7  -0.0000000009
5 5 7 7  0.0313888664
5 6 0 7  -0.0000000004
5 6 4 7  0.0313888664
5 6 6 7  0.0000000027
5 7 1 7  -0.0000000004
5 7 5 7  0.0313888664
5 7 7 7  0.0000000027
6 0 0 0  0.0001314107
6 0 2 0  -0.0000000002
6 0 4 0  0.0000000009
6 0 6 0  0.0366868542
6 1 1 0  0.0001314107
6 1 3 0  -0.0000000002
6 1 5 0  0.0000000009
6 1 7 0  0.0366868542
6 2 0 0  -0.0000000002
6 2 4 0  0.0449042185
6 2 6 0  0.0000000025
6 3 1 0  -0.0000000002
6 3 5 0  0.0449042185
6 3 7 0  0.0000000025
6 4 0 0  0.0000000009
6 4 2 0  0.0449042185
6 4 6 0  -0.0000000004
6 5 1 0  0.0000000009
6 5 3 0  0.0449042185
6 5 7 0  -0.0000000004
6 6 0 0  0.0366868542
6 6 2 0  0.0000000025
6 6 4 0  -0.0000000004
6 6 6 0  0.0032468886
6 7 1 0  0.0366868542
6 7 3 0  0.0000000025
6 7 5 0  -0.0000000004
6 7 7 0  0.0032468886
6 0 0 2  -0.0000000005
6 0 4 2  0.0207098053
6 0 6 2  0.0000000025
6 1 1 2  -0.0000000005
6 1 5 2  0.0207098053
6 1 7 2  0.0000000025
6 2 2 2  -0.0000000003
6 2 4 2  0.0000000019
6 2 6 2  0.0219368031
6 3 3 2  -0.0000000003
6 3 5 2  0.0000000019
6 3 7 2  0.0219368031
6 4 0 2  0.0207098053
6 4 2 2  0.0000000019
6 4 4 2  -0.0000000001
6 5 1 2  0.0207098053
6 5 3 2  0.0000000019
6 5 5 2  -0.0000000001
6 6 0 2  0.0000000025
6 6 2 2  0.0219368031
6 6 6 2  -0.0000000013
6 7 1 2  0.0000000025
6 7 3 2  0.0219368031
6 7 7 2  -0.0000000013
6 0 0 4  0.0000000015
6 0 2 4  0.0340811637
6 0 6 4  -0.0000000004
6 1 1 4  0.0000000015
6 1 3 4  0.0340811637
6 1 7 4  -0.0000000004
6 2 0 4  0.0340811637
6 2 2 4  0.0000000001
6 2 4 4  0.0000000002
6 3 1 4  0.0340811637
6 3 3 4  0.0000000001
6 3 5 4  0.0000000002
6 4 2 4  0.0000000002
6 4 4 4  -0.0000000009
6 4 6 4  0.0313888664
6 5 3 4  0.0000000002
6 5 5 4  -0.0000000009
6 5 7 4  0.0313888664
6 6 0 4  -0.0000000004
6 6 4 4  0.0313888664
6 6 6 4  0.0000000027
6 7 1 4  -0.0000000004
6 7 5 4  0.0313888664
6 7 7 4  0.0000000027
6 0 0 6  0.2521647038
6 0 2 6  0.0000000036
6 0 4 6  -0.0000000004
6 0 6 6  0.0032468886
6 1 1 6  0.2521647038
6 1 3 6  0.0000000036
6 1 5 6  -0.0000000004
6 1 7 6  0.0032468886
6 2 0 6  0.0000000036
6 2 2 6  0.2390347868
6 2 6 6  -0.0000000013
6 3 1 6  0.0000000036
6 3 3 6  0.2390347868
6 3 7 6  -0.0000000013
6 4 0 6  -0.0000000004
6 4 4 6  0.2397604767
6 4 6 6  0.0000000027
6 5 1 6  -0.0000000004
6 5 5 6  0.2397604767
6 5 7 6  0.0000000027
6 6 0 6  0.0032468886
6 6 2 6  -0.0000000013
6 6 4 6  0.0000000027
6 6 6 6  0.2303259943
6 7 1 6  0.0032468886
6 7 3 6  -0.0000000013
6 7 5 6  0.0000000027
6 7 7 6  0.2303259943
7 0 0 1  0.0001314107
7 0 2 1  -0.0000000002
7 0 4 1  0.0000000009
7 0 6 1  0.0366868542
7 1 1 1  0.0001314107
7 1 3 1  -0.0000000002
7 1 5 1  0.0000000009
7 1 7 1  0.0366868542
7 2 0 1  -0.0000000002
7 2 4 1  0.0449042185
7 2 6 1  0.0000000025
7 3 1 1  -0.0000000002
7 3 5 1  0.0449042185
7 3 7 1  0.0000000025
7 4 0 1  0.0000000009
7 4 2 1  0.0449042185
7 4 6 1  -0.0000000004
7 5 1 1  0.0000000009
7 5 3 1  0.0449042185
7 5 7 1  -0.0000000004
7 6 0 1  0.0366868542
7 6 2 1  0.0000000025
7 6 4 1  -0.0000000004
7 6 6 1  0.0032468886
7 7 1 1  0.0366868542
7 7 3 1  0.0000000025
7 7 5 1  -0.0000000004
7 7 7 1  0.0032468886
7 0 0 3  -0.0000000005
7 0 4 3  0.0207098053
7 0 6 3  0.0000000025
7 1 1 3  -0.0000000005
7 1 5 3  0.0207098053
7 1 7 3  0.0000000025
7 2 2 3  -0.0000000003
7 2 4 3  0.0000000019
7 2 6 3  0.0219368031
7 3 3 3  -0.0000000003
7 3 5 3  0.0000000019
7 3 7 3  0.0219368031
7 4 0 3  0.0207098053
7 4 2 3  0.0000000019
7 4 4 3  -0.0000000001
7 5 1 3  0.0207098053
7 5 3 3  0.0000000019
7 5 5 3  -0.0000000001
7 6 0 3  0.0000000025
7 6 2 3  0.0219368031
7 6 6 3  -0.0000000013
7 7 1 3  0.0000000025
7 7 3 3  0.0219368031
7 7 7 3  -0.0000000013
7 0 0 5  0.0000000015
7 0 2 5  0.0340811637
7 0 6 5  -0.0000000004
7 1 1 5  0.0000000015
7 1 3 5  0.0340811637
7 1 7 5  -0.0000000004
7 2 0 5  0.0340811637
7 2 2 5  0.0000000001
7 2 4 5  0.0000000002
7 3 1 5  0.0340811637
7 3 3 5  0.0000000001
7 3 5 5  0.0000000002
7 4 2 5  0.0000000002
7 4 4 5  -0.0000000009
7 4 6 5  0.0313888664
7 5 3 5  0.0000000002
7 5 5 5  -0.0000000009
7 5 7 5  0.0313888664
7 6 0 5  -0.0000000004
7 6 4 5  0.0313888664
7 6 6 5  0.0000000027
7 7 1 5  -0.0000000004
7 7 5 5  0.0313888664
7 7 7 5  0.0000000027
7 0 0 7  0.2521647038
7 0 2 7  0.0000000036
7 0 4 7  -0.0000000004
7 0 6 7  0.0032468886
7 1 1 7  0.2521647038
7 1 3 7  0.0000000036
7 1 5 7  -0.0000000004
7 1 7 7  0.0032468886
7 2 0 7  0.0000000036
7 2 2 7  0.2390347868
7 2 6 7  -0.0000000013
7 3 1 7  0.0000000036
7 3 3 7  0.2390347868
7 3 7 7  -0.0000000013
7 4 0 7  -0.0000000004
7 4 4 7  0.2397604767
7 4 6 7  0.0000000027
7 5 1 7  -0.0000000004
7 5 5 7  0.2397604767
7 5 7 7  0.0000000027
7 6 0 7  0.0032468886
7 6 2 7  -0.0000000013
7 6 4 7  0.0000000027
7 6 6 7  0.2303259943
7 7 1 7  0.0032468886
7 7 3 7  -0.0000000013
7 7 5 7  0.0000000027
7 7 7 7  0.2303259943

 E(Ref) = -77.8969488730 Hartree, <S**2> = 0.0000
 E(FCI) = -77.9531224512 Hartree, <S**2> = -0.0000
