 MO Integrals with frozen core/virtual approximation

-74.0379573262521
0 0  -1.5012797744
0 2  0.0000000067
0 4  -0.0000000013
0 6  -0.0000000002
1 1  -1.5012797744
1 3  0.0000000067
1 5  -0.0000000013
1 7  -0.0000000002
2 0  0.0000000067
2 2  -1.2992668204
2 4  -0.0000000003
2 6  -0.0000000015
3 1  0.0000000067
3 3  -1.2992668204
3 5  -0.0000000003
3 7  -0.0000000015
4 0  -0.0000000013
4 2  -0.0000000003
4 4  -1.2869257973
4 6  0.0000000044
5 1  -0.0000000013
5 3  -0.0000000003
5 5  -1.2869257973
5 7  0.0000000044
6 0  -0.0000000002
6 2  -0.0000000015
6 4  0.0000000044
6 6  -1.4137507394
7 1  -0.0000000002
7 3  -0.0000000015
7 5  0.0000000044
7 7  -1.4137507394
0 0 0 0  0.2370324261
0 0 2 0  -0.0000000003
0 0 4 0  0.0000000001
0 1 1 0  0.2370324261
0 1 3 0  -0.0000000003
0 1 5 0  0.0000000001
0 2 0 0  -0.0000000003
0 2 2 0  0.1988503294
0 2 6 0  0.0000000001
0 3 1 0  -0.0000000003
0 3 3 0  0.1988503294
0 3 7 0  0.0000000001
0 4 0 0  0.0000000001
0 4 4 0  0.1989771299
0 4 6 0  -0.0000000002
0 5 1 0  0.0000000001
0 5 5 0  0.1989771299
0 5 7 0  -0.0000000002
0 6 2 0  0.0000000001
0 6 4 0  -0.0000000002
0 6 6 0  0.2392487198
0 7 3 0  0.0000000001
0 7 5 0  -0.0000000002
0 7 7 0  0.2392487198
0 0 0 2  -0.0000000003
0 0 2 2  0.0147586516
0 0 6 2  0.0000000002
0 1 1 2  -0.0000000003
0 1 3 2  0.0147586516
0 1 7 2  0.0000000002
0 2 0 2  0.0147586516
0 2 2 2  -0.0000000007
0 2 4 2  0.0000000005
0 3 1 2  0.0147586516
0 3 3 2  -0.0000000007
0 3 5 2  0.0000000005
0 4 2 2  0.0000000005
0 4 4 2  -0.0000000003
0 4 6 2  0.0153060401
0 5 3 2  0.0000000005
0 5 5 2  -0.0000000003
0 5 7 2  0.0153060401
0 6 0 2  0.0000000002
0 6 4 2  0.0153060401
0 6 6 2  -0.0000000005
0 7 1 2  0.0000000002
0 7 5 2  0.0153060401
0 7 7 2  -0.0000000005
0 0 0 4  0.0000000001
0 0 4 4  0.0130454826
0 0 6 4  0.0000000009
0 1 1 4  0.0000000001
0 1 5 4  0.0130454826
0 1 7 4  0.0000000009
0 2 2 4  0.0000000003
0 2 4 4  0.0000000006
0 2 6 4  0.0138686018
0 3 3 4  0.0000000003
0 3 5 4  0.0000000006
0 3 7 4  0.0138686018
0 4 0 4  0.0130454826
0 4 2 4  0.0000000006
0 4 4 4  0.0000000003
0 5 1 4  0.0130454826
0 5 3 4  0.0000000006
0 5 5 4  0.0000000003
0 6 0 4  0.0000000009
0 6 2 4  0.0138686018
0 7 1 4  0.0000000009
0 7 3 4  0.0138686018
0 0 2 6  0.0000000002
0 0 4 6  0.0000000009
0 0 6 6  0.1146123794
0 1 3 6  0.0000000002
0 1 5 6  0.0000000009
0 1 7 6  0.1146123794
0 2 0 6  0.0000000002
0 2 4 6  0.0961660245
0 2 6 6  -0.0000000007
0 3 1 6  0.0000000002
0 3 5 6  0.0961660245
0 3 7 6  -0.0000000007
0 4 0 6  0.0000000009
0 4 2 6  0.0961660245
0 4 6 6  -0.0000000002
0 5 1 6  0.0000000009
0 5 3 6  0.0961660245
0 5 7 6  -0.0000000002
0 6 0 6  0.1146123794
0 6 2 6  -0.0000000007
0 6 4 6  -0.0000000002
0 7 1 6  0.1146123794
0 7 3 6  -0.0000000007
0 7 5 6  -0.0000000002
1 0 0 1  0.2370324261
1 0 2 1  -0.0000000003
1 0 4 1  0.0000000001
1 1 1 1  0.2370324261
1 1 3 1  -0.0000000003
1 1 5 1  0.0000000001
1 2 0 1  -0.0000000003
1 2 2 1  0.1988503294
1 2 6 1  0.0000000001
1 3 1 1  -0.0000000003
1 3 3 1  0.1988503294
1 3 7 1  0.0000000001
1 4 0 1  0.0000000001
1 4 4 1  0.1989771299
1 4 6 1  -0.0000000002
1 5 1 1  0.0000000001
1 5 5 1  0.1989771299
1 5 7 1  -0.0000000002
1 6 2 1  0.0000000001
1 6 4 1  -0.0000000002
1 6 6 1  0.2392487198
1 7 3 1  0.0000000001
1 7 5 1  -0.0000000002
1 7 7 1  0.2392487198
1 0 0 3  -0.0000000003
1 0 2 3  0.0147586516
1 0 6 3  0.0000000002
1 1 1 3  -0.0000000003
1 1 3 3  0.0147586516
1 1 7 3  0.0000000002
1 2 0 3  0.0147586516
1 2 2 3  -0.0000000007
1 2 4 3  0.0000000005
1 3 1 3  0.0147586516
1 3 3 3  -0.0000000007
1 3 5 3  0.0000000005
1 4 2 3  0.0000000005
1 4 4 3  -0.0000000003
1 4 6 3  0.0153060401
1 5 3 3  0.0000000005
1 5 5 3  -0.0000000003
1 5 7 3  0.0153060401
1 6 0 3  0.0000000002
1 6 4 3  0.0153060401
1 6 6 3  -0.0000000005
1 7 1 3  0.0000000002
1 7 5 3  0.0153060401
1 7 7 3  -0.0000000005
1 0 0 5  0.0000000001
1 0 4 5  0.0130454826
1 0 6 5  0.0000000009
1 1 1 5  0.0000000001
1 1 5 5  0.0130454826
1 1 7 5  0.0000000009
1 2 2 5  0.0000000003
1 2 4 5  0.0000000006
1 2 6 5  0.0138686018
1 3 3 5  0.0000000003
1 3 5 5  0.0000000006
1 3 7 5  0.0138686018
1 4 0 5  0.0130454826
1 4 2 5  0.0000000006
1 4 4 5  0.0000000003
1 5 1 5  0.0130454826
1 5 3 5  0.0000000006
1 5 5 5  0.0000000003
1 6 0 5  0.0000000009
1 6 2 5  0.0138686018
1 7 1 5  0.0000000009
1 7 3 5  0.0138686018
1 0 2 7  0.0000000002
1 0 4 7  0.0000000009
1 0 6 7  0.1146123794
1 1 3 7  0.0000000002
1 1 5 7  0.0000000009
1 1 7 7  0.1146123794
1 2 0 7  0.0000000002
1 2 4 7  0.0961660245
1 2 6 7  -0.0000000007
1 3 1 7  0.0000000002
1 3 5 7  0.0961660245
1 3 7 7  -0.0000000007
1 4 0 7  0.0000000009
1 4 2 7  0.0961660245
1 4 6 7  -0.0000000002
1 5 1 7  0.0000000009
1 5 3 7  0.0961660245
1 5 7 7  -0.0000000002
1 6 0 7  0.1146123794
1 6 2 7  -0.0000000007
1 6 4 7  -0.0000000002
1 7 1 7  0.1146123794
1 7 3 7  -0.0000000007
1 7 5 7  -0.0000000002
2 0 0 0  -0.0000000003
2 0 2 0  0.0147586516
2 0 6 0  0.0000000002
2 1 1 0  -0.0000000003
2 1 3 0  0.0147586516
2 1 7 0  0.0000000002
2 2 0 0  0.0147586516
2 2 2 0  -0.0000000007
2 2 4 0  0.0000000005
2 3 1 0  0.0147586516
2 3 3 0  -0.0000000007
2 3 5 0  0.0000000005
2 4 2 0  0.0000000005
2 4 4 0  -0.0000000003
2 4 6 0  0.0153060401
2 5 3 0  0.0000000005
2 5 5 0  -0.0000000003
2 5 7 0  0.0153060401
2 6 0 0  0.0000000002
2 6 4 0  0.0153060401
2 6 6 0  -0.0000000005
2 7 1 0  0.0000000002
2 7 5 0  0.0153060401
2 7 7 0  -0.0000000005
2 0 0 2  0.1988503294
2 0 2 2  -0.0000000007
2 0 4 2  0.0000000003
2 1 1 2  0.1988503294
2 1 3 2  -0.0000000007
2 1 5 2  0.0000000003
2 2 0 2  -0.0000000007
2 2 2 2  0.2130287695
2 2 6 2  0.0000000003
2 3 1 2  -0.0000000007
2 3 3 2  0.2130287695
2 3 7 2  0.0000000003
2 4 0 2  0.0000000003
2 4 4 2  0.2139808626
2 4 6 2  -0.0000000010
2 5 1 2  0.0000000003
2 5 5 2  0.2139808626
2 5 7 2  -0.0000000010
2 6 2 2  0.0000000003
2 6 4 2  -0.0000000010
2 6 6 2  0.2033760759
2 7 3 2  0.0000000003
2 7 5 2  -0.0000000010
2 7 7 2  0.2033760759
2 0 2 4  0.0000000005
2 0 4 4  0.0000000006
2 0 6 4  0.0961660245
2 1 3 4  0.0000000005
2 1 5 4  0.0000000006
2 1 7 4  0.0961660245
2 2 0 4  0.0000000005
2 2 4 4  0.1226424164
2 2 6 4  -0.0000000011
2 3 1 4  0.0000000005
2 3 5 4  0.1226424164
2 3 7 4  -0.0000000011
2 4 0 4  0.0000000006
2 4 2 4  0.1226424164
2 4 6 4  0.0000000001
2 5 1 4  0.0000000006
2 5 3 4  0.1226424164
2 5 7 4  0.0000000001
2 6 0 4  0.0961660245
2 6 2 4  -0.0000000011
2 6 4 4  0.0000000001
2 7 1 4  0.0961660245
2 7 3 4  -0.0000000011
2 7 5 4  0.0000000001
2 0 0 6  0.0000000001
2 0 4 6  0.0138686018
2 0 6 6  -0.0000000007
2 1 1 6  0.0000000001
2 1 5 6  0.0138686018
2 1 7 6  -0.0000000007
2 2 2 6  0.0000000003
2 2 4 6  -0.0000000011
2 2 6 6  0.0147516809
2 3 3 6  0.0000000003
2 3 5 6  -0.0000000011
2 3 7 6  0.0147516809
2 4 0 6  0.0138686018
2 4 2 6  -0.0000000011
2 4 4 6  0.0000000002
2 5 1 6  0.0138686018
2 5 3 6  -0.0000000011
2 5 5 6  0.0000000002
2 6 0 6  -0.0000000007
2 6 2 6  0.0147516809
2 6 6 6  0.0000000001
2 7 1 6  -0.0000000007
2 7 3 6  0.0147516809
2 7 7 6  0.0000000001
3 0 0 1  -0.0000000003
3 0 2 1  0.0147586516
3 0 6 1  0.0000000002
3 1 1 1  -0.0000000003
3 1 3 1  0.0147586516
3 1 7 1  0.0000000002
3 2 0 1  0.0147586516
3 2 2 1  -0.0000000007
3 2 4 1  0.0000000005
3 3 1 1  0.0147586516
3 3 3 1  -0.0000000007
3 3 5 1  0.0000000005
3 4 2 1  0.0000000005
3 4 4 1  -0.0000000003
3 4 6 1  0.0153060401
3 5 3 1  0.0000000005
3 5 5 1  -0.0000000003
3 5 7 1  0.0153060401
3 6 0 1  0.0000000002
3 6 4 1  0.0153060401
3 6 6 1  -0.0000000005
3 7 1 1  0.0000000002
3 7 5 1  0.0153060401
3 7 7 1  -0.0000000005
3 0 0 3  0.1988503294
3 0 2 3  -0.0000000007
3 0 4 3  0.0000000003
3 1 1 3  0.1988503294
3 1 3 3  -0.0000000007
3 1 5 3  0.0000000003
3 2 0 3  -0.0000000007
3 2 2 3  0.2130287695
3 2 6 3  0.0000000003
3 3 1 3  -0.0000000007
3 3 3 3  0.2130287695
3 3 7 3  0.0000000003
3 4 0 3  0.0000000003
3 4 4 3  0.2139808626
3 4 6 3  -0.0000000010
3 5 1 3  0.0000000003
3 5 5 3  0.2139808626
3 5 7 3  -0.0000000010
3 6 2 3  0.0000000003
3 6 4 3  -0.0000000010
3 6 6 3  0.2033760759
3 7 3 3  0.0000000003
3 7 5 3  -0.0000000010
3 7 7 3  0.2033760759
3 0 2 5  0.0000000005
3 0 4 5  0.0000000006
3 0 6 5  0.0961660245
3 1 3 5  0.0000000005
3 1 5 5  0.0000000006
3 1 7 5  0.0961660245
3 2 0 5  0.0000000005
3 2 4 5  0.1226424164
3 2 6 5  -0.0000000011
3 3 1 5  0.0000000005
3 3 5 5  0.1226424164
3 3 7 5  -0.0000000011
3 4 0 5  0.0000000006
3 4 2 5  0.1226424164
3 4 6 5  0.0000000001
3 5 1 5  0.0000000006
3 5 3 5  0.1226424164
3 5 7 5  0.0000000001
3 6 0 5  0.0961660245
3 6 2 5  -0.0000000011
3 6 4 5  0.0000000001
3 7 1 5  0.0961660245
3 7 3 5  -0.0000000011
3 7 5 5  0.0000000001
3 0 0 7  0.0000000001
3 0 4 7  0.0138686018
3 0 6 7  -0.0000000007
3 1 1 7  0.0000000001
3 1 5 7  0.0138686018
3 1 7 7  -0.0000000007
3 2 2 7  0.0000000003
3 2 4 7  -0.0000000011
3 2 6 7  0.0147516809
3 3 3 7  0.0000000003
3 3 5 7  -0.0000000011
3 3 7 7  0.0147516809
3 4 0 7  0.0138686018
3 4 2 7  -0.0000000011
3 4 4 7  0.0000000002
3 5 1 7  0.0138686018
3 5 3 7  -0.0000000011
3 5 5 7  0.0000000002
3 6 0 7  -0.0000000007
3 6 2 7  0.0147516809
3 6 6 7  0.0000000001
3 7 1 7  -0.0000000007
3 7 3 7  0.0147516809
3 7 7 7  0.0000000001
4 0 0 0  0.0000000001
4 0 4 0  0.0130454826
4 0 6 0  0.0000000009
4 1 1 0  0.0000000001
4 1 5 0  0.0130454826
4 1 7 0  0.0000000009
4 2 2 0  0.0000000003
4 2 4 0  0.0000000006
4 2 6 0  0.0138686018
4 3 3 0  0.0000000003
4 3 5 0  0.0000000006
4 3 7 0  0.0138686018
4 4 0 0  0.0130454826
4 4 2 0  0.0000000006
4 4 4 0  0.0000000003
4 5 1 0  0.0130454826
4 5 3 0  0.0000000006
4 5 5 0  0.0000000003
4 6 0 0  0.0000000009
4 6 2 0  0.0138686018
4 7 1 0  0.0000000009
4 7 3 0  0.0138686018
4 0 2 2  0.0000000005
4 0 4 2  0.0000000006
4 0 6 2  0.0961660245
4 1 3 2  0.0000000005
4 1 5 2  0.0000000006
4 1 7 2  0.0961660245
4 2 0 2  0.0000000005
4 2 4 2  0.1226424164
4 2 6 2  -0.0000000011
4 3 1 2  0.0000000005
4 3 5 2  0.1226424164
4 3 7 2  -0.0000000011
4 4 0 2  0.0000000006
4 4 2 2  0.1226424164
4 4 6 2  0.0000000001
4 5 1 2  0.0000000006
4 5 3 2  0.1226424164
4 5 7 2  0.0000000001
4 6 0 2  0.0961660245
4 6 2 2  -0.0000000011
4 6 4 2  0.0000000001
4 7 1 2  0.0961660245
4 7 3 2  -0.0000000011
4 7 5 2  0.0000000001
4 0 0 4  0.1989771299
4 0 2 4  -0.0000000003
4 0 4 4  0.0000000003
4 1 1 4  0.1989771299
4 1 3 4  -0.0000000003
4 1 5 4  0.0000000003
4 2 0 4  -0.0000000003
4 2 2 4  0.2139808626
4 2 6 4  0.0000000002
4 3 1 4  -0.0000000003
4 3 3 4  0.2139808626
4 3 7 4  0.0000000002
4 4 0 4  0.0000000003
4 4 4 4  0.2149697501
4 4 6 4  -0.0000000006
4 5 1 4  0.0000000003
4 5 5 4  0.2149697501
4 5 7 4  -0.0000000006
4 6 2 4  0.0000000002
4 6 4 4  -0.0000000006
4 6 6 4  0.2036847312
4 7 3 4  0.0000000002
4 7 5 4  -0.0000000006
4 7 7 4  0.2036847312
4 0 0 6  -0.0000000002
4 0 2 6  0.0153060401
4 0 6 6  -0.0000000002
4 1 1 6  -0.0000000002
4 1 3 6  0.0153060401
4 1 7 6  -0.0000000002
4 2 0 6  0.0153060401
4 2 2 6  -0.0000000010
4 2 4 6  0.0000000001
4 3 1 6  0.0153060401
4 3 3 6  -0.0000000010
4 3 5 6  0.0000000001
4 4 2 6  0.0000000001
4 4 4 6  -0.0000000006
4 4 6 6  0.0159617208
4 5 3 6  0.0000000001
4 5 5 6  -0.0000000006
4 5 7 6  0.0159617208
4 6 0 6  -0.0000000002
4 6 4 6  0.0159617208
4 6 6 6  -0.0000000004
4 7 1 6  -0.0000000002
4 7 5 6  0.0159617208
4 7 7 6  -0.0000000004
5 0 0 1  0.0000000001
5 0 4 1  0.0130454826
5 0 6 1  0.0000000009
5 1 1 1  0.0000000001
5 1 5 1  0.0130454826
5 1 7 1  0.0000000009
5 2 2 1  0.0000000003
5 2 4 1  0.0000000006
5 2 6 1  0.0138686018
5 3 3 1  0.0000000003
5 3 5 1  0.0000000006
5 3 7 1  0.0138686018
5 4 0 1  0.0130454826
5 4 2 1  0.0000000006
5 4 4 1  0.0000000003
5 5 1 1  0.0130454826
5 5 3 1  0.0000000006
5 5 5 1  0.0000000003
5 6 0 1  0.0000000009
5 6 2 1  0.0138686018
5 7 1 1  0.0000000009
5 7 3 1  0.0138686018
5 0 2 3  0.0000000005
5 0 4 3  0.0000000006
5 0 6 3  0.0961660245
5 1 3 3  0.0000000005
5 1 5 3  0.0000000006
5 1 7 3  0.0961660245
5 2 0 3  0.0000000005
5 2 4 3  0.1226424164
5 2 6 3  -0.0000000011
5 3 1 3  0.0000000005
5 3 5 3  0.1226424164
5 3 7 3  -0.0000000011
5 4 0 3  0.0000000006
5 4 2 3  0.1226424164
5 4 6 3  0.0000000001
5 5 1 3  0.0000000006
5 5 3 3  0.1226424164
5 5 7 3  0.0000000001
5 6 0 3  0.0961660245
5 6 2 3  -0.0000000011
5 6 4 3  0.0000000001
5 7 1 3  0.0961660245
5 7 3 3  -0.0000000011
5 7 5 3  0.0000000001
5 0 0 5  0.1989771299
5 0 2 5  -0.0000000003
5 0 4 5  0.0000000003
5 1 1 5  0.1989771299
5 1 3 5  -0.0000000003
5 1 5 5  0.0000000003
5 2 0 5  -0.0000000003
5 2 2 5  0.2139808626
5 2 6 5  0.0000000002
5 3 1 5  -0.0000000003
5 3 3 5  0.2139808626
5 3 7 5  0.0000000002
5 4 0 5  0.0000000003
5 4 4 5  0.2149697501
5 4 6 5  -0.0000000006
5 5 1 5  0.0000000003
5 5 5 5  0.2149697501
5 5 7 5  -0.0000000006
5 6 2 5  0.0000000002
5 6 4 5  -0.0000000006
5 6 6 5  0.2036847312
5 7 3 5  0.0000000002
5 7 5 5  -0.0000000006
5 7 7 5  0.2036847312
5 0 0 7  -0.0000000002
5 0 2 7  0.0153060401
5 0 6 7  -0.0000000002
5 1 1 7  -0.0000000002
5 1 3 7  0.0153060401
5 1 7 7  -0.0000000002
5 2 0 7  0.0153060401
5 2 2 7  -0.0000000010
5 2 4 7  0.0000000001
5 3 1 7  0.0153060401
5 3 3 7  -0.0000000010
5 3 5 7  0.0000000001
5 4 2 7  0.0000000001
5 4 4 7  -0.0000000006
5 4 6 7  0.0159617208
5 5 3 7  0.0000000001
5 5 5 7  -0.0000000006
5 5 7 7  0.0159617208
5 6 0 7  -0.0000000002
5 6 4 7  0.0159617208
5 6 6 7  -0.0000000004
5 7 1 7  -0.0000000002
5 7 5 7  0.0159617208
5 7 7 7  -0.0000000004
6 0 2 0  0.0000000002
6 0 4 0  0.0000000009
6 0 6 0  0.1146123794
6 1 3 0  0.0000000002
6 1 5 0  0.0000000009
6 1 7 0  0.1146123794
6 2 0 0  0.0000000002
6 2 4 0  0.0961660245
6 2 6 0  -0.0000000007
6 3 1 0  0.0000000002
6 3 5 0  0.0961660245
6 3 7 0  -0.0000000007
6 4 0 0  0.0000000009
6 4 2 0  0.0961660245
6 4 6 0  -0.0000000002
6 5 1 0  0.0000000009
6 5 3 0  0.0961660245
6 5 7 0  -0.0000000002
6 6 0 0  0.1146123794
6 6 2 0  -0.0000000007
6 6 4 0  -0.0000000002
6 7 1 0  0.1146123794
6 7 3 0  -0.0000000007
6 7 5 0  -0.0000000002
6 0 0 2  0.0000000001
6 0 4 2  0.0138686018
6 0 6 2  -0.0000000007
6 1 1 2  0.0000000001
6 1 5 2  0.0138686018
6 1 7 2  -0.0000000007
6 2 2 2  0.0000000003
6 2 4 2  -0.0000000011
6 2 6 2  0.0147516809
6 3 3 2  0.0000000003
6 3 5 2  -0.0000000011
6 3 7 2  0.0147516809
6 4 0 2  0.0138686018
6 4 2 2  -0.0000000011
6 4 4 2  0.0000000002
6 5 1 2  0.0138686018
6 5 3 2  -0.0000000011
6 5 5 2  0.0000000002
6 6 0 2  -0.0000000007
6 6 2 2  0.0147516809
6 6 6 2  0.0000000001
6 7 1 2  -0.0000000007
6 7 3 2  0.0147516809
6 7 7 2  0.0000000001
6 0 0 4  -0.0000000002
6 0 2 4  0.0153060401
6 0 6 4  -0.0000000002
6 1 1 4  -0.0000000002
6 1 3 4  0.0153060401
6 1 7 4  -0.0000000002
6 2 0 4  0.0153060401
6 2 2 4  -0.0000000010
6 2 4 4  0.0000000001
6 3 1 4  0.0153060401
6 3 3 4  -0.0000000010
6 3 5 4  0.0000000001
6 4 2 4  0.0000000001
6 4 4 4  -0.0000000006
6 4 6 4  0.0159617208
6 5 3 4  0.0000000001
6 5 5 4  -0.0000000006
6 5 7 4  0.0159617208
6 6 0 4  -0.0000000002
6 6 4 4  0.0159617208
6 6 6 4  -0.0000000004
6 7 1 4  -0.0000000002
6 7 5 4  0.0159617208
6 7 7 4  -0.0000000004
6 0 0 6  0.2392487198
6 0 2 6  -0.0000000005
6 1 1 6  0.2392487198
6 1 3 6  -0.0000000005
6 2 0 6  -0.0000000005
6 2 2 6  0.2033760759
6 2 6 6  0.0000000001
6 3 1 6  -0.0000000005
6 3 3 6  0.2033760759
6 3 7 6  0.0000000001
6 4 4 6  0.2036847312
6 4 6 6  -0.0000000004
6 5 5 6  0.2036847312
6 5 7 6  -0.0000000004
6 6 2 6  0.0000000001
6 6 4 6  -0.0000000004
6 6 6 6  0.2431410367
6 7 3 6  0.0000000001
6 7 5 6  -0.0000000004
6 7 7 6  0.2431410367
7 0 2 1  0.0000000002
7 0 4 1  0.0000000009
7 0 6 1  0.1146123794
7 1 3 1  0.0000000002
7 1 5 1  0.0000000009
7 1 7 1  0.1146123794
7 2 0 1  0.0000000002
7 2 4 1  0.0961660245
7 2 6 1  -0.0000000007
7 3 1 1  0.0000000002
7 3 5 1  0.0961660245
7 3 7 1  -0.0000000007
7 4 0 1  0.0000000009
7 4 2 1  0.0961660245
7 4 6 1  -0.0000000002
7 5 1 1  0.0000000009
7 5 3 1  0.0961660245
7 5 7 1  -0.0000000002
7 6 0 1  0.1146123794
7 6 2 1  -0.0000000007
7 6 4 1  -0.0000000002
7 7 1 1  0.1146123794
7 7 3 1  -0.0000000007
7 7 5 1  -0.0000000002
7 0 0 3  0.0000000001
7 0 4 3  0.0138686018
7 0 6 3  -0.0000000007
7 1 1 3  0.0000000001
7 1 5 3  0.0138686018
7 1 7 3  -0.0000000007
7 2 2 3  0.0000000003
7 2 4 3  -0.0000000011
7 2 6 3  0.0147516809
7 3 3 3  0.0000000003
7 3 5 3  -0.0000000011
7 3 7 3  0.0147516809
7 4 0 3  0.0138686018
7 4 2 3  -0.0000000011
7 4 4 3  0.0000000002
7 5 1 3  0.0138686018
7 5 3 3  -0.0000000011
7 5 5 3  0.0000000002
7 6 0 3  -0.0000000007
7 6 2 3  0.0147516809
7 6 6 3  0.0000000001
7 7 1 3  -0.0000000007
7 7 3 3  0.0147516809
7 7 7 3  0.0000000001
7 0 0 5  -0.0000000002
7 0 2 5  0.0153060401
7 0 6 5  -0.0000000002
7 1 1 5  -0.0000000002
7 1 3 5  0.0153060401
7 1 7 5  -0.0000000002
7 2 0 5  0.0153060401
7 2 2 5  -0.0000000010
7 2 4 5  0.0000000001
7 3 1 5  0.0153060401
7 3 3 5  -0.0000000010
7 3 5 5  0.0000000001
7 4 2 5  0.0000000001
7 4 4 5  -0.0000000006
7 4 6 5  0.0159617208
7 5 3 5  0.0000000001
7 5 5 5  -0.0000000006
7 5 7 5  0.0159617208
7 6 0 5  -0.0000000002
7 6 4 5  0.0159617208
7 6 6 5  -0.0000000004
7 7 1 5  -0.0000000002
7 7 5 5  0.0159617208
7 7 7 5  -0.0000000004
7 0 0 7  0.2392487198
7 0 2 7  -0.0000000005
7 1 1 7  0.2392487198
7 1 3 7  -0.0000000005
7 2 0 7  -0.0000000005
7 2 2 7  0.2033760759
7 2 6 7  0.0000000001
7 3 1 7  -0.0000000005
7 3 3 7  0.2033760759
7 3 7 7  0.0000000001
7 4 4 7  0.2036847312
7 4 6 7  -0.0000000004
7 5 5 7  0.2036847312
7 5 7 7  -0.0000000004
7 6 2 7  0.0000000001
7 6 4 7  -0.0000000004
7 6 6 7  0.2431410367
7 7 3 7  0.0000000001
7 7 5 7  -0.0000000004
7 7 7 7  0.2431410367

 E(Ref) = -77.2071600956 Hartree, <S**2> = 0.0000
 E(FCI) = -77.6304470976 Hartree, <S**2> = 0.0000
