-73.91465553406591
0 0  -1.5994990604
0 2  -0.0000000077
0 6  0.0000000002
1 1  -1.5994990604
1 3  -0.0000000077
1 7  0.0000000002
2 0  -0.0000000077
2 2  -1.3535423405
2 4  -0.0000000003
3 1  -0.0000000077
3 3  -1.3535423405
3 5  -0.0000000003
4 2  -0.0000000003
4 4  -1.3283973018
4 6  0.0000000014
5 3  -0.0000000003
5 5  -1.3283973018
5 7  0.0000000014
6 0  0.0000000002
6 4  0.0000000014
6 6  -1.4445768718
7 1  0.0000000002
7 5  0.0000000014
7 7  -1.4445768718
0 0 0 0  0.2488206253
0 0 2 0  0.0000000003
0 0 4 0  0.0000000001
0 1 1 0  0.2488206253
0 1 3 0  0.0000000003
0 1 5 0  0.0000000001
0 2 0 0  0.0000000003
0 2 2 0  0.2055006062
0 3 1 0  0.0000000003
0 3 3 0  0.2055006062
0 4 0 0  0.0000000001
0 4 4 0  0.2053838951
0 4 6 0  0.0000000005
0 5 1 0  0.0000000001
0 5 5 0  0.2053838951
0 5 7 0  0.0000000005
0 6 4 0  0.0000000005
0 6 6 0  0.2497498912
0 7 5 0  0.0000000005
0 7 7 0  0.2497498912
0 0 0 2  0.0000000003
0 0 2 2  0.0152258340
0 0 6 2  -0.0000000002
0 1 1 2  0.0000000003
0 1 3 2  0.0152258340
0 1 7 2  -0.0000000002
0 2 0 2  0.0152258340
0 2 2 2  0.0000000006
0 2 4 2  0.0000000001
0 3 1 2  0.0152258340
0 3 3 2  0.0000000006
0 3 5 2  0.0000000001
0 4 2 2  0.0000000001
0 4 4 2  -0.0000000001
0 4 6 2  -0.0158528044
0 5 3 2  0.0000000001
0 5 5 2  -0.0000000001
0 5 7 2  -0.0158528044
0 6 0 2  -0.0000000002
0 6 4 2  -0.0158528044
0 6 6 2  0.0000000008
0 7 1 2  -0.0000000002
0 7 5 2  -0.0158528044
0 7 7 2  0.0000000008
0 0 0 4  0.0000000001
0 0 4 4  0.0124104329
0 0 6 4  0.0000000023
0 1 1 4  0.0000000001
0 1 5 4  0.0124104329
0 1 7 4  0.0000000023
0 2 2 4  0.0000000001
0 2 4 4  -0.0000000022
0 2 6 4  -0.0136909684
0 3 3 4  0.0000000001
0 3 5 4  -0.0000000022
0 3 7 4  -0.0136909684
0 4 0 4  0.0124104329
0 4 2 4  -0.0000000022
0 5 1 4  0.0124104329
0 5 3 4  -0.0000000022
0 6 0 4  0.0000000023
0 6 2 4  -0.0136909684
0 6 6 4  0.0000000001
0 7 1 4  0.0000000023
0 7 3 4  -0.0136909684
0 7 7 4  0.0000000001
0 0 2 6  -0.0000000002
0 0 4 6  0.0000000023
0 0 6 6  0.1061061097
0 1 3 6  -0.0000000002
0 1 5 6  0.0000000023
0 1 7 6  0.1061061097
0 2 0 6  -0.0000000002
0 2 4 6  -0.0899856979
0 2 6 6  0.0000000017
0 3 1 6  -0.0000000002
0 3 5 6  -0.0899856979
0 3 7 6  0.0000000017
0 4 0 6  0.0000000023
0 4 2 6  -0.0899856979
0 5 1 6  0.0000000023
0 5 3 6  -0.0899856979
0 6 0 6  0.1061061097
0 6 2 6  0.0000000017
0 7 1 6  0.1061061097
0 7 3 6  0.0000000017
1 0 0 1  0.2488206253
1 0 2 1  0.0000000003
1 0 4 1  0.0000000001
1 1 1 1  0.2488206253
1 1 3 1  0.0000000003
1 1 5 1  0.0000000001
1 2 0 1  0.0000000003
1 2 2 1  0.2055006062
1 3 1 1  0.0000000003
1 3 3 1  0.2055006062
1 4 0 1  0.0000000001
1 4 4 1  0.2053838951
1 4 6 1  0.0000000005
1 5 1 1  0.0000000001
1 5 5 1  0.2053838951
1 5 7 1  0.0000000005
1 6 4 1  0.0000000005
1 6 6 1  0.2497498912
1 7 5 1  0.0000000005
1 7 7 1  0.2497498912
1 0 0 3  0.0000000003
1 0 2 3  0.0152258340
1 0 6 3  -0.0000000002
1 1 1 3  0.0000000003
1 1 3 3  0.0152258340
1 1 7 3  -0.0000000002
1 2 0 3  0.0152258340
1 2 2 3  0.0000000006
1 2 4 3  0.0000000001
1 3 1 3  0.0152258340
1 3 3 3  0.0000000006
1 3 5 3  0.0000000001
1 4 2 3  0.0000000001
1 4 4 3  -0.0000000001
1 4 6 3  -0.0158528044
1 5 3 3  0.0000000001
1 5 5 3  -0.0000000001
1 5 7 3  -0.0158528044
1 6 0 3  -0.0000000002
1 6 4 3  -0.0158528044
1 6 6 3  0.0000000008
1 7 1 3  -0.0000000002
1 7 5 3  -0.0158528044
1 7 7 3  0.0000000008
1 0 0 5  0.0000000001
1 0 4 5  0.0124104329
1 0 6 5  0.0000000023
1 1 1 5  0.0000000001
1 1 5 5  0.0124104329
1 1 7 5  0.0000000023
1 2 2 5  0.0000000001
1 2 4 5  -0.0000000022
1 2 6 5  -0.0136909684
1 3 3 5  0.0000000001
1 3 5 5  -0.0000000022
1 3 7 5  -0.0136909684
1 4 0 5  0.0124104329
1 4 2 5  -0.0000000022
1 5 1 5  0.0124104329
1 5 3 5  -0.0000000022
1 6 0 5  0.0000000023
1 6 2 5  -0.0136909684
1 6 6 5  0.0000000001
1 7 1 5  0.0000000023
1 7 3 5  -0.0136909684
1 7 7 5  0.0000000001
1 0 2 7  -0.0000000002
1 0 4 7  0.0000000023
1 0 6 7  0.1061061097
1 1 3 7  -0.0000000002
1 1 5 7  0.0000000023
1 1 7 7  0.1061061097
1 2 0 7  -0.0000000002
1 2 4 7  -0.0899856979
1 2 6 7  0.0000000017
1 3 1 7  -0.0000000002
1 3 5 7  -0.0899856979
1 3 7 7  0.0000000017
1 4 0 7  0.0000000023
1 4 2 7  -0.0899856979
1 5 1 7  0.0000000023
1 5 3 7  -0.0899856979
1 6 0 7  0.1061061097
1 6 2 7  0.0000000017
1 7 1 7  0.1061061097
1 7 3 7  0.0000000017
2 0 0 0  0.0000000003
2 0 2 0  0.0152258340
2 0 6 0  -0.0000000002
2 1 1 0  0.0000000003
2 1 3 0  0.0152258340
2 1 7 0  -0.0000000002
2 2 0 0  0.0152258340
2 2 2 0  0.0000000006
2 2 4 0  0.0000000001
2 3 1 0  0.0152258340
2 3 3 0  0.0000000006
2 3 5 0  0.0000000001
2 4 2 0  0.0000000001
2 4 4 0  -0.0000000001
2 4 6 0  -0.0158528044
2 5 3 0  0.0000000001
2 5 5 0  -0.0000000001
2 5 7 0  -0.0158528044
2 6 0 0  -0.0000000002
2 6 4 0  -0.0158528044
2 6 6 0  0.0000000008
2 7 1 0  -0.0000000002
2 7 5 0  -0.0158528044
2 7 7 0  0.0000000008
2 0 0 2  0.2055006062
2 0 2 2  0.0000000006
2 0 4 2  0.0000000001
2 1 1 2  0.2055006062
2 1 3 2  0.0000000006
2 1 5 2  0.0000000001
2 2 0 2  0.0000000006
2 2 2 2  0.2174868662
2 3 1 2  0.0000000006
2 3 3 2  0.2174868662
2 4 0 2  0.0000000001
2 4 4 2  0.2190618421
2 4 6 2  -0.0000000011
2 5 1 2  0.0000000001
2 5 5 2  0.2190618421
2 5 7 2  -0.0000000011
2 6 4 2  -0.0000000011
2 6 6 2  0.2115169023
2 7 5 2  -0.0000000011
2 7 7 2  0.2115169023
2 0 2 4  0.0000000001
2 0 4 4  -0.0000000022
2 0 6 4  -0.0899856979
2 1 3 4  0.0000000001
2 1 5 4  -0.0000000022
2 1 7 4  -0.0899856979
2 2 0 4  0.0000000001
2 2 4 4  0.1176009106
2 2 6 4  -0.0000000022
2 3 1 4  0.0000000001
2 3 5 4  0.1176009106
2 3 7 4  -0.0000000022
2 4 0 4  -0.0000000022
2 4 2 4  0.1176009106
2 4 6 4  0.0000000002
2 5 1 4  -0.0000000022
2 5 3 4  0.1176009106
2 5 7 4  0.0000000002
2 6 0 4  -0.0899856979
2 6 2 4  -0.0000000022
2 6 4 4  0.0000000002
2 7 1 4  -0.0899856979
2 7 3 4  -0.0000000022
2 7 5 4  0.0000000002
2 0 4 6  -0.0136909684
2 0 6 6  0.0000000017
2 1 5 6  -0.0136909684
2 1 7 6  0.0000000017
2 2 4 6  -0.0000000022
2 2 6 6  0.0151260169
2 3 5 6  -0.0000000022
2 3 7 6  0.0151260169
2 4 0 6  -0.0136909684
2 4 2 6  -0.0000000022
2 4 4 6  0.0000000002
2 5 1 6  -0.0136909684
2 5 3 6  -0.0000000022
2 5 5 6  0.0000000002
2 6 0 6  0.0000000017
2 6 2 6  0.0151260169
2 7 1 6  0.0000000017
2 7 3 6  0.0151260169
3 0 0 1  0.0000000003
3 0 2 1  0.0152258340
3 0 6 1  -0.0000000002
3 1 1 1  0.0000000003
3 1 3 1  0.0152258340
3 1 7 1  -0.0000000002
3 2 0 1  0.0152258340
3 2 2 1  0.0000000006
3 2 4 1  0.0000000001
3 3 1 1  0.0152258340
3 3 3 1  0.0000000006
3 3 5 1  0.0000000001
3 4 2 1  0.0000000001
3 4 4 1  -0.0000000001
3 4 6 1  -0.0158528044
3 5 3 1  0.0000000001
3 5 5 1  -0.0000000001
3 5 7 1  -0.0158528044
3 6 0 1  -0.0000000002
3 6 4 1  -0.0158528044
3 6 6 1  0.0000000008
3 7 1 1  -0.0000000002
3 7 5 1  -0.0158528044
3 7 7 1  0.0000000008
3 0 0 3  0.2055006062
3 0 2 3  0.0000000006
3 0 4 3  0.0000000001
3 1 1 3  0.2055006062
3 1 3 3  0.0000000006
3 1 5 3  0.0000000001
3 2 0 3  0.0000000006
3 2 2 3  0.2174868662
3 3 1 3  0.0000000006
3 3 3 3  0.2174868662
3 4 0 3  0.0000000001
3 4 4 3  0.2190618421
3 4 6 3  -0.0000000011
3 5 1 3  0.0000000001
3 5 5 3  0.2190618421
3 5 7 3  -0.0000000011
3 6 4 3  -0.0000000011
3 6 6 3  0.2115169023
3 7 5 3  -0.0000000011
3 7 7 3  0.2115169023
3 0 2 5  0.0000000001
3 0 4 5  -0.0000000022
3 0 6 5  -0.0899856979
3 1 3 5  0.0000000001
3 1 5 5  -0.0000000022
3 1 7 5  -0.0899856979
3 2 0 5  0.0000000001
3 2 4 5  0.1176009106
3 2 6 5  -0.0000000022
3 3 1 5  0.0000000001
3 3 5 5  0.1176009106
3 3 7 5  -0.0000000022
3 4 0 5  -0.0000000022
3 4 2 5  0.1176009106
3 4 6 5  0.0000000002
3 5 1 5  -0.0000000022
3 5 3 5  0.1176009106
3 5 7 5  0.0000000002
3 6 0 5  -0.0899856979
3 6 2 5  -0.0000000022
3 6 4 5  0.0000000002
3 7 1 5  -0.0899856979
3 7 3 5  -0.0000000022
3 7 5 5  0.0000000002
3 0 4 7  -0.0136909684
3 0 6 7  0.0000000017
3 1 5 7  -0.0136909684
3 1 7 7  0.0000000017
3 2 4 7  -0.0000000022
3 2 6 7  0.0151260169
3 3 5 7  -0.0000000022
3 3 7 7  0.0151260169
3 4 0 7  -0.0136909684
3 4 2 7  -0.0000000022
3 4 4 7  0.0000000002
3 5 1 7  -0.0136909684
3 5 3 7  -0.0000000022
3 5 5 7  0.0000000002
3 6 0 7  0.0000000017
3 6 2 7  0.0151260169
3 7 1 7  0.0000000017
3 7 3 7  0.0151260169
4 0 0 0  0.0000000001
4 0 4 0  0.0124104329
4 0 6 0  0.0000000023
4 1 1 0  0.0000000001
4 1 5 0  0.0124104329
4 1 7 0  0.0000000023
4 2 2 0  0.0000000001
4 2 4 0  -0.0000000022
4 2 6 0  -0.0136909684
4 3 3 0  0.0000000001
4 3 5 0  -0.0000000022
4 3 7 0  -0.0136909684
4 4 0 0  0.0124104329
4 4 2 0  -0.0000000022
4 5 1 0  0.0124104329
4 5 3 0  -0.0000000022
4 6 0 0  0.0000000023
4 6 2 0  -0.0136909684
4 6 6 0  0.0000000001
4 7 1 0  0.0000000023
4 7 3 0  -0.0136909684
4 7 7 0  0.0000000001
4 0 2 2  0.0000000001
4 0 4 2  -0.0000000022
4 0 6 2  -0.0899856979
4 1 3 2  0.0000000001
4 1 5 2  -0.0000000022
4 1 7 2  -0.0899856979
4 2 0 2  0.0000000001
4 2 4 2  0.1176009106
4 2 6 2  -0.0000000022
4 3 1 2  0.0000000001
4 3 5 2  0.1176009106
4 3 7 2  -0.0000000022
4 4 0 2  -0.0000000022
4 4 2 2  0.1176009106
4 4 6 2  0.0000000002
4 5 1 2  -0.0000000022
4 5 3 2  0.1176009106
4 5 7 2  0.0000000002
4 6 0 2  -0.0899856979
4 6 2 2  -0.0000000022
4 6 4 2  0.0000000002
4 7 1 2  -0.0899856979
4 7 3 2  -0.0000000022
4 7 5 2  0.0000000002
4 0 0 4  0.2053838951
4 0 2 4  -0.0000000001
4 1 1 4  0.2053838951
4 1 3 4  -0.0000000001
4 2 0 4  -0.0000000001
4 2 2 4  0.2190618421
4 2 6 4  0.0000000002
4 3 1 4  -0.0000000001
4 3 3 4  0.2190618421
4 3 7 4  0.0000000002
4 4 4 4  0.2207697397
4 4 6 4  -0.0000000003
4 5 5 4  0.2207697397
4 5 7 4  -0.0000000003
4 6 2 4  0.0000000002
4 6 4 4  -0.0000000003
4 6 6 4  0.2119264084
4 7 3 4  0.0000000002
4 7 5 4  -0.0000000003
4 7 7 4  0.2119264084
4 0 0 6  0.0000000005
4 0 2 6  -0.0158528044
4 1 1 6  0.0000000005
4 1 3 6  -0.0158528044
4 2 0 6  -0.0158528044
4 2 2 6  -0.0000000011
4 2 4 6  0.0000000002
4 3 1 6  -0.0158528044
4 3 3 6  -0.0000000011
4 3 5 6  0.0000000002
4 4 2 6  0.0000000002
4 4 4 6  -0.0000000003
4 4 6 6  0.0167799499
4 5 3 6  0.0000000002
4 5 5 6  -0.0000000003
4 5 7 6  0.0167799499
4 6 4 6  0.0167799499
4 6 6 6  -0.0000000001
4 7 5 6  0.0167799499
4 7 7 6  -0.0000000001
5 0 0 1  0.0000000001
5 0 4 1  0.0124104329
5 0 6 1  0.0000000023
5 1 1 1  0.0000000001
5 1 5 1  0.0124104329
5 1 7 1  0.0000000023
5 2 2 1  0.0000000001
5 2 4 1  -0.0000000022
5 2 6 1  -0.0136909684
5 3 3 1  0.0000000001
5 3 5 1  -0.0000000022
5 3 7 1  -0.0136909684
5 4 0 1  0.0124104329
5 4 2 1  -0.0000000022
5 5 1 1  0.0124104329
5 5 3 1  -0.0000000022
5 6 0 1  0.0000000023
5 6 2 1  -0.0136909684
5 6 6 1  0.0000000001
5 7 1 1  0.0000000023
5 7 3 1  -0.0136909684
5 7 7 1  0.0000000001
5 0 2 3  0.0000000001
5 0 4 3  -0.0000000022
5 0 6 3  -0.0899856979
5 1 3 3  0.0000000001
5 1 5 3  -0.0000000022
5 1 7 3  -0.0899856979
5 2 0 3  0.0000000001
5 2 4 3  0.1176009106
5 2 6 3  -0.0000000022
5 3 1 3  0.0000000001
5 3 5 3  0.1176009106
5 3 7 3  -0.0000000022
5 4 0 3  -0.0000000022
5 4 2 3  0.1176009106
5 4 6 3  0.0000000002
5 5 1 3  -0.0000000022
5 5 3 3  0.1176009106
5 5 7 3  0.0000000002
5 6 0 3  -0.0899856979
5 6 2 3  -0.0000000022
5 6 4 3  0.0000000002
5 7 1 3  -0.0899856979
5 7 3 3  -0.0000000022
5 7 5 3  0.0000000002
5 0 0 5  0.2053838951
5 0 2 5  -0.0000000001
5 1 1 5  0.2053838951
5 1 3 5  -0.0000000001
5 2 0 5  -0.0000000001
5 2 2 5  0.2190618421
5 2 6 5  0.0000000002
5 3 1 5  -0.0000000001
5 3 3 5  0.2190618421
5 3 7 5  0.0000000002
5 4 4 5  0.2207697397
5 4 6 5  -0.0000000003
5 5 5 5  0.2207697397
5 5 7 5  -0.0000000003
5 6 2 5  0.0000000002
5 6 4 5  -0.0000000003
5 6 6 5  0.2119264084
5 7 3 5  0.0000000002
5 7 5 5  -0.0000000003
5 7 7 5  0.2119264084
5 0 0 7  0.0000000005
5 0 2 7  -0.0158528044
5 1 1 7  0.0000000005
5 1 3 7  -0.0158528044
5 2 0 7  -0.0158528044
5 2 2 7  -0.0000000011
5 2 4 7  0.0000000002
5 3 1 7  -0.0158528044
5 3 3 7  -0.0000000011
5 3 5 7  0.0000000002
5 4 2 7  0.0000000002
5 4 4 7  -0.0000000003
5 4 6 7  0.0167799499
5 5 3 7  0.0000000002
5 5 5 7  -0.0000000003
5 5 7 7  0.0167799499
5 6 4 7  0.0167799499
5 6 6 7  -0.0000000001
5 7 5 7  0.0167799499
5 7 7 7  -0.0000000001
6 0 2 0  -0.0000000002
6 0 4 0  0.0000000023
6 0 6 0  0.1061061097
6 1 3 0  -0.0000000002
6 1 5 0  0.0000000023
6 1 7 0  0.1061061097
6 2 0 0  -0.0000000002
6 2 4 0  -0.0899856979
6 2 6 0  0.0000000017
6 3 1 0  -0.0000000002
6 3 5 0  -0.0899856979
6 3 7 0  0.0000000017
6 4 0 0  0.0000000023
6 4 2 0  -0.0899856979
6 5 1 0  0.0000000023
6 5 3 0  -0.0899856979
6 6 0 0  0.1061061097
6 6 2 0  0.0000000017
6 7 1 0  0.1061061097
6 7 3 0  0.0000000017
6 0 4 2  -0.0136909684
6 0 6 2  0.0000000017
6 1 5 2  -0.0136909684
6 1 7 2  0.0000000017
6 2 4 2  -0.0000000022
6 2 6 2  0.0151260169
6 3 5 2  -0.0000000022
6 3 7 2  0.0151260169
6 4 0 2  -0.0136909684
6 4 2 2  -0.0000000022
6 4 4 2  0.0000000002
6 5 1 2  -0.0136909684
6 5 3 2  -0.0000000022
6 5 5 2  0.0000000002
6 6 0 2  0.0000000017
6 6 2 2  0.0151260169
6 7 1 2  0.0000000017
6 7 3 2  0.0151260169
6 0 0 4  0.0000000005
6 0 2 4  -0.0158528044
6 1 1 4  0.0000000005
6 1 3 4  -0.0158528044
6 2 0 4  -0.0158528044
6 2 2 4  -0.0000000011
6 2 4 4  0.0000000002
6 3 1 4  -0.0158528044
6 3 3 4  -0.0000000011
6 3 5 4  0.0000000002
6 4 2 4  0.0000000002
6 4 4 4  -0.0000000003
6 4 6 4  0.0167799499
6 5 3 4  0.0000000002
6 5 5 4  -0.0000000003
6 5 7 4  0.0167799499
6 6 4 4  0.0167799499
6 6 6 4  -0.0000000001
6 7 5 4  0.0167799499
6 7 7 4  -0.0000000001
6 0 0 6  0.2497498912
6 0 2 6  0.0000000008
6 0 4 6  0.0000000001
6 1 1 6  0.2497498912
6 1 3 6  0.0000000008
6 1 5 6  0.0000000001
6 2 0 6  0.0000000008
6 2 2 6  0.2115169023
6 3 1 6  0.0000000008
6 3 3 6  0.2115169023
6 4 0 6  0.0000000001
6 4 4 6  0.2119264084
6 4 6 6  -0.0000000001
6 5 1 6  0.0000000001
6 5 5 6  0.2119264084
6 5 7 6  -0.0000000001
6 6 4 6  -0.0000000001
6 6 6 6  0.2546509618
6 7 5 6  -0.0000000001
6 7 7 6  0.2546509618
7 0 2 1  -0.0000000002
7 0 4 1  0.0000000023
7 0 6 1  0.1061061097
7 1 3 1  -0.0000000002
7 1 5 1  0.0000000023
7 1 7 1  0.1061061097
7 2 0 1  -0.0000000002
7 2 4 1  -0.0899856979
7 2 6 1  0.0000000017
7 3 1 1  -0.0000000002
7 3 5 1  -0.0899856979
7 3 7 1  0.0000000017
7 4 0 1  0.0000000023
7 4 2 1  -0.0899856979
7 5 1 1  0.0000000023
7 5 3 1  -0.0899856979
7 6 0 1  0.1061061097
7 6 2 1  0.0000000017
7 7 1 1  0.1061061097
7 7 3 1  0.0000000017
7 0 4 3  -0.0136909684
7 0 6 3  0.0000000017
7 1 5 3  -0.0136909684
7 1 7 3  0.0000000017
7 2 4 3  -0.0000000022
7 2 6 3  0.0151260169
7 3 5 3  -0.0000000022
7 3 7 3  0.0151260169
7 4 0 3  -0.0136909684
7 4 2 3  -0.0000000022
7 4 4 3  0.0000000002
7 5 1 3  -0.0136909684
7 5 3 3  -0.0000000022
7 5 5 3  0.0000000002
7 6 0 3  0.0000000017
7 6 2 3  0.0151260169
7 7 1 3  0.0000000017
7 7 3 3  0.0151260169
7 0 0 5  0.0000000005
7 0 2 5  -0.0158528044
7 1 1 5  0.0000000005
7 1 3 5  -0.0158528044
7 2 0 5  -0.0158528044
7 2 2 5  -0.0000000011
7 2 4 5  0.0000000002
7 3 1 5  -0.0158528044
7 3 3 5  -0.0000000011
7 3 5 5  0.0000000002
7 4 2 5  0.0000000002
7 4 4 5  -0.0000000003
7 4 6 5  0.0167799499
7 5 3 5  0.0000000002
7 5 5 5  -0.0000000003
7 5 7 5  0.0167799499
7 6 4 5  0.0167799499
7 6 6 5  -0.0000000001
7 7 5 5  0.0167799499
7 7 7 5  -0.0000000001
7 0 0 7  0.2497498912
7 0 2 7  0.0000000008
7 0 4 7  0.0000000001
7 1 1 7  0.2497498912
7 1 3 7  0.0000000008
7 1 5 7  0.0000000001
7 2 0 7  0.0000000008
7 2 2 7  0.2115169023
7 3 1 7  0.0000000008
7 3 3 7  0.2115169023
7 4 0 7  0.0000000001
7 4 4 7  0.2119264084
7 4 6 7  -0.0000000001
7 5 1 7  0.0000000001
7 5 5 7  0.2119264084
7 5 7 7  -0.0000000001
7 6 4 7  -0.0000000001
7 6 6 7  0.2546509618
7 7 5 7  -0.0000000001
7 7 7 7  0.2546509618
