-74.10295395942782
0 0  -1.4510694035
0 2  0.0000001112
0 4  -0.0000000073
0 6  -0.0000000007
1 1  -1.4510694035
1 3  0.0000001112
1 5  -0.0000000073
1 7  -0.0000000007
2 0  0.0000001112
2 2  -1.2703020463
2 4  0.0000000008
2 6  0.0000000042
3 1  0.0000001112
3 3  -1.2703020463
3 5  0.0000000008
3 7  0.0000000042
4 0  -0.0000000073
4 2  0.0000000008
4 4  -1.2627117685
4 6  -0.0000000911
5 1  -0.0000000073
5 3  0.0000000008
5 5  -1.2627117685
5 7  -0.0000000911
6 0  -0.0000000007
6 2  0.0000000042
6 4  -0.0000000911
6 6  -1.3923945524
7 1  -0.0000000007
7 3  0.0000000042
7 5  -0.0000000911
7 7  -1.3923945524
0 0 0 0  0.2314560298
0 0 2 0  -0.0000000042
0 0 4 0  0.0000000004
0 1 1 0  0.2314560298
0 1 3 0  -0.0000000042
0 1 5 0  0.0000000004
0 2 0 0  -0.0000000042
0 2 2 0  0.1954166256
0 2 6 0  -0.0000000003
0 3 1 0  -0.0000000042
0 3 3 0  0.1954166256
0 3 7 0  -0.0000000003
0 4 0 0  0.0000000004
0 4 4 0  0.1955688872
0 4 6 0  0.0000000083
0 5 1 0  0.0000000004
0 5 5 0  0.1955688872
0 5 7 0  0.0000000083
0 6 2 0  -0.0000000003
0 6 4 0  0.0000000083
0 6 6 0  0.2337236674
0 7 3 0  -0.0000000003
0 7 5 0  0.0000000083
0 7 7 0  0.2337236674
0 0 0 2  -0.0000000042
0 0 2 2  0.0146540881
0 0 6 2  0.0000000009
0 1 1 2  -0.0000000042
0 1 3 2  0.0146540881
0 1 7 2  0.0000000009
0 2 0 2  0.0146540881
0 2 2 2  -0.0000000088
0 2 4 2  -0.0000000005
0 3 1 2  0.0146540881
0 3 3 2  -0.0000000088
0 3 5 2  -0.0000000005
0 4 2 2  -0.0000000005
0 4 4 2  -0.0000000120
0 4 6 2  -0.0150940401
0 5 3 2  -0.0000000005
0 5 5 2  -0.0000000120
0 5 7 2  -0.0150940401
0 6 0 2  0.0000000009
0 6 4 2  -0.0150940401
0 7 1 2  0.0000000009
0 7 5 2  -0.0150940401
0 0 0 4  0.0000000004
0 0 4 4  0.0133884183
0 0 6 4  0.0000000052
0 1 1 4  0.0000000004
0 1 5 4  0.0133884183
0 1 7 4  0.0000000052
0 2 2 4  0.0000000003
0 2 4 4  -0.0000000116
0 2 6 4  -0.0139793190
0 3 3 4  0.0000000003
0 3 5 4  -0.0000000116
0 3 7 4  -0.0139793190
0 4 0 4  0.0133884183
0 4 2 4  -0.0000000116
0 4 4 4  0.0000000004
0 5 1 4  0.0133884183
0 5 3 4  -0.0000000116
0 5 5 4  0.0000000004
0 6 0 4  0.0000000052
0 6 2 4  -0.0139793190
0 6 6 4  0.0000000005
0 7 1 4  0.0000000052
0 7 3 4  -0.0139793190
0 7 7 4  0.0000000005
0 0 2 6  0.0000000009
0 0 4 6  0.0000000052
0 0 6 6  0.1195603632
0 1 3 6  0.0000000009
0 1 5 6  0.0000000052
0 1 7 6  0.1195603632
0 2 0 6  0.0000000009
0 2 4 6  -0.0997679912
0 2 6 6  0.0000000160
0 3 1 6  0.0000000009
0 3 5 6  -0.0997679912
0 3 7 6  0.0000000160
0 4 0 6  0.0000000052
0 4 2 6  -0.0997679912
0 4 6 6  0.0000000003
0 5 1 6  0.0000000052
0 5 3 6  -0.0997679912
0 5 7 6  0.0000000003
0 6 0 6  0.1195603632
0 6 2 6  0.0000000160
0 6 4 6  0.0000000003
0 7 1 6  0.1195603632
0 7 3 6  0.0000000160
0 7 5 6  0.0000000003
1 0 0 1  0.2314560298
1 0 2 1  -0.0000000042
1 0 4 1  0.0000000004
1 1 1 1  0.2314560298
1 1 3 1  -0.0000000042
1 1 5 1  0.0000000004
1 2 0 1  -0.0000000042
1 2 2 1  0.1954166256
1 2 6 1  -0.0000000003
1 3 1 1  -0.0000000042
1 3 3 1  0.1954166256
1 3 7 1  -0.0000000003
1 4 0 1  0.0000000004
1 4 4 1  0.1955688872
1 4 6 1  0.0000000083
1 5 1 1  0.0000000004
1 5 5 1  0.1955688872
1 5 7 1  0.0000000083
1 6 2 1  -0.0000000003
1 6 4 1  0.0000000083
1 6 6 1  0.2337236674
1 7 3 1  -0.0000000003
1 7 5 1  0.0000000083
1 7 7 1  0.2337236674
1 0 0 3  -0.0000000042
1 0 2 3  0.0146540881
1 0 6 3  0.0000000009
1 1 1 3  -0.0000000042
1 1 3 3  0.0146540881
1 1 7 3  0.0000000009
1 2 0 3  0.0146540881
1 2 2 3  -0.0000000088
1 2 4 3  -0.0000000005
1 3 1 3  0.0146540881
1 3 3 3  -0.0000000088
1 3 5 3  -0.0000000005
1 4 2 3  -0.0000000005
1 4 4 3  -0.0000000120
1 4 6 3  -0.0150940401
1 5 3 3  -0.0000000005
1 5 5 3  -0.0000000120
1 5 7 3  -0.0150940401
1 6 0 3  0.0000000009
1 6 4 3  -0.0150940401
1 7 1 3  0.0000000009
1 7 5 3  -0.0150940401
1 0 0 5  0.0000000004
1 0 4 5  0.0133884183
1 0 6 5  0.0000000052
1 1 1 5  0.0000000004
1 1 5 5  0.0133884183
1 1 7 5  0.0000000052
1 2 2 5  0.0000000003
1 2 4 5  -0.0000000116
1 2 6 5  -0.0139793190
1 3 3 5  0.0000000003
1 3 5 5  -0.0000000116
1 3 7 5  -0.0139793190
1 4 0 5  0.0133884183
1 4 2 5  -0.0000000116
1 4 4 5  0.0000000004
1 5 1 5  0.0133884183
1 5 3 5  -0.0000000116
1 5 5 5  0.0000000004
1 6 0 5  0.0000000052
1 6 2 5  -0.0139793190
1 6 6 5  0.0000000005
1 7 1 5  0.0000000052
1 7 3 5  -0.0139793190
1 7 7 5  0.0000000005
1 0 2 7  0.0000000009
1 0 4 7  0.0000000052
1 0 6 7  0.1195603632
1 1 3 7  0.0000000009
1 1 5 7  0.0000000052
1 1 7 7  0.1195603632
1 2 0 7  0.0000000009
1 2 4 7  -0.0997679912
1 2 6 7  0.0000000160
1 3 1 7  0.0000000009
1 3 5 7  -0.0997679912
1 3 7 7  0.0000000160
1 4 0 7  0.0000000052
1 4 2 7  -0.0997679912
1 4 6 7  0.0000000003
1 5 1 7  0.0000000052
1 5 3 7  -0.0997679912
1 5 7 7  0.0000000003
1 6 0 7  0.1195603632
1 6 2 7  0.0000000160
1 6 4 7  0.0000000003
1 7 1 7  0.1195603632
1 7 3 7  0.0000000160
1 7 5 7  0.0000000003
2 0 0 0  -0.0000000042
2 0 2 0  0.0146540881
2 0 6 0  0.0000000009
2 1 1 0  -0.0000000042
2 1 3 0  0.0146540881
2 1 7 0  0.0000000009
2 2 0 0  0.0146540881
2 2 2 0  -0.0000000088
2 2 4 0  -0.0000000005
2 3 1 0  0.0146540881
2 3 3 0  -0.0000000088
2 3 5 0  -0.0000000005
2 4 2 0  -0.0000000005
2 4 4 0  -0.0000000120
2 4 6 0  -0.0150940401
2 5 3 0  -0.0000000005
2 5 5 0  -0.0000000120
2 5 7 0  -0.0150940401
2 6 0 0  0.0000000009
2 6 4 0  -0.0150940401
2 7 1 0  0.0000000009
2 7 5 0  -0.0150940401
2 0 0 2  0.1954166256
2 0 2 2  -0.0000000088
2 0 4 2  0.0000000003
2 1 1 2  0.1954166256
2 1 3 2  -0.0000000088
2 1 5 2  0.0000000003
2 2 0 2  -0.0000000088
2 2 2 2  0.2104574575
2 2 6 2  -0.0000000006
2 3 1 2  -0.0000000088
2 3 3 2  0.2104574575
2 3 7 2  -0.0000000006
2 4 0 2  0.0000000003
2 4 4 2  0.2111102411
2 4 6 2  0.0000000098
2 5 1 2  0.0000000003
2 5 5 2  0.2111102411
2 5 7 2  0.0000000098
2 6 2 2  -0.0000000006
2 6 4 2  0.0000000098
2 6 6 2  0.1989377047
2 7 3 2  -0.0000000006
2 7 5 2  0.0000000098
2 7 7 2  0.1989377047
2 0 2 4  -0.0000000005
2 0 4 4  -0.0000000116
2 0 6 4  -0.0997679912
2 1 3 4  -0.0000000005
2 1 5 4  -0.0000000116
2 1 7 4  -0.0997679912
2 2 0 4  -0.0000000005
2 2 4 4  0.1255044235
2 2 6 4  -0.0000000086
2 3 1 4  -0.0000000005
2 3 5 4  0.1255044235
2 3 7 4  -0.0000000086
2 4 0 4  -0.0000000116
2 4 2 4  0.1255044235
2 4 6 4  -0.0000000008
2 5 1 4  -0.0000000116
2 5 3 4  0.1255044235
2 5 7 4  -0.0000000008
2 6 0 4  -0.0997679912
2 6 2 4  -0.0000000086
2 6 4 4  -0.0000000008
2 7 1 4  -0.0997679912
2 7 3 4  -0.0000000086
2 7 5 4  -0.0000000008
2 0 0 6  -0.0000000003
2 0 4 6  -0.0139793190
2 0 6 6  0.0000000160
2 1 1 6  -0.0000000003
2 1 5 6  -0.0139793190
2 1 7 6  0.0000000160
2 2 2 6  -0.0000000006
2 2 4 6  -0.0000000086
2 2 6 6  0.0146001124
2 3 3 6  -0.0000000006
2 3 5 6  -0.0000000086
2 3 7 6  0.0146001124
2 4 0 6  -0.0139793190
2 4 2 6  -0.0000000086
2 4 4 6  -0.0000000006
2 5 1 6  -0.0139793190
2 5 3 6  -0.0000000086
2 5 5 6  -0.0000000006
2 6 0 6  0.0000000160
2 6 2 6  0.0146001124
2 6 6 6  -0.0000000004
2 7 1 6  0.0000000160
2 7 3 6  0.0146001124
2 7 7 6  -0.0000000004
3 0 0 1  -0.0000000042
3 0 2 1  0.0146540881
3 0 6 1  0.0000000009
3 1 1 1  -0.0000000042
3 1 3 1  0.0146540881
3 1 7 1  0.0000000009
3 2 0 1  0.0146540881
3 2 2 1  -0.0000000088
3 2 4 1  -0.0000000005
3 3 1 1  0.0146540881
3 3 3 1  -0.0000000088
3 3 5 1  -0.0000000005
3 4 2 1  -0.0000000005
3 4 4 1  -0.0000000120
3 4 6 1  -0.0150940401
3 5 3 1  -0.0000000005
3 5 5 1  -0.0000000120
3 5 7 1  -0.0150940401
3 6 0 1  0.0000000009
3 6 4 1  -0.0150940401
3 7 1 1  0.0000000009
3 7 5 1  -0.0150940401
3 0 0 3  0.1954166256
3 0 2 3  -0.0000000088
3 0 4 3  0.0000000003
3 1 1 3  0.1954166256
3 1 3 3  -0.0000000088
3 1 5 3  0.0000000003
3 2 0 3  -0.0000000088
3 2 2 3  0.2104574575
3 2 6 3  -0.0000000006
3 3 1 3  -0.0000000088
3 3 3 3  0.2104574575
3 3 7 3  -0.0000000006
3 4 0 3  0.0000000003
3 4 4 3  0.2111102411
3 4 6 3  0.0000000098
3 5 1 3  0.0000000003
3 5 5 3  0.2111102411
3 5 7 3  0.0000000098
3 6 2 3  -0.0000000006
3 6 4 3  0.0000000098
3 6 6 3  0.1989377047
3 7 3 3  -0.0000000006
3 7 5 3  0.0000000098
3 7 7 3  0.1989377047
3 0 2 5  -0.0000000005
3 0 4 5  -0.0000000116
3 0 6 5  -0.0997679912
3 1 3 5  -0.0000000005
3 1 5 5  -0.0000000116
3 1 7 5  -0.0997679912
3 2 0 5  -0.0000000005
3 2 4 5  0.1255044235
3 2 6 5  -0.0000000086
3 3 1 5  -0.0000000005
3 3 5 5  0.1255044235
3 3 7 5  -0.0000000086
3 4 0 5  -0.0000000116
3 4 2 5  0.1255044235
3 4 6 5  -0.0000000008
3 5 1 5  -0.0000000116
3 5 3 5  0.1255044235
3 5 7 5  -0.0000000008
3 6 0 5  -0.0997679912
3 6 2 5  -0.0000000086
3 6 4 5  -0.0000000008
3 7 1 5  -0.0997679912
3 7 3 5  -0.0000000086
3 7 5 5  -0.0000000008
3 0 0 7  -0.0000000003
3 0 4 7  -0.0139793190
3 0 6 7  0.0000000160
3 1 1 7  -0.0000000003
3 1 5 7  -0.0139793190
3 1 7 7  0.0000000160
3 2 2 7  -0.0000000006
3 2 4 7  -0.0000000086
3 2 6 7  0.0146001124
3 3 3 7  -0.0000000006
3 3 5 7  -0.0000000086
3 3 7 7  0.0146001124
3 4 0 7  -0.0139793190
3 4 2 7  -0.0000000086
3 4 4 7  -0.0000000006
3 5 1 7  -0.0139793190
3 5 3 7  -0.0000000086
3 5 5 7  -0.0000000006
3 6 0 7  0.0000000160
3 6 2 7  0.0146001124
3 6 6 7  -0.0000000004
3 7 1 7  0.0000000160
3 7 3 7  0.0146001124
3 7 7 7  -0.0000000004
4 0 0 0  0.0000000004
4 0 4 0  0.0133884183
4 0 6 0  0.0000000052
4 1 1 0  0.0000000004
4 1 5 0  0.0133884183
4 1 7 0  0.0000000052
4 2 2 0  0.0000000003
4 2 4 0  -0.0000000116
4 2 6 0  -0.0139793190
4 3 3 0  0.0000000003
4 3 5 0  -0.0000000116
4 3 7 0  -0.0139793190
4 4 0 0  0.0133884183
4 4 2 0  -0.0000000116
4 4 4 0  0.0000000004
4 5 1 0  0.0133884183
4 5 3 0  -0.0000000116
4 5 5 0  0.0000000004
4 6 0 0  0.0000000052
4 6 2 0  -0.0139793190
4 6 6 0  0.0000000005
4 7 1 0  0.0000000052
4 7 3 0  -0.0139793190
4 7 7 0  0.0000000005
4 0 2 2  -0.0000000005
4 0 4 2  -0.0000000116
4 0 6 2  -0.0997679912
4 1 3 2  -0.0000000005
4 1 5 2  -0.0000000116
4 1 7 2  -0.0997679912
4 2 0 2  -0.0000000005
4 2 4 2  0.1255044235
4 2 6 2  -0.0000000086
4 3 1 2  -0.0000000005
4 3 5 2  0.1255044235
4 3 7 2  -0.0000000086
4 4 0 2  -0.0000000116
4 4 2 2  0.1255044235
4 4 6 2  -0.0000000008
4 5 1 2  -0.0000000116
4 5 3 2  0.1255044235
4 5 7 2  -0.0000000008
4 6 0 2  -0.0997679912
4 6 2 2  -0.0000000086
4 6 4 2  -0.0000000008
4 7 1 2  -0.0997679912
4 7 3 2  -0.0000000086
4 7 5 2  -0.0000000008
4 0 0 4  0.1955688872
4 0 2 4  -0.0000000120
4 0 4 4  0.0000000004
4 1 1 4  0.1955688872
4 1 3 4  -0.0000000120
4 1 5 4  0.0000000004
4 2 0 4  -0.0000000120
4 2 2 4  0.2111102411
4 2 6 4  -0.0000000006
4 3 1 4  -0.0000000120
4 3 3 4  0.2111102411
4 3 7 4  -0.0000000006
4 4 0 4  0.0000000004
4 4 4 4  0.2117780750
4 4 6 4  0.0000000131
4 5 1 4  0.0000000004
4 5 5 4  0.2117780750
4 5 7 4  0.0000000131
4 6 2 4  -0.0000000006
4 6 4 4  0.0000000131
4 6 6 4  0.1991745477
4 7 3 4  -0.0000000006
4 7 5 4  0.0000000131
4 7 7 4  0.1991745477
4 0 0 6  0.0000000083
4 0 2 6  -0.0150940401
4 0 6 6  0.0000000003
4 1 1 6  0.0000000083
4 1 3 6  -0.0150940401
4 1 7 6  0.0000000003
4 2 0 6  -0.0150940401
4 2 2 6  0.0000000098
4 2 4 6  -0.0000000008
4 3 1 6  -0.0150940401
4 3 3 6  0.0000000098
4 3 5 6  -0.0000000008
4 4 2 6  -0.0000000008
4 4 4 6  0.0000000131
4 4 6 6  0.0155858514
4 5 3 6  -0.0000000008
4 5 5 6  0.0000000131
4 5 7 6  0.0155858514
4 6 0 6  0.0000000003
4 6 4 6  0.0155858514
4 6 6 6  0.0000000044
4 7 1 6  0.0000000003
4 7 5 6  0.0155858514
4 7 7 6  0.0000000044
5 0 0 1  0.0000000004
5 0 4 1  0.0133884183
5 0 6 1  0.0000000052
5 1 1 1  0.0000000004
5 1 5 1  0.0133884183
5 1 7 1  0.0000000052
5 2 2 1  0.0000000003
5 2 4 1  -0.0000000116
5 2 6 1  -0.0139793190
5 3 3 1  0.0000000003
5 3 5 1  -0.0000000116
5 3 7 1  -0.0139793190
5 4 0 1  0.0133884183
5 4 2 1  -0.0000000116
5 4 4 1  0.0000000004
5 5 1 1  0.0133884183
5 5 3 1  -0.0000000116
5 5 5 1  0.0000000004
5 6 0 1  0.0000000052
5 6 2 1  -0.0139793190
5 6 6 1  0.0000000005
5 7 1 1  0.0000000052
5 7 3 1  -0.0139793190
5 7 7 1  0.0000000005
5 0 2 3  -0.0000000005
5 0 4 3  -0.0000000116
5 0 6 3  -0.0997679912
5 1 3 3  -0.0000000005
5 1 5 3  -0.0000000116
5 1 7 3  -0.0997679912
5 2 0 3  -0.0000000005
5 2 4 3  0.1255044235
5 2 6 3  -0.0000000086
5 3 1 3  -0.0000000005
5 3 5 3  0.1255044235
5 3 7 3  -0.0000000086
5 4 0 3  -0.0000000116
5 4 2 3  0.1255044235
5 4 6 3  -0.0000000008
5 5 1 3  -0.0000000116
5 5 3 3  0.1255044235
5 5 7 3  -0.0000000008
5 6 0 3  -0.0997679912
5 6 2 3  -0.0000000086
5 6 4 3  -0.0000000008
5 7 1 3  -0.0997679912
5 7 3 3  -0.0000000086
5 7 5 3  -0.0000000008
5 0 0 5  0.1955688872
5 0 2 5  -0.0000000120
5 0 4 5  0.0000000004
5 1 1 5  0.1955688872
5 1 3 5  -0.0000000120
5 1 5 5  0.0000000004
5 2 0 5  -0.0000000120
5 2 2 5  0.2111102411
5 2 6 5  -0.0000000006
5 3 1 5  -0.0000000120
5 3 3 5  0.2111102411
5 3 7 5  -0.0000000006
5 4 0 5  0.0000000004
5 4 4 5  0.2117780750
5 4 6 5  0.0000000131
5 5 1 5  0.0000000004
5 5 5 5  0.2117780750
5 5 7 5  0.0000000131
5 6 2 5  -0.0000000006
5 6 4 5  0.0000000131
5 6 6 5  0.1991745477
5 7 3 5  -0.0000000006
5 7 5 5  0.0000000131
5 7 7 5  0.1991745477
5 0 0 7  0.0000000083
5 0 2 7  -0.0150940401
5 0 6 7  0.0000000003
5 1 1 7  0.0000000083
5 1 3 7  -0.0150940401
5 1 7 7  0.0000000003
5 2 0 7  -0.0150940401
5 2 2 7  0.0000000098
5 2 4 7  -0.0000000008
5 3 1 7  -0.0150940401
5 3 3 7  0.0000000098
5 3 5 7  -0.0000000008
5 4 2 7  -0.0000000008
5 4 4 7  0.0000000131
5 4 6 7  0.0155858514
5 5 3 7  -0.0000000008
5 5 5 7  0.0000000131
5 5 7 7  0.0155858514
5 6 0 7  0.0000000003
5 6 4 7  0.0155858514
5 6 6 7  0.0000000044
5 7 1 7  0.0000000003
5 7 5 7  0.0155858514
5 7 7 7  0.0000000044
6 0 2 0  0.0000000009
6 0 4 0  0.0000000052
6 0 6 0  0.1195603632
6 1 3 0  0.0000000009
6 1 5 0  0.0000000052
6 1 7 0  0.1195603632
6 2 0 0  0.0000000009
6 2 4 0  -0.0997679912
6 2 6 0  0.0000000160
6 3 1 0  0.0000000009
6 3 5 0  -0.0997679912
6 3 7 0  0.0000000160
6 4 0 0  0.0000000052
6 4 2 0  -0.0997679912
6 4 6 0  0.0000000003
6 5 1 0  0.0000000052
6 5 3 0  -0.0997679912
6 5 7 0  0.0000000003
6 6 0 0  0.1195603632
6 6 2 0  0.0000000160
6 6 4 0  0.0000000003
6 7 1 0  0.1195603632
6 7 3 0  0.0000000160
6 7 5 0  0.0000000003
6 0 0 2  -0.0000000003
6 0 4 2  -0.0139793190
6 0 6 2  0.0000000160
6 1 1 2  -0.0000000003
6 1 5 2  -0.0139793190
6 1 7 2  0.0000000160
6 2 2 2  -0.0000000006
6 2 4 2  -0.0000000086
6 2 6 2  0.0146001124
6 3 3 2  -0.0000000006
6 3 5 2  -0.0000000086
6 3 7 2  0.0146001124
6 4 0 2  -0.0139793190
6 4 2 2  -0.0000000086
6 4 4 2  -0.0000000006
6 5 1 2  -0.0139793190
6 5 3 2  -0.0000000086
6 5 5 2  -0.0000000006
6 6 0 2  0.0000000160
6 6 2 2  0.0146001124
6 6 6 2  -0.0000000004
6 7 1 2  0.0000000160
6 7 3 2  0.0146001124
6 7 7 2  -0.0000000004
6 0 0 4  0.0000000083
6 0 2 4  -0.0150940401
6 0 6 4  0.0000000003
6 1 1 4  0.0000000083
6 1 3 4  -0.0150940401
6 1 7 4  0.0000000003
6 2 0 4  -0.0150940401
6 2 2 4  0.0000000098
6 2 4 4  -0.0000000008
6 3 1 4  -0.0150940401
6 3 3 4  0.0000000098
6 3 5 4  -0.0000000008
6 4 2 4  -0.0000000008
6 4 4 4  0.0000000131
6 4 6 4  0.0155858514
6 5 3 4  -0.0000000008
6 5 5 4  0.0000000131
6 5 7 4  0.0155858514
6 6 0 4  0.0000000003
6 6 4 4  0.0155858514
6 6 6 4  0.0000000044
6 7 1 4  0.0000000003
6 7 5 4  0.0155858514
6 7 7 4  0.0000000044
6 0 0 6  0.2337236674
6 0 4 6  0.0000000005
6 1 1 6  0.2337236674
6 1 5 6  0.0000000005
6 2 2 6  0.1989377047
6 2 6 6  -0.0000000004
6 3 3 6  0.1989377047
6 3 7 6  -0.0000000004
6 4 0 6  0.0000000005
6 4 4 6  0.1991745477
6 4 6 6  0.0000000044
6 5 1 6  0.0000000005
6 5 5 6  0.1991745477
6 5 7 6  0.0000000044
6 6 2 6  -0.0000000004
6 6 4 6  0.0000000044
6 6 6 6  0.2368645374
6 7 3 6  -0.0000000004
6 7 5 6  0.0000000044
6 7 7 6  0.2368645374
7 0 2 1  0.0000000009
7 0 4 1  0.0000000052
7 0 6 1  0.1195603632
7 1 3 1  0.0000000009
7 1 5 1  0.0000000052
7 1 7 1  0.1195603632
7 2 0 1  0.0000000009
7 2 4 1  -0.0997679912
7 2 6 1  0.0000000160
7 3 1 1  0.0000000009
7 3 5 1  -0.0997679912
7 3 7 1  0.0000000160
7 4 0 1  0.0000000052
7 4 2 1  -0.0997679912
7 4 6 1  0.0000000003
7 5 1 1  0.0000000052
7 5 3 1  -0.0997679912
7 5 7 1  0.0000000003
7 6 0 1  0.1195603632
7 6 2 1  0.0000000160
7 6 4 1  0.0000000003
7 7 1 1  0.1195603632
7 7 3 1  0.0000000160
7 7 5 1  0.0000000003
7 0 0 3  -0.0000000003
7 0 4 3  -0.0139793190
7 0 6 3  0.0000000160
7 1 1 3  -0.0000000003
7 1 5 3  -0.0139793190
7 1 7 3  0.0000000160
7 2 2 3  -0.0000000006
7 2 4 3  -0.0000000086
7 2 6 3  0.0146001124
7 3 3 3  -0.0000000006
7 3 5 3  -0.0000000086
7 3 7 3  0.0146001124
7 4 0 3  -0.0139793190
7 4 2 3  -0.0000000086
7 4 4 3  -0.0000000006
7 5 1 3  -0.0139793190
7 5 3 3  -0.0000000086
7 5 5 3  -0.0000000006
7 6 0 3  0.0000000160
7 6 2 3  0.0146001124
7 6 6 3  -0.0000000004
7 7 1 3  0.0000000160
7 7 3 3  0.0146001124
7 7 7 3  -0.0000000004
7 0 0 5  0.0000000083
7 0 2 5  -0.0150940401
7 0 6 5  0.0000000003
7 1 1 5  0.0000000083
7 1 3 5  -0.0150940401
7 1 7 5  0.0000000003
7 2 0 5  -0.0150940401
7 2 2 5  0.0000000098
7 2 4 5  -0.0000000008
7 3 1 5  -0.0150940401
7 3 3 5  0.0000000098
7 3 5 5  -0.0000000008
7 4 2 5  -0.0000000008
7 4 4 5  0.0000000131
7 4 6 5  0.0155858514
7 5 3 5  -0.0000000008
7 5 5 5  0.0000000131
7 5 7 5  0.0155858514
7 6 0 5  0.0000000003
7 6 4 5  0.0155858514
7 6 6 5  0.0000000044
7 7 1 5  0.0000000003
7 7 5 5  0.0155858514
7 7 7 5  0.0000000044
7 0 0 7  0.2337236674
7 0 4 7  0.0000000005
7 1 1 7  0.2337236674
7 1 5 7  0.0000000005
7 2 2 7  0.1989377047
7 2 6 7  -0.0000000004
7 3 3 7  0.1989377047
7 3 7 7  -0.0000000004
7 4 0 7  0.0000000005
7 4 4 7  0.1991745477
7 4 6 7  0.0000000044
7 5 1 7  0.0000000005
7 5 5 7  0.1991745477
7 5 7 7  0.0000000044
7 6 2 7  -0.0000000004
7 6 4 7  0.0000000044
7 6 6 7  0.2368645374
7 7 3 7  -0.0000000004
7 7 5 7  0.0000000044
7 7 7 7  0.2368645374
