 MO Integrals with frozen core/virtual approximation

-73.62278427327321
0 0  -1.8688555696
0 2  -0.0000000077
0 4  0.0000000016
0 6  -0.0032354170
1 1  -1.8688555696
1 3  -0.0000000077
1 5  0.0000000016
1 7  -0.0032354170
2 0  -0.0000000077
2 2  -1.4930738333
2 4  -0.0000000003
2 6  0.0000000001
3 1  -0.0000000077
3 3  -1.4930738333
3 5  -0.0000000003
3 7  0.0000000001
4 0  0.0000000016
4 2  -0.0000000003
4 4  -1.4154769001
4 6  -0.0000000019
5 1  0.0000000016
5 3  -0.0000000003
5 5  -1.4154769001
5 7  -0.0000000019
6 0  -0.0032354170
6 2  0.0000000001
6 4  -0.0000000019
6 6  -1.4846990991
7 1  -0.0032354170
7 3  0.0000000001
7 5  -0.0000000019
7 7  -1.4846990991
0 0 0 0  0.2853328007
0 0 2 0  0.0000000005
0 0 4 0  -0.0000000002
0 0 6 0  -0.0000670037
0 1 1 0  0.2853328007
0 1 3 0  0.0000000005
0 1 5 0  -0.0000000002
0 1 7 0  -0.0000670037
0 2 0 0  0.0000000005
0 2 2 0  0.2244809019
0 2 6 0  -0.0000000003
0 3 1 0  0.0000000005
0 3 3 0  0.2244809019
0 3 7 0  -0.0000000003
0 4 0 0  -0.0000000002
0 4 4 0  0.2224122185
0 4 6 0  0.0000000007
0 5 1 0  -0.0000000002
0 5 5 0  0.2224122185
0 5 7 0  0.0000000007
0 6 0 0  -0.0000670037
0 6 2 0  -0.0000000003
0 6 4 0  0.0000000007
0 6 6 0  0.2769859867
0 7 1 0  -0.0000670037
0 7 3 0  -0.0000000003
0 7 5 0  0.0000000007
0 7 7 0  0.2769859867
0 0 0 2  0.0000000005
0 0 2 2  0.0187751210
0 0 6 2  -0.0000000001
0 1 1 2  0.0000000005
0 1 3 2  0.0187751210
0 1 7 2  -0.0000000001
0 2 0 2  0.0187751210
0 2 2 2  0.0000000007
0 2 4 2  -0.0000000002
0 3 1 2  0.0187751210
0 3 3 2  0.0000000007
0 3 5 2  -0.0000000002
0 4 2 2  -0.0000000002
0 4 4 2  0.0000000010
0 4 6 2  0.0184031741
0 5 3 2  -0.0000000002
0 5 5 2  0.0000000010
0 5 7 2  0.0184031741
0 6 0 2  -0.0000000001
0 6 4 2  0.0184031741
0 6 6 2  -0.0000000001
0 7 1 2  -0.0000000001
0 7 5 2  0.0184031741
0 7 7 2  -0.0000000001
0 0 0 4  -0.0000000002
0 0 4 4  0.0116720801
0 0 6 4  0.0000000004
0 1 1 4  -0.0000000002
0 1 5 4  0.0116720801
0 1 7 4  0.0000000004
0 2 2 4  -0.0000000001
0 2 4 4  0.0000000007
0 2 6 4  0.0138124501
0 3 3 4  -0.0000000001
0 3 5 4  0.0000000007
0 3 7 4  0.0138124501
0 4 0 4  0.0116720801
0 4 2 4  0.0000000007
0 5 1 4  0.0116720801
0 5 3 4  0.0000000007
0 6 0 4  0.0000000004
0 6 2 4  0.0138124501
0 7 1 4  0.0000000004
0 7 3 4  0.0138124501
0 0 0 6  -0.0000670037
0 0 2 6  -0.0000000001
0 0 4 6  0.0000000004
0 0 6 6  0.0902924279
0 1 1 6  -0.0000670037
0 1 3 6  -0.0000000001
0 1 5 6  0.0000000004
0 1 7 6  0.0902924279
0 2 0 6  -0.0000000001
0 2 4 6  0.0779072303
0 2 6 6  -0.0000000011
0 3 1 6  -0.0000000001
0 3 5 6  0.0779072303
0 3 7 6  -0.0000000011
0 4 0 6  0.0000000004
0 4 2 6  0.0779072303
0 4 6 6  0.0000000003
0 5 1 6  0.0000000004
0 5 3 6  0.0779072303
0 5 7 6  0.0000000003
0 6 0 6  0.0902924279
0 6 2 6  -0.0000000011
0 6 4 6  0.0000000003
0 6 6 6  -0.0000988473
0 7 1 6  0.0902924279
0 7 3 6  -0.0000000011
0 7 5 6  0.0000000003
0 7 7 6  -0.0000988473
1 0 0 1  0.2853328007
1 0 2 1  0.0000000005
1 0 4 1  -0.0000000002
1 0 6 1  -0.0000670037
1 1 1 1  0.2853328007
1 1 3 1  0.0000000005
1 1 5 1  -0.0000000002
1 1 7 1  -0.0000670037
1 2 0 1  0.0000000005
1 2 2 1  0.2244809019
1 2 6 1  -0.0000000003
1 3 1 1  0.0000000005
1 3 3 1  0.2244809019
1 3 7 1  -0.0000000003
1 4 0 1  -0.0000000002
1 4 4 1  0.2224122185
1 4 6 1  0.0000000007
1 5 1 1  -0.0000000002
1 5 5 1  0.2224122185
1 5 7 1  0.0000000007
1 6 0 1  -0.0000670037
1 6 2 1  -0.0000000003
1 6 4 1  0.0000000007
1 6 6 1  0.2769859867
1 7 1 1  -0.0000670037
1 7 3 1  -0.0000000003
1 7 5 1  0.0000000007
1 7 7 1  0.2769859867
1 0 0 3  0.0000000005
1 0 2 3  0.0187751210
1 0 6 3  -0.0000000001
1 1 1 3  0.0000000005
1 1 3 3  0.0187751210
1 1 7 3  -0.0000000001
1 2 0 3  0.0187751210
1 2 2 3  0.0000000007
1 2 4 3  -0.0000000002
1 3 1 3  0.0187751210
1 3 3 3  0.0000000007
1 3 5 3  -0.0000000002
1 4 2 3  -0.0000000002
1 4 4 3  0.0000000010
1 4 6 3  0.0184031741
1 5 3 3  -0.0000000002
1 5 5 3  0.0000000010
1 5 7 3  0.0184031741
1 6 0 3  -0.0000000001
1 6 4 3  0.0184031741
1 6 6 3  -0.0000000001
1 7 1 3  -0.0000000001
1 7 5 3  0.0184031741
1 7 7 3  -0.0000000001
1 0 0 5  -0.0000000002
1 0 4 5  0.0116720801
1 0 6 5  0.0000000004
1 1 1 5  -0.0000000002
1 1 5 5  0.0116720801
1 1 7 5  0.0000000004
1 2 2 5  -0.0000000001
1 2 4 5  0.0000000007
1 2 6 5  0.0138124501
1 3 3 5  -0.0000000001
1 3 5 5  0.0000000007
1 3 7 5  0.0138124501
1 4 0 5  0.0116720801
1 4 2 5  0.0000000007
1 5 1 5  0.0116720801
1 5 3 5  0.0000000007
1 6 0 5  0.0000000004
1 6 2 5  0.0138124501
1 7 1 5  0.0000000004
1 7 3 5  0.0138124501
1 0 0 7  -0.0000670037
1 0 2 7  -0.0000000001
1 0 4 7  0.0000000004
1 0 6 7  0.0902924279
1 1 1 7  -0.0000670037
1 1 3 7  -0.0000000001
1 1 5 7  0.0000000004
1 1 7 7  0.0902924279
1 2 0 7  -0.0000000001
1 2 4 7  0.0779072303
1 2 6 7  -0.0000000011
1 3 1 7  -0.0000000001
1 3 5 7  0.0779072303
1 3 7 7  -0.0000000011
1 4 0 7  0.0000000004
1 4 2 7  0.0779072303
1 4 6 7  0.0000000003
1 5 1 7  0.0000000004
1 5 3 7  0.0779072303
1 5 7 7  0.0000000003
1 6 0 7  0.0902924279
1 6 2 7  -0.0000000011
1 6 4 7  0.0000000003
1 6 6 7  -0.0000988473
1 7 1 7  0.0902924279
1 7 3 7  -0.0000000011
1 7 5 7  0.0000000003
1 7 7 7  -0.0000988473
2 0 0 0  0.0000000005
2 0 2 0  0.0187751210
2 0 6 0  -0.0000000001
2 1 1 0  0.0000000005
2 1 3 0  0.0187751210
2 1 7 0  -0.0000000001
2 2 0 0  0.0187751210
2 2 2 0  0.0000000007
2 2 4 0  -0.0000000002
2 3 1 0  0.0187751210
2 3 3 0  0.0000000007
2 3 5 0  -0.0000000002
2 4 2 0  -0.0000000002
2 4 4 0  0.0000000010
2 4 6 0  0.0184031741
2 5 3 0  -0.0000000002
2 5 5 0  0.0000000010
2 5 7 0  0.0184031741
2 6 0 0  -0.0000000001
2 6 4 0  0.0184031741
2 6 6 0  -0.0000000001
2 7 1 0  -0.0000000001
2 7 5 0  0.0184031741
2 7 7 0  -0.0000000001
2 0 0 2  0.2244809019
2 0 2 2  0.0000000007
2 0 4 2  -0.0000000001
2 1 1 2  0.2244809019
2 1 3 2  0.0000000007
2 1 5 2  -0.0000000001
2 2 0 2  0.0000000007
2 2 2 2  0.2276781457
2 2 6 2  -0.0000000002
2 3 1 2  0.0000000007
2 3 3 2  0.2276781457
2 3 7 2  -0.0000000002
2 4 0 2  -0.0000000001
2 4 4 2  0.2304335053
2 4 6 2  0.0000000006
2 5 1 2  -0.0000000001
2 5 5 2  0.2304335053
2 5 7 2  0.0000000006
2 6 2 2  -0.0000000002
2 6 4 2  0.0000000006
2 6 6 2  0.2303079748
2 7 3 2  -0.0000000002
2 7 5 2  0.0000000006
2 7 7 2  0.2303079748
2 0 2 4  -0.0000000002
2 0 4 4  0.0000000007
2 0 6 4  0.0779072303
2 1 3 4  -0.0000000002
2 1 5 4  0.0000000007
2 1 7 4  0.0779072303
2 2 0 4  -0.0000000002
2 2 4 4  0.1065895230
2 2 6 4  -0.0000000007
2 3 1 4  -0.0000000002
2 3 5 4  0.1065895230
2 3 7 4  -0.0000000007
2 4 0 4  0.0000000007
2 4 2 4  0.1065895230
2 4 6 4  0.0000000002
2 5 1 4  0.0000000007
2 5 3 4  0.1065895230
2 5 7 4  0.0000000002
2 6 0 4  0.0779072303
2 6 2 4  -0.0000000007
2 6 4 4  0.0000000002
2 7 1 4  0.0779072303
2 7 3 4  -0.0000000007
2 7 5 4  0.0000000002
2 0 0 6  -0.0000000003
2 0 4 6  0.0138124501
2 0 6 6  -0.0000000011
2 1 1 6  -0.0000000003
2 1 5 6  0.0138124501
2 1 7 6  -0.0000000011
2 2 2 6  -0.0000000002
2 2 4 6  -0.0000000007
2 2 6 6  0.0163944496
2 3 3 6  -0.0000000002
2 3 5 6  -0.0000000007
2 3 7 6  0.0163944496
2 4 0 6  0.0138124501
2 4 2 6  -0.0000000007
2 4 4 6  -0.0000000002
2 5 1 6  0.0138124501
2 5 3 6  -0.0000000007
2 5 5 6  -0.0000000002
2 6 0 6  -0.0000000011
2 6 2 6  0.0163944496
2 6 6 6  -0.0000000003
2 7 1 6  -0.0000000011
2 7 3 6  0.0163944496
2 7 7 6  -0.0000000003
3 0 0 1  0.0000000005
3 0 2 1  0.0187751210
3 0 6 1  -0.0000000001
3 1 1 1  0.0000000005
3 1 3 1  0.0187751210
3 1 7 1  -0.0000000001
3 2 0 1  0.0187751210
3 2 2 1  0.0000000007
3 2 4 1  -0.0000000002
3 3 1 1  0.0187751210
3 3 3 1  0.0000000007
3 3 5 1  -0.0000000002
3 4 2 1  -0.0000000002
3 4 4 1  0.0000000010
3 4 6 1  0.0184031741
3 5 3 1  -0.0000000002
3 5 5 1  0.0000000010
3 5 7 1  0.0184031741
3 6 0 1  -0.0000000001
3 6 4 1  0.0184031741
3 6 6 1  -0.0000000001
3 7 1 1  -0.0000000001
3 7 5 1  0.0184031741
3 7 7 1  -0.0000000001
3 0 0 3  0.2244809019
3 0 2 3  0.0000000007
3 0 4 3  -0.0000000001
3 1 1 3  0.2244809019
3 1 3 3  0.0000000007
3 1 5 3  -0.0000000001
3 2 0 3  0.0000000007
3 2 2 3  0.2276781457
3 2 6 3  -0.0000000002
3 3 1 3  0.0000000007
3 3 3 3  0.2276781457
3 3 7 3  -0.0000000002
3 4 0 3  -0.0000000001
3 4 4 3  0.2304335053
3 4 6 3  0.0000000006
3 5 1 3  -0.0000000001
3 5 5 3  0.2304335053
3 5 7 3  0.0000000006
3 6 2 3  -0.0000000002
3 6 4 3  0.0000000006
3 6 6 3  0.2303079748
3 7 3 3  -0.0000000002
3 7 5 3  0.0000000006
3 7 7 3  0.2303079748
3 0 2 5  -0.0000000002
3 0 4 5  0.0000000007
3 0 6 5  0.0779072303
3 1 3 5  -0.0000000002
3 1 5 5  0.0000000007
3 1 7 5  0.0779072303
3 2 0 5  -0.0000000002
3 2 4 5  0.1065895230
3 2 6 5  -0.0000000007
3 3 1 5  -0.0000000002
3 3 5 5  0.1065895230
3 3 7 5  -0.0000000007
3 4 0 5  0.0000000007
3 4 2 5  0.1065895230
3 4 6 5  0.0000000002
3 5 1 5  0.0000000007
3 5 3 5  0.1065895230
3 5 7 5  0.0000000002
3 6 0 5  0.0779072303
3 6 2 5  -0.0000000007
3 6 4 5  0.0000000002
3 7 1 5  0.0779072303
3 7 3 5  -0.0000000007
3 7 5 5  0.0000000002
3 0 0 7  -0.0000000003
3 0 4 7  0.0138124501
3 0 6 7  -0.0000000011
3 1 1 7  -0.0000000003
3 1 5 7  0.0138124501
3 1 7 7  -0.0000000011
3 2 2 7  -0.0000000002
3 2 4 7  -0.0000000007
3 2 6 7  0.0163944496
3 3 3 7  -0.0000000002
3 3 5 7  -0.0000000007
3 3 7 7  0.0163944496
3 4 0 7  0.0138124501
3 4 2 7  -0.0000000007
3 4 4 7  -0.0000000002
3 5 1 7  0.0138124501
3 5 3 7  -0.0000000007
3 5 5 7  -0.0000000002
3 6 0 7  -0.0000000011
3 6 2 7  0.0163944496
3 6 6 7  -0.0000000003
3 7 1 7  -0.0000000011
3 7 3 7  0.0163944496
3 7 7 7  -0.0000000003
4 0 0 0  -0.0000000002
4 0 4 0  0.0116720801
4 0 6 0  0.0000000004
4 1 1 0  -0.0000000002
4 1 5 0  0.0116720801
4 1 7 0  0.0000000004
4 2 2 0  -0.0000000001
4 2 4 0  0.0000000007
4 2 6 0  0.0138124501
4 3 3 0  -0.0000000001
4 3 5 0  0.0000000007
4 3 7 0  0.0138124501
4 4 0 0  0.0116720801
4 4 2 0  0.0000000007
4 5 1 0  0.0116720801
4 5 3 0  0.0000000007
4 6 0 0  0.0000000004
4 6 2 0  0.0138124501
4 7 1 0  0.0000000004
4 7 3 0  0.0138124501
4 0 2 2  -0.0000000002
4 0 4 2  0.0000000007
4 0 6 2  0.0779072303
4 1 3 2  -0.0000000002
4 1 5 2  0.0000000007
4 1 7 2  0.0779072303
4 2 0 2  -0.0000000002
4 2 4 2  0.1065895230
4 2 6 2  -0.0000000007
4 3 1 2  -0.0000000002
4 3 5 2  0.1065895230
4 3 7 2  -0.0000000007
4 4 0 2  0.0000000007
4 4 2 2  0.1065895230
4 4 6 2  0.0000000002
4 5 1 2  0.0000000007
4 5 3 2  0.1065895230
4 5 7 2  0.0000000002
4 6 0 2  0.0779072303
4 6 2 2  -0.0000000007
4 6 4 2  0.0000000002
4 7 1 2  0.0779072303
4 7 3 2  -0.0000000007
4 7 5 2  0.0000000002
4 0 0 4  0.2224122185
4 0 2 4  0.0000000010
4 1 1 4  0.2224122185
4 1 3 4  0.0000000010
4 2 0 4  0.0000000010
4 2 2 4  0.2304335053
4 2 6 4  -0.0000000002
4 3 1 4  0.0000000010
4 3 3 4  0.2304335053
4 3 7 4  -0.0000000002
4 4 4 4  0.2341104893
4 4 6 4  0.0000000010
4 5 5 4  0.2341104893
4 5 7 4  0.0000000010
4 6 2 4  -0.0000000002
4 6 4 4  0.0000000010
4 6 6 4  0.2306494054
4 7 3 4  -0.0000000002
4 7 5 4  0.0000000010
4 7 7 4  0.2306494054
4 0 0 6  0.0000000007
4 0 2 6  0.0184031741
4 0 6 6  0.0000000003
4 1 1 6  0.0000000007
4 1 3 6  0.0184031741
4 1 7 6  0.0000000003
4 2 0 6  0.0184031741
4 2 2 6  0.0000000006
4 2 4 6  0.0000000002
4 3 1 6  0.0184031741
4 3 3 6  0.0000000006
4 3 5 6  0.0000000002
4 4 2 6  0.0000000002
4 4 4 6  0.0000000010
4 4 6 6  0.0192635303
4 5 3 6  0.0000000002
4 5 5 6  0.0000000010
4 5 7 6  0.0192635303
4 6 0 6  0.0000000003
4 6 4 6  0.0192635303
4 6 6 6  0.0000000002
4 7 1 6  0.0000000003
4 7 5 6  0.0192635303
4 7 7 6  0.0000000002
5 0 0 1  -0.0000000002
5 0 4 1  0.0116720801
5 0 6 1  0.0000000004
5 1 1 1  -0.0000000002
5 1 5 1  0.0116720801
5 1 7 1  0.0000000004
5 2 2 1  -0.0000000001
5 2 4 1  0.0000000007
5 2 6 1  0.0138124501
5 3 3 1  -0.0000000001
5 3 5 1  0.0000000007
5 3 7 1  0.0138124501
5 4 0 1  0.0116720801
5 4 2 1  0.0000000007
5 5 1 1  0.0116720801
5 5 3 1  0.0000000007
5 6 0 1  0.0000000004
5 6 2 1  0.0138124501
5 7 1 1  0.0000000004
5 7 3 1  0.0138124501
5 0 2 3  -0.0000000002
5 0 4 3  0.0000000007
5 0 6 3  0.0779072303
5 1 3 3  -0.0000000002
5 1 5 3  0.0000000007
5 1 7 3  0.0779072303
5 2 0 3  -0.0000000002
5 2 4 3  0.1065895230
5 2 6 3  -0.0000000007
5 3 1 3  -0.0000000002
5 3 5 3  0.1065895230
5 3 7 3  -0.0000000007
5 4 0 3  0.0000000007
5 4 2 3  0.1065895230
5 4 6 3  0.0000000002
5 5 1 3  0.0000000007
5 5 3 3  0.1065895230
5 5 7 3  0.0000000002
5 6 0 3  0.0779072303
5 6 2 3  -0.0000000007
5 6 4 3  0.0000000002
5 7 1 3  0.0779072303
5 7 3 3  -0.0000000007
5 7 5 3  0.0000000002
5 0 0 5  0.2224122185
5 0 2 5  0.0000000010
5 1 1 5  0.2224122185
5 1 3 5  0.0000000010
5 2 0 5  0.0000000010
5 2 2 5  0.2304335053
5 2 6 5  -0.0000000002
5 3 1 5  0.0000000010
5 3 3 5  0.2304335053
5 3 7 5  -0.0000000002
5 4 4 5  0.2341104893
5 4 6 5  0.0000000010
5 5 5 5  0.2341104893
5 5 7 5  0.0000000010
5 6 2 5  -0.0000000002
5 6 4 5  0.0000000010
5 6 6 5  0.2306494054
5 7 3 5  -0.0000000002
5 7 5 5  0.0000000010
5 7 7 5  0.2306494054
5 0 0 7  0.0000000007
5 0 2 7  0.0184031741
5 0 6 7  0.0000000003
5 1 1 7  0.0000000007
5 1 3 7  0.0184031741
5 1 7 7  0.0000000003
5 2 0 7  0.0184031741
5 2 2 7  0.0000000006
5 2 4 7  0.0000000002
5 3 1 7  0.0184031741
5 3 3 7  0.0000000006
5 3 5 7  0.0000000002
5 4 2 7  0.0000000002
5 4 4 7  0.0000000010
5 4 6 7  0.0192635303
5 5 3 7  0.0000000002
5 5 5 7  0.0000000010
5 5 7 7  0.0192635303
5 6 0 7  0.0000000003
5 6 4 7  0.0192635303
5 6 6 7  0.0000000002
5 7 1 7  0.0000000003
5 7 5 7  0.0192635303
5 7 7 7  0.0000000002
6 0 0 0  -0.0000670037
6 0 2 0  -0.0000000001
6 0 4 0  0.0000000004
6 0 6 0  0.0902924279
6 1 1 0  -0.0000670037
6 1 3 0  -0.0000000001
6 1 5 0  0.0000000004
6 1 7 0  0.0902924279
6 2 0 0  -0.0000000001
6 2 4 0  0.0779072303
6 2 6 0  -0.0000000011
6 3 1 0  -0.0000000001
6 3 5 0  0.0779072303
6 3 7 0  -0.0000000011
6 4 0 0  0.0000000004
6 4 2 0  0.0779072303
6 4 6 0  0.0000000003
6 5 1 0  0.0000000004
6 5 3 0  0.0779072303
6 5 7 0  0.0000000003
6 6 0 0  0.0902924279
6 6 2 0  -0.0000000011
6 6 4 0  0.0000000003
6 6 6 0  -0.0000988473
6 7 1 0  0.0902924279
6 7 3 0  -0.0000000011
6 7 5 0  0.0000000003
6 7 7 0  -0.0000988473
6 0 0 2  -0.0000000003
6 0 4 2  0.0138124501
6 0 6 2  -0.0000000011
6 1 1 2  -0.0000000003
6 1 5 2  0.0138124501
6 1 7 2  -0.0000000011
6 2 2 2  -0.0000000002
6 2 4 2  -0.0000000007
6 2 6 2  0.0163944496
6 3 3 2  -0.0000000002
6 3 5 2  -0.0000000007
6 3 7 2  0.0163944496
6 4 0 2  0.0138124501
6 4 2 2  -0.0000000007
6 4 4 2  -0.0000000002
6 5 1 2  0.0138124501
6 5 3 2  -0.0000000007
6 5 5 2  -0.0000000002
6 6 0 2  -0.0000000011
6 6 2 2  0.0163944496
6 6 6 2  -0.0000000003
6 7 1 2  -0.0000000011
6 7 3 2  0.0163944496
6 7 7 2  -0.0000000003
6 0 0 4  0.0000000007
6 0 2 4  0.0184031741
6 0 6 4  0.0000000003
6 1 1 4  0.0000000007
6 1 3 4  0.0184031741
6 1 7 4  0.0000000003
6 2 0 4  0.0184031741
6 2 2 4  0.0000000006
6 2 4 4  0.0000000002
6 3 1 4  0.0184031741
6 3 3 4  0.0000000006
6 3 5 4  0.0000000002
6 4 2 4  0.0000000002
6 4 4 4  0.0000000010
6 4 6 4  0.0192635303
6 5 3 4  0.0000000002
6 5 5 4  0.0000000010
6 5 7 4  0.0192635303
6 6 0 4  0.0000000003
6 6 4 4  0.0192635303
6 6 6 4  0.0000000002
6 7 1 4  0.0000000003
6 7 5 4  0.0192635303
6 7 7 4  0.0000000002
6 0 0 6  0.2769859867
6 0 2 6  -0.0000000001
6 0 6 6  -0.0000988473
6 1 1 6  0.2769859867
6 1 3 6  -0.0000000001
6 1 7 6  -0.0000988473
6 2 0 6  -0.0000000001
6 2 2 6  0.2303079748
6 2 6 6  -0.0000000003
6 3 1 6  -0.0000000001
6 3 3 6  0.2303079748
6 3 7 6  -0.0000000003
6 4 4 6  0.2306494054
6 4 6 6  0.0000000002
6 5 5 6  0.2306494054
6 5 7 6  0.0000000002
6 6 0 6  -0.0000988473
6 6 2 6  -0.0000000003
6 6 4 6  0.0000000002
6 6 6 6  0.2806907269
6 7 1 6  -0.0000988473
6 7 3 6  -0.0000000003
6 7 5 6  0.0000000002
6 7 7 6  0.2806907269
7 0 0 1  -0.0000670037
7 0 2 1  -0.0000000001
7 0 4 1  0.0000000004
7 0 6 1  0.0902924279
7 1 1 1  -0.0000670037
7 1 3 1  -0.0000000001
7 1 5 1  0.0000000004
7 1 7 1  0.0902924279
7 2 0 1  -0.0000000001
7 2 4 1  0.0779072303
7 2 6 1  -0.0000000011
7 3 1 1  -0.0000000001
7 3 5 1  0.0779072303
7 3 7 1  -0.0000000011
7 4 0 1  0.0000000004
7 4 2 1  0.0779072303
7 4 6 1  0.0000000003
7 5 1 1  0.0000000004
7 5 3 1  0.0779072303
7 5 7 1  0.0000000003
7 6 0 1  0.0902924279
7 6 2 1  -0.0000000011
7 6 4 1  0.0000000003
7 6 6 1  -0.0000988473
7 7 1 1  0.0902924279
7 7 3 1  -0.0000000011
7 7 5 1  0.0000000003
7 7 7 1  -0.0000988473
7 0 0 3  -0.0000000003
7 0 4 3  0.0138124501
7 0 6 3  -0.0000000011
7 1 1 3  -0.0000000003
7 1 5 3  0.0138124501
7 1 7 3  -0.0000000011
7 2 2 3  -0.0000000002
7 2 4 3  -0.0000000007
7 2 6 3  0.0163944496
7 3 3 3  -0.0000000002
7 3 5 3  -0.0000000007
7 3 7 3  0.0163944496
7 4 0 3  0.0138124501
7 4 2 3  -0.0000000007
7 4 4 3  -0.0000000002
7 5 1 3  0.0138124501
7 5 3 3  -0.0000000007
7 5 5 3  -0.0000000002
7 6 0 3  -0.0000000011
7 6 2 3  0.0163944496
7 6 6 3  -0.0000000003
7 7 1 3  -0.0000000011
7 7 3 3  0.0163944496
7 7 7 3  -0.0000000003
7 0 0 5  0.0000000007
7 0 2 5  0.0184031741
7 0 6 5  0.0000000003
7 1 1 5  0.0000000007
7 1 3 5  0.0184031741
7 1 7 5  0.0000000003
7 2 0 5  0.0184031741
7 2 2 5  0.0000000006
7 2 4 5  0.0000000002
7 3 1 5  0.0184031741
7 3 3 5  0.0000000006
7 3 5 5  0.0000000002
7 4 2 5  0.0000000002
7 4 4 5  0.0000000010
7 4 6 5  0.0192635303
7 5 3 5  0.0000000002
7 5 5 5  0.0000000010
7 5 7 5  0.0192635303
7 6 0 5  0.0000000003
7 6 4 5  0.0192635303
7 6 6 5  0.0000000002
7 7 1 5  0.0000000003
7 7 5 5  0.0192635303
7 7 7 5  0.0000000002
7 0 0 7  0.2769859867
7 0 2 7  -0.0000000001
7 0 6 7  -0.0000988473
7 1 1 7  0.2769859867
7 1 3 7  -0.0000000001
7 1 7 7  -0.0000988473
7 2 0 7  -0.0000000001
7 2 2 7  0.2303079748
7 2 6 7  -0.0000000003
7 3 1 7  -0.0000000001
7 3 3 7  0.2303079748
7 3 7 7  -0.0000000003
7 4 4 7  0.2306494054
7 4 6 7  0.0000000002
7 5 5 7  0.2306494054
7 5 7 7  0.0000000002
7 6 0 7  -0.0000988473
7 6 2 7  -0.0000000003
7 6 4 7  0.0000000002
7 6 6 7  0.2806907269
7 7 1 7  -0.0000988473
7 7 3 7  -0.0000000003
7 7 5 7  0.0000000002
7 7 7 7  0.2806907269

 E(Ref) = -77.5998744550 Hartree, <S**2> = 0.0000
 E(FCI) = -77.8046366884 Hartree, <S**2> = 0.0000
