 MO Integrals with frozen core/virtual approximation

-73.03533640153611
0 0  -2.1881783898
0 2  -0.0000000019
0 4  0.0000000022
1 1  -2.1881783898
1 3  -0.0000000019
1 5  0.0000000022
2 0  -0.0000000019
2 2  -1.6292680994
2 6  -0.0000000024
3 1  -0.0000000019
3 3  -1.6292680994
3 7  -0.0000000024
4 0  0.0000000022
4 4  -1.4843402936
4 6  -0.0000000021
5 1  0.0000000022
5 5  -1.4843402936
5 7  -0.0000000021
6 2  -0.0000000024
6 4  -0.0000000021
6 6  -1.4702525396
7 3  -0.0000000024
7 5  -0.0000000021
7 7  -1.4702525396
0 0 0 0  0.3266837912
0 1 1 0  0.3266837912
0 2 2 0  0.2454379994
0 2 6 0  0.0000000002
0 3 3 0  0.2454379994
0 3 7 0  0.0000000002
0 4 4 0  0.2400729601
0 4 6 0  0.0000000016
0 5 5 0  0.2400729601
0 5 7 0  0.0000000016
0 6 2 0  0.0000000002
0 6 4 0  0.0000000016
0 6 6 0  0.3011627923
0 7 3 0  0.0000000002
0 7 5 0  0.0000000016
0 7 7 0  0.3011627923
0 0 2 2  0.0273690754
0 0 6 2  0.0000000001
0 1 3 2  0.0273690754
0 1 7 2  0.0000000001
0 2 0 2  0.0273690754
0 2 2 2  0.0000000004
0 2 4 2  -0.0000000005
0 3 1 2  0.0273690754
0 3 3 2  0.0000000004
0 3 5 2  -0.0000000005
0 4 2 2  -0.0000000005
0 4 4 2  -0.0000000009
0 4 6 2  -0.0237121697
0 5 3 2  -0.0000000005
0 5 5 2  -0.0000000009
0 5 7 2  -0.0237121697
0 6 0 2  0.0000000001
0 6 4 2  -0.0237121697
0 6 6 2  0.0000000008
0 7 1 2  0.0000000001
0 7 5 2  -0.0237121697
0 7 7 2  0.0000000008
0 0 4 4  0.0137387757
0 0 6 4  0.0000000013
0 1 5 4  0.0137387757
0 1 7 4  0.0000000013
0 2 2 4  -0.0000000003
0 2 4 4  -0.0000000015
0 2 6 4  -0.0158442699
0 3 3 4  -0.0000000003
0 3 5 4  -0.0000000015
0 3 7 4  -0.0158442699
0 4 0 4  0.0137387757
0 4 2 4  -0.0000000015
0 4 4 4  -0.0000000003
0 5 1 4  0.0137387757
0 5 3 4  -0.0000000015
0 5 5 4  -0.0000000003
0 6 0 4  0.0000000013
0 6 2 4  -0.0158442699
0 7 1 4  0.0000000013
0 7 3 4  -0.0158442699
0 0 2 6  0.0000000001
0 0 4 6  0.0000000013
0 0 6 6  0.0792602447
0 1 3 6  0.0000000001
0 1 5 6  0.0000000013
0 1 7 6  0.0792602447
0 2 0 6  0.0000000001
0 2 4 6  -0.0688816988
0 2 6 6  0.0000000013
0 3 1 6  0.0000000001
0 3 5 6  -0.0688816988
0 3 7 6  0.0000000013
0 4 0 6  0.0000000013
0 4 2 6  -0.0688816988
0 5 1 6  0.0000000013
0 5 3 6  -0.0688816988
0 6 0 6  0.0792602447
0 6 2 6  0.0000000013
0 7 1 6  0.0792602447
0 7 3 6  0.0000000013
1 0 0 1  0.3266837912
1 1 1 1  0.3266837912
1 2 2 1  0.2454379994
1 2 6 1  0.0000000002
1 3 3 1  0.2454379994
1 3 7 1  0.0000000002
1 4 4 1  0.2400729601
1 4 6 1  0.0000000016
1 5 5 1  0.2400729601
1 5 7 1  0.0000000016
1 6 2 1  0.0000000002
1 6 4 1  0.0000000016
1 6 6 1  0.3011627923
1 7 3 1  0.0000000002
1 7 5 1  0.0000000016
1 7 7 1  0.3011627923
1 0 2 3  0.0273690754
1 0 6 3  0.0000000001
1 1 3 3  0.0273690754
1 1 7 3  0.0000000001
1 2 0 3  0.0273690754
1 2 2 3  0.0000000004
1 2 4 3  -0.0000000005
1 3 1 3  0.0273690754
1 3 3 3  0.0000000004
1 3 5 3  -0.0000000005
1 4 2 3  -0.0000000005
1 4 4 3  -0.0000000009
1 4 6 3  -0.0237121697
1 5 3 3  -0.0000000005
1 5 5 3  -0.0000000009
1 5 7 3  -0.0237121697
1 6 0 3  0.0000000001
1 6 4 3  -0.0237121697
1 6 6 3  0.0000000008
1 7 1 3  0.0000000001
1 7 5 3  -0.0237121697
1 7 7 3  0.0000000008
1 0 4 5  0.0137387757
1 0 6 5  0.0000000013
1 1 5 5  0.0137387757
1 1 7 5  0.0000000013
1 2 2 5  -0.0000000003
1 2 4 5  -0.0000000015
1 2 6 5  -0.0158442699
1 3 3 5  -0.0000000003
1 3 5 5  -0.0000000015
1 3 7 5  -0.0158442699
1 4 0 5  0.0137387757
1 4 2 5  -0.0000000015
1 4 4 5  -0.0000000003
1 5 1 5  0.0137387757
1 5 3 5  -0.0000000015
1 5 5 5  -0.0000000003
1 6 0 5  0.0000000013
1 6 2 5  -0.0158442699
1 7 1 5  0.0000000013
1 7 3 5  -0.0158442699
1 0 2 7  0.0000000001
1 0 4 7  0.0000000013
1 0 6 7  0.0792602447
1 1 3 7  0.0000000001
1 1 5 7  0.0000000013
1 1 7 7  0.0792602447
1 2 0 7  0.0000000001
1 2 4 7  -0.0688816988
1 2 6 7  0.0000000013
1 3 1 7  0.0000000001
1 3 5 7  -0.0688816988
1 3 7 7  0.0000000013
1 4 0 7  0.0000000013
1 4 2 7  -0.0688816988
1 5 1 7  0.0000000013
1 5 3 7  -0.0688816988
1 6 0 7  0.0792602447
1 6 2 7  0.0000000013
1 7 1 7  0.0792602447
1 7 3 7  0.0000000013
2 0 2 0  0.0273690754
2 0 6 0  0.0000000001
2 1 3 0  0.0273690754
2 1 7 0  0.0000000001
2 2 0 0  0.0273690754
2 2 2 0  0.0000000004
2 2 4 0  -0.0000000005
2 3 1 0  0.0273690754
2 3 3 0  0.0000000004
2 3 5 0  -0.0000000005
2 4 2 0  -0.0000000005
2 4 4 0  -0.0000000009
2 4 6 0  -0.0237121697
2 5 3 0  -0.0000000005
2 5 5 0  -0.0000000009
2 5 7 0  -0.0237121697
2 6 0 0  0.0000000001
2 6 4 0  -0.0237121697
2 6 6 0  0.0000000008
2 7 1 0  0.0000000001
2 7 5 0  -0.0237121697
2 7 7 0  0.0000000008
2 0 0 2  0.2454379994
2 0 2 2  0.0000000004
2 0 4 2  -0.0000000003
2 1 1 2  0.2454379994
2 1 3 2  0.0000000004
2 1 5 2  -0.0000000003
2 2 0 2  0.0000000004
2 2 2 2  0.2370330919
2 2 6 2  0.0000000004
2 3 1 2  0.0000000004
2 3 3 2  0.2370330919
2 3 7 2  0.0000000004
2 4 0 2  -0.0000000003
2 4 4 2  0.2397781111
2 4 6 2  0.0000000001
2 5 1 2  -0.0000000003
2 5 5 2  0.2397781111
2 5 7 2  0.0000000001
2 6 2 2  0.0000000004
2 6 4 2  0.0000000001
2 6 6 2  0.2440189919
2 7 3 2  0.0000000004
2 7 5 2  0.0000000001
2 7 7 2  0.2440189919
2 0 2 4  -0.0000000005
2 0 4 4  -0.0000000015
2 0 6 4  -0.0688816988
2 1 3 4  -0.0000000005
2 1 5 4  -0.0000000015
2 1 7 4  -0.0688816988
2 2 0 4  -0.0000000005
2 2 4 4  0.0980744158
2 2 6 4  -0.0000000013
2 3 1 4  -0.0000000005
2 3 5 4  0.0980744158
2 3 7 4  -0.0000000013
2 4 0 4  -0.0000000015
2 4 2 4  0.0980744158
2 4 6 4  0.0000000004
2 5 1 4  -0.0000000015
2 5 3 4  0.0980744158
2 5 7 4  0.0000000004
2 6 0 4  -0.0688816988
2 6 2 4  -0.0000000013
2 6 4 4  0.0000000004
2 7 1 4  -0.0688816988
2 7 3 4  -0.0000000013
2 7 5 4  0.0000000004
2 0 0 6  0.0000000002
2 0 4 6  -0.0158442699
2 0 6 6  0.0000000013
2 1 1 6  0.0000000002
2 1 5 6  -0.0158442699
2 1 7 6  0.0000000013
2 2 2 6  0.0000000004
2 2 4 6  -0.0000000013
2 2 6 6  0.0183849834
2 3 3 6  0.0000000004
2 3 5 6  -0.0000000013
2 3 7 6  0.0183849834
2 4 0 6  -0.0158442699
2 4 2 6  -0.0000000013
2 4 4 6  0.0000000004
2 5 1 6  -0.0158442699
2 5 3 6  -0.0000000013
2 5 5 6  0.0000000004
2 6 0 6  0.0000000013
2 6 2 6  0.0183849834
2 6 6 6  0.0000000002
2 7 1 6  0.0000000013
2 7 3 6  0.0183849834
2 7 7 6  0.0000000002
3 0 2 1  0.0273690754
3 0 6 1  0.0000000001
3 1 3 1  0.0273690754
3 1 7 1  0.0000000001
3 2 0 1  0.0273690754
3 2 2 1  0.0000000004
3 2 4 1  -0.0000000005
3 3 1 1  0.0273690754
3 3 3 1  0.0000000004
3 3 5 1  -0.0000000005
3 4 2 1  -0.0000000005
3 4 4 1  -0.0000000009
3 4 6 1  -0.0237121697
3 5 3 1  -0.0000000005
3 5 5 1  -0.0000000009
3 5 7 1  -0.0237121697
3 6 0 1  0.0000000001
3 6 4 1  -0.0237121697
3 6 6 1  0.0000000008
3 7 1 1  0.0000000001
3 7 5 1  -0.0237121697
3 7 7 1  0.0000000008
3 0 0 3  0.2454379994
3 0 2 3  0.0000000004
3 0 4 3  -0.0000000003
3 1 1 3  0.2454379994
3 1 3 3  0.0000000004
3 1 5 3  -0.0000000003
3 2 0 3  0.0000000004
3 2 2 3  0.2370330919
3 2 6 3  0.0000000004
3 3 1 3  0.0000000004
3 3 3 3  0.2370330919
3 3 7 3  0.0000000004
3 4 0 3  -0.0000000003
3 4 4 3  0.2397781111
3 4 6 3  0.0000000001
3 5 1 3  -0.0000000003
3 5 5 3  0.2397781111
3 5 7 3  0.0000000001
3 6 2 3  0.0000000004
3 6 4 3  0.0000000001
3 6 6 3  0.2440189919
3 7 3 3  0.0000000004
3 7 5 3  0.0000000001
3 7 7 3  0.2440189919
3 0 2 5  -0.0000000005
3 0 4 5  -0.0000000015
3 0 6 5  -0.0688816988
3 1 3 5  -0.0000000005
3 1 5 5  -0.0000000015
3 1 7 5  -0.0688816988
3 2 0 5  -0.0000000005
3 2 4 5  0.0980744158
3 2 6 5  -0.0000000013
3 3 1 5  -0.0000000005
3 3 5 5  0.0980744158
3 3 7 5  -0.0000000013
3 4 0 5  -0.0000000015
3 4 2 5  0.0980744158
3 4 6 5  0.0000000004
3 5 1 5  -0.0000000015
3 5 3 5  0.0980744158
3 5 7 5  0.0000000004
3 6 0 5  -0.0688816988
3 6 2 5  -0.0000000013
3 6 4 5  0.0000000004
3 7 1 5  -0.0688816988
3 7 3 5  -0.0000000013
3 7 5 5  0.0000000004
3 0 0 7  0.0000000002
3 0 4 7  -0.0158442699
3 0 6 7  0.0000000013
3 1 1 7  0.0000000002
3 1 5 7  -0.0158442699
3 1 7 7  0.0000000013
3 2 2 7  0.0000000004
3 2 4 7  -0.0000000013
3 2 6 7  0.0183849834
3 3 3 7  0.0000000004
3 3 5 7  -0.0000000013
3 3 7 7  0.0183849834
3 4 0 7  -0.0158442699
3 4 2 7  -0.0000000013
3 4 4 7  0.0000000004
3 5 1 7  -0.0158442699
3 5 3 7  -0.0000000013
3 5 5 7  0.0000000004
3 6 0 7  0.0000000013
3 6 2 7  0.0183849834
3 6 6 7  0.0000000002
3 7 1 7  0.0000000013
3 7 3 7  0.0183849834
3 7 7 7  0.0000000002
4 0 4 0  0.0137387757
4 0 6 0  0.0000000013
4 1 5 0  0.0137387757
4 1 7 0  0.0000000013
4 2 2 0  -0.0000000003
4 2 4 0  -0.0000000015
4 2 6 0  -0.0158442699
4 3 3 0  -0.0000000003
4 3 5 0  -0.0000000015
4 3 7 0  -0.0158442699
4 4 0 0  0.0137387757
4 4 2 0  -0.0000000015
4 4 4 0  -0.0000000003
4 5 1 0  0.0137387757
4 5 3 0  -0.0000000015
4 5 5 0  -0.0000000003
4 6 0 0  0.0000000013
4 6 2 0  -0.0158442699
4 7 1 0  0.0000000013
4 7 3 0  -0.0158442699
4 0 2 2  -0.0000000005
4 0 4 2  -0.0000000015
4 0 6 2  -0.0688816988
4 1 3 2  -0.0000000005
4 1 5 2  -0.0000000015
4 1 7 2  -0.0688816988
4 2 0 2  -0.0000000005
4 2 4 2  0.0980744158
4 2 6 2  -0.0000000013
4 3 1 2  -0.0000000005
4 3 5 2  0.0980744158
4 3 7 2  -0.0000000013
4 4 0 2  -0.0000000015
4 4 2 2  0.0980744158
4 4 6 2  0.0000000004
4 5 1 2  -0.0000000015
4 5 3 2  0.0980744158
4 5 7 2  0.0000000004
4 6 0 2  -0.0688816988
4 6 2 2  -0.0000000013
4 6 4 2  0.0000000004
4 7 1 2  -0.0688816988
4 7 3 2  -0.0000000013
4 7 5 2  0.0000000004
4 0 0 4  0.2400729601
4 0 2 4  -0.0000000009
4 0 4 4  -0.0000000003
4 1 1 4  0.2400729601
4 1 3 4  -0.0000000009
4 1 5 4  -0.0000000003
4 2 0 4  -0.0000000009
4 2 2 4  0.2397781111
4 2 6 4  0.0000000004
4 3 1 4  -0.0000000009
4 3 3 4  0.2397781111
4 3 7 4  0.0000000004
4 4 0 4  -0.0000000003
4 4 4 4  0.2450185209
4 4 6 4  0.0000000012
4 5 1 4  -0.0000000003
4 5 5 4  0.2450185209
4 5 7 4  0.0000000012
4 6 2 4  0.0000000004
4 6 4 4  0.0000000012
4 6 6 4  0.2438999062
4 7 3 4  0.0000000004
4 7 5 4  0.0000000012
4 7 7 4  0.2438999062
4 0 0 6  0.0000000016
4 0 2 6  -0.0237121697
4 1 1 6  0.0000000016
4 1 3 6  -0.0237121697
4 2 0 6  -0.0237121697
4 2 2 6  0.0000000001
4 2 4 6  0.0000000004
4 3 1 6  -0.0237121697
4 3 3 6  0.0000000001
4 3 5 6  0.0000000004
4 4 2 6  0.0000000004
4 4 4 6  0.0000000012
4 4 6 6  0.0227977280
4 5 3 6  0.0000000004
4 5 5 6  0.0000000012
4 5 7 6  0.0227977280
4 6 4 6  0.0227977280
4 6 6 6  0.0000000007
4 7 5 6  0.0227977280
4 7 7 6  0.0000000007
5 0 4 1  0.0137387757
5 0 6 1  0.0000000013
5 1 5 1  0.0137387757
5 1 7 1  0.0000000013
5 2 2 1  -0.0000000003
5 2 4 1  -0.0000000015
5 2 6 1  -0.0158442699
5 3 3 1  -0.0000000003
5 3 5 1  -0.0000000015
5 3 7 1  -0.0158442699
5 4 0 1  0.0137387757
5 4 2 1  -0.0000000015
5 4 4 1  -0.0000000003
5 5 1 1  0.0137387757
5 5 3 1  -0.0000000015
5 5 5 1  -0.0000000003
5 6 0 1  0.0000000013
5 6 2 1  -0.0158442699
5 7 1 1  0.0000000013
5 7 3 1  -0.0158442699
5 0 2 3  -0.0000000005
5 0 4 3  -0.0000000015
5 0 6 3  -0.0688816988
5 1 3 3  -0.0000000005
5 1 5 3  -0.0000000015
5 1 7 3  -0.0688816988
5 2 0 3  -0.0000000005
5 2 4 3  0.0980744158
5 2 6 3  -0.0000000013
5 3 1 3  -0.0000000005
5 3 5 3  0.0980744158
5 3 7 3  -0.0000000013
5 4 0 3  -0.0000000015
5 4 2 3  0.0980744158
5 4 6 3  0.0000000004
5 5 1 3  -0.0000000015
5 5 3 3  0.0980744158
5 5 7 3  0.0000000004
5 6 0 3  -0.0688816988
5 6 2 3  -0.0000000013
5 6 4 3  0.0000000004
5 7 1 3  -0.0688816988
5 7 3 3  -0.0000000013
5 7 5 3  0.0000000004
5 0 0 5  0.2400729601
5 0 2 5  -0.0000000009
5 0 4 5  -0.0000000003
5 1 1 5  0.2400729601
5 1 3 5  -0.0000000009
5 1 5 5  -0.0000000003
5 2 0 5  -0.0000000009
5 2 2 5  0.2397781111
5 2 6 5  0.0000000004
5 3 1 5  -0.0000000009
5 3 3 5  0.2397781111
5 3 7 5  0.0000000004
5 4 0 5  -0.0000000003
5 4 4 5  0.2450185209
5 4 6 5  0.0000000012
5 5 1 5  -0.0000000003
5 5 5 5  0.2450185209
5 5 7 5  0.0000000012
5 6 2 5  0.0000000004
5 6 4 5  0.0000000012
5 6 6 5  0.2438999062
5 7 3 5  0.0000000004
5 7 5 5  0.0000000012
5 7 7 5  0.2438999062
5 0 0 7  0.0000000016
5 0 2 7  -0.0237121697
5 1 1 7  0.0000000016
5 1 3 7  -0.0237121697
5 2 0 7  -0.0237121697
5 2 2 7  0.0000000001
5 2 4 7  0.0000000004
5 3 1 7  -0.0237121697
5 3 3 7  0.0000000001
5 3 5 7  0.0000000004
5 4 2 7  0.0000000004
5 4 4 7  0.0000000012
5 4 6 7  0.0227977280
5 5 3 7  0.0000000004
5 5 5 7  0.0000000012
5 5 7 7  0.0227977280
5 6 4 7  0.0227977280
5 6 6 7  0.0000000007
5 7 5 7  0.0227977280
5 7 7 7  0.0000000007
6 0 2 0  0.0000000001
6 0 4 0  0.0000000013
6 0 6 0  0.0792602447
6 1 3 0  0.0000000001
6 1 5 0  0.0000000013
6 1 7 0  0.0792602447
6 2 0 0  0.0000000001
6 2 4 0  -0.0688816988
6 2 6 0  0.0000000013
6 3 1 0  0.0000000001
6 3 5 0  -0.0688816988
6 3 7 0  0.0000000013
6 4 0 0  0.0000000013
6 4 2 0  -0.0688816988
6 5 1 0  0.0000000013
6 5 3 0  -0.0688816988
6 6 0 0  0.0792602447
6 6 2 0  0.0000000013
6 7 1 0  0.0792602447
6 7 3 0  0.0000000013
6 0 0 2  0.0000000002
6 0 4 2  -0.0158442699
6 0 6 2  0.0000000013
6 1 1 2  0.0000000002
6 1 5 2  -0.0158442699
6 1 7 2  0.0000000013
6 2 2 2  0.0000000004
6 2 4 2  -0.0000000013
6 2 6 2  0.0183849834
6 3 3 2  0.0000000004
6 3 5 2  -0.0000000013
6 3 7 2  0.0183849834
6 4 0 2  -0.0158442699
6 4 2 2  -0.0000000013
6 4 4 2  0.0000000004
6 5 1 2  -0.0158442699
6 5 3 2  -0.0000000013
6 5 5 2  0.0000000004
6 6 0 2  0.0000000013
6 6 2 2  0.0183849834
6 6 6 2  0.0000000002
6 7 1 2  0.0000000013
6 7 3 2  0.0183849834
6 7 7 2  0.0000000002
6 0 0 4  0.0000000016
6 0 2 4  -0.0237121697
6 1 1 4  0.0000000016
6 1 3 4  -0.0237121697
6 2 0 4  -0.0237121697
6 2 2 4  0.0000000001
6 2 4 4  0.0000000004
6 3 1 4  -0.0237121697
6 3 3 4  0.0000000001
6 3 5 4  0.0000000004
6 4 2 4  0.0000000004
6 4 4 4  0.0000000012
6 4 6 4  0.0227977280
6 5 3 4  0.0000000004
6 5 5 4  0.0000000012
6 5 7 4  0.0227977280
6 6 4 4  0.0227977280
6 6 6 4  0.0000000007
6 7 5 4  0.0227977280
6 7 7 4  0.0000000007
6 0 0 6  0.3011627923
6 0 2 6  0.0000000008
6 1 1 6  0.3011627923
6 1 3 6  0.0000000008
6 2 0 6  0.0000000008
6 2 2 6  0.2440189919
6 2 6 6  0.0000000002
6 3 1 6  0.0000000008
6 3 3 6  0.2440189919
6 3 7 6  0.0000000002
6 4 4 6  0.2438999062
6 4 6 6  0.0000000007
6 5 5 6  0.2438999062
6 5 7 6  0.0000000007
6 6 2 6  0.0000000002
6 6 4 6  0.0000000007
6 6 6 6  0.2961467476
6 7 3 6  0.0000000002
6 7 5 6  0.0000000007
6 7 7 6  0.2961467476
7 0 2 1  0.0000000001
7 0 4 1  0.0000000013
7 0 6 1  0.0792602447
7 1 3 1  0.0000000001
7 1 5 1  0.0000000013
7 1 7 1  0.0792602447
7 2 0 1  0.0000000001
7 2 4 1  -0.0688816988
7 2 6 1  0.0000000013
7 3 1 1  0.0000000001
7 3 5 1  -0.0688816988
7 3 7 1  0.0000000013
7 4 0 1  0.0000000013
7 4 2 1  -0.0688816988
7 5 1 1  0.0000000013
7 5 3 1  -0.0688816988
7 6 0 1  0.0792602447
7 6 2 1  0.0000000013
7 7 1 1  0.0792602447
7 7 3 1  0.0000000013
7 0 0 3  0.0000000002
7 0 4 3  -0.0158442699
7 0 6 3  0.0000000013
7 1 1 3  0.0000000002
7 1 5 3  -0.0158442699
7 1 7 3  0.0000000013
7 2 2 3  0.0000000004
7 2 4 3  -0.0000000013
7 2 6 3  0.0183849834
7 3 3 3  0.0000000004
7 3 5 3  -0.0000000013
7 3 7 3  0.0183849834
7 4 0 3  -0.0158442699
7 4 2 3  -0.0000000013
7 4 4 3  0.0000000004
7 5 1 3  -0.0158442699
7 5 3 3  -0.0000000013
7 5 5 3  0.0000000004
7 6 0 3  0.0000000013
7 6 2 3  0.0183849834
7 6 6 3  0.0000000002
7 7 1 3  0.0000000013
7 7 3 3  0.0183849834
7 7 7 3  0.0000000002
7 0 0 5  0.0000000016
7 0 2 5  -0.0237121697
7 1 1 5  0.0000000016
7 1 3 5  -0.0237121697
7 2 0 5  -0.0237121697
7 2 2 5  0.0000000001
7 2 4 5  0.0000000004
7 3 1 5  -0.0237121697
7 3 3 5  0.0000000001
7 3 5 5  0.0000000004
7 4 2 5  0.0000000004
7 4 4 5  0.0000000012
7 4 6 5  0.0227977280
7 5 3 5  0.0000000004
7 5 5 5  0.0000000012
7 5 7 5  0.0227977280
7 6 4 5  0.0227977280
7 6 6 5  0.0000000007
7 7 5 5  0.0227977280
7 7 7 5  0.0000000007
7 0 0 7  0.3011627923
7 0 2 7  0.0000000008
7 1 1 7  0.3011627923
7 1 3 7  0.0000000008
7 2 0 7  0.0000000008
7 2 2 7  0.2440189919
7 2 6 7  0.0000000002
7 3 1 7  0.0000000008
7 3 3 7  0.2440189919
7 3 7 7  0.0000000002
7 4 4 7  0.2438999062
7 4 6 7  0.0000000007
7 5 5 7  0.2438999062
7 5 7 7  0.0000000007
7 6 2 7  0.0000000002
7 6 4 7  0.0000000007
7 6 6 7  0.2961467476
7 7 3 7  0.0000000002
7 7 5 7  0.0000000007
7 7 7 7  0.2961467476

 E(Ref) = -77.6887679203 Hartree, <S**2> = 0.0000
 E(FCI) = -77.8224112728 Hartree, <S**2> = -0.0000
