 MO Integrals with frozen core/virtual approximation

-73.25038857746483
0 0  -2.0633044145
0 2  0.0000000135
0 4  -0.0000000034
1 1  -2.0633044145
1 3  0.0000000135
1 5  -0.0000000034
2 0  0.0000000135
2 2  -1.5795688649
2 6  -0.0000000023
3 1  0.0000000135
3 3  -1.5795688649
3 7  -0.0000000023
4 0  -0.0000000034
4 4  -1.4611937557
4 6  0.0000000019
5 1  -0.0000000034
5 5  -1.4611937557
5 7  0.0000000019
6 2  -0.0000000023
6 4  0.0000000019
6 6  -1.4834138867
7 3  -0.0000000023
7 5  0.0000000019
7 7  -1.4834138867
0 0 0 0  0.3127666341
0 0 2 0  -0.0000000007
0 0 4 0  0.0000000003
0 1 1 0  0.3127666341
0 1 3 0  -0.0000000007
0 1 5 0  0.0000000003
0 2 0 0  -0.0000000007
0 2 2 0  0.2377765744
0 2 6 0  0.0000000005
0 3 1 0  -0.0000000007
0 3 3 0  0.2377765744
0 3 7 0  0.0000000005
0 4 0 0  0.0000000003
0 4 4 0  0.2337127369
0 4 6 0  -0.0000000011
0 5 1 0  0.0000000003
0 5 5 0  0.2337127369
0 5 7 0  -0.0000000011
0 6 2 0  0.0000000005
0 6 4 0  -0.0000000011
0 6 6 0  0.2937647041
0 7 3 0  0.0000000005
0 7 5 0  -0.0000000011
0 7 7 0  0.2937647041
0 0 0 2  -0.0000000007
0 0 2 2  0.0236182023
0 0 6 2  0.0000000002
0 1 1 2  -0.0000000007
0 1 3 2  0.0236182023
0 1 7 2  0.0000000002
0 2 0 2  0.0236182023
0 2 2 2  -0.0000000014
0 2 4 2  0.0000000004
0 3 1 2  0.0236182023
0 3 3 2  -0.0000000014
0 3 5 2  0.0000000004
0 4 2 2  0.0000000004
0 4 4 2  -0.0000000016
0 4 6 2  0.0213924849
0 5 3 2  0.0000000004
0 5 5 2  -0.0000000016
0 5 7 2  0.0213924849
0 6 0 2  0.0000000002
0 6 4 2  0.0213924849
0 6 6 2  -0.0000000001
0 7 1 2  0.0000000002
0 7 5 2  0.0213924849
0 7 7 2  -0.0000000001
0 0 0 4  0.0000000003
0 0 4 4  0.0126616308
0 0 6 4  0.0000000001
0 1 1 4  0.0000000003
0 1 5 4  0.0126616308
0 1 7 4  0.0000000001
0 2 2 4  0.0000000003
0 2 4 4  -0.0000000004
0 2 6 4  0.0148645650
0 3 3 4  0.0000000003
0 3 5 4  -0.0000000004
0 3 7 4  0.0148645650
0 4 0 4  0.0126616308
0 4 2 4  -0.0000000004
0 4 4 4  0.0000000001
0 5 1 4  0.0126616308
0 5 3 4  -0.0000000004
0 5 5 4  0.0000000001
0 6 0 4  0.0000000001
0 6 2 4  0.0148645650
0 6 6 4  0.0000000002
0 7 1 4  0.0000000001
0 7 3 4  0.0148645650
0 7 7 4  0.0000000002
0 0 2 6  0.0000000002
0 0 4 6  0.0000000001
0 0 6 6  0.0837828107
0 1 3 6  0.0000000002
0 1 5 6  0.0000000001
0 1 7 6  0.0837828107
0 2 0 6  0.0000000002
0 2 4 6  0.0722989041
0 2 6 6  0.0000000010
0 3 1 6  0.0000000002
0 3 5 6  0.0722989041
0 3 7 6  0.0000000010
0 4 0 6  0.0000000001
0 4 2 6  0.0722989041
0 4 6 6  -0.0000000002
0 5 1 6  0.0000000001
0 5 3 6  0.0722989041
0 5 7 6  -0.0000000002
0 6 0 6  0.0837828107
0 6 2 6  0.0000000010
0 6 4 6  -0.0000000002
0 7 1 6  0.0837828107
0 7 3 6  0.0000000010
0 7 5 6  -0.0000000002
1 0 0 1  0.3127666341
1 0 2 1  -0.0000000007
1 0 4 1  0.0000000003
1 1 1 1  0.3127666341
1 1 3 1  -0.0000000007
1 1 5 1  0.0000000003
1 2 0 1  -0.0000000007
1 2 2 1  0.2377765744
1 2 6 1  0.0000000005
1 3 1 1  -0.0000000007
1 3 3 1  0.2377765744
1 3 7 1  0.0000000005
1 4 0 1  0.0000000003
1 4 4 1  0.2337127369
1 4 6 1  -0.0000000011
1 5 1 1  0.0000000003
1 5 5 1  0.2337127369
1 5 7 1  -0.0000000011
1 6 2 1  0.0000000005
1 6 4 1  -0.0000000011
1 6 6 1  0.2937647041
1 7 3 1  0.0000000005
1 7 5 1  -0.0000000011
1 7 7 1  0.2937647041
1 0 0 3  -0.0000000007
1 0 2 3  0.0236182023
1 0 6 3  0.0000000002
1 1 1 3  -0.0000000007
1 1 3 3  0.0236182023
1 1 7 3  0.0000000002
1 2 0 3  0.0236182023
1 2 2 3  -0.0000000014
1 2 4 3  0.0000000004
1 3 1 3  0.0236182023
1 3 3 3  -0.0000000014
1 3 5 3  0.0000000004
1 4 2 3  0.0000000004
1 4 4 3  -0.0000000016
1 4 6 3  0.0213924849
1 5 3 3  0.0000000004
1 5 5 3  -0.0000000016
1 5 7 3  0.0213924849
1 6 0 3  0.0000000002
1 6 4 3  0.0213924849
1 6 6 3  -0.0000000001
1 7 1 3  0.0000000002
1 7 5 3  0.0213924849
1 7 7 3  -0.0000000001
1 0 0 5  0.0000000003
1 0 4 5  0.0126616308
1 0 6 5  0.0000000001
1 1 1 5  0.0000000003
1 1 5 5  0.0126616308
1 1 7 5  0.0000000001
1 2 2 5  0.0000000003
1 2 4 5  -0.0000000004
1 2 6 5  0.0148645650
1 3 3 5  0.0000000003
1 3 5 5  -0.0000000004
1 3 7 5  0.0148645650
1 4 0 5  0.0126616308
1 4 2 5  -0.0000000004
1 4 4 5  0.0000000001
1 5 1 5  0.0126616308
1 5 3 5  -0.0000000004
1 5 5 5  0.0000000001
1 6 0 5  0.0000000001
1 6 2 5  0.0148645650
1 6 6 5  0.0000000002
1 7 1 5  0.0000000001
1 7 3 5  0.0148645650
1 7 7 5  0.0000000002
1 0 2 7  0.0000000002
1 0 4 7  0.0000000001
1 0 6 7  0.0837828107
1 1 3 7  0.0000000002
1 1 5 7  0.0000000001
1 1 7 7  0.0837828107
1 2 0 7  0.0000000002
1 2 4 7  0.0722989041
1 2 6 7  0.0000000010
1 3 1 7  0.0000000002
1 3 5 7  0.0722989041
1 3 7 7  0.0000000010
1 4 0 7  0.0000000001
1 4 2 7  0.0722989041
1 4 6 7  -0.0000000002
1 5 1 7  0.0000000001
1 5 3 7  0.0722989041
1 5 7 7  -0.0000000002
1 6 0 7  0.0837828107
1 6 2 7  0.0000000010
1 6 4 7  -0.0000000002
1 7 1 7  0.0837828107
1 7 3 7  0.0000000010
1 7 5 7  -0.0000000002
2 0 0 0  -0.0000000007
2 0 2 0  0.0236182023
2 0 6 0  0.0000000002
2 1 1 0  -0.0000000007
2 1 3 0  0.0236182023
2 1 7 0  0.0000000002
2 2 0 0  0.0236182023
2 2 2 0  -0.0000000014
2 2 4 0  0.0000000004
2 3 1 0  0.0236182023
2 3 3 0  -0.0000000014
2 3 5 0  0.0000000004
2 4 2 0  0.0000000004
2 4 4 0  -0.0000000016
2 4 6 0  0.0213924849
2 5 3 0  0.0000000004
2 5 5 0  -0.0000000016
2 5 7 0  0.0213924849
2 6 0 0  0.0000000002
2 6 4 0  0.0213924849
2 6 6 0  -0.0000000001
2 7 1 0  0.0000000002
2 7 5 0  0.0213924849
2 7 7 0  -0.0000000001
2 0 0 2  0.2377765744
2 0 2 2  -0.0000000014
2 0 4 2  0.0000000003
2 1 1 2  0.2377765744
2 1 3 2  -0.0000000014
2 1 5 2  0.0000000003
2 2 0 2  -0.0000000014
2 2 2 2  0.2335209309
2 2 6 2  0.0000000005
2 3 1 2  -0.0000000014
2 3 3 2  0.2335209309
2 3 7 2  0.0000000005
2 4 0 2  0.0000000003
2 4 4 2  0.2364030041
2 4 6 2  -0.0000000015
2 5 1 2  0.0000000003
2 5 5 2  0.2364030041
2 5 7 2  -0.0000000015
2 6 2 2  0.0000000005
2 6 4 2  -0.0000000015
2 6 6 2  0.2395960179
2 7 3 2  0.0000000005
2 7 5 2  -0.0000000015
2 7 7 2  0.2395960179
2 0 2 4  0.0000000004
2 0 4 4  -0.0000000004
2 0 6 4  0.0722989041
2 1 3 4  0.0000000004
2 1 5 4  -0.0000000004
2 1 7 4  0.0722989041
2 2 0 4  0.0000000004
2 2 4 4  0.1010784638
2 2 6 4  0.0000000002
2 3 1 4  0.0000000004
2 3 5 4  0.1010784638
2 3 7 4  0.0000000002
2 4 0 4  -0.0000000004
2 4 2 4  0.1010784638
2 4 6 4  -0.0000000001
2 5 1 4  -0.0000000004
2 5 3 4  0.1010784638
2 5 7 4  -0.0000000001
2 6 0 4  0.0722989041
2 6 2 4  0.0000000002
2 6 4 4  -0.0000000001
2 7 1 4  0.0722989041
2 7 3 4  0.0000000002
2 7 5 4  -0.0000000001
2 0 0 6  0.0000000005
2 0 4 6  0.0148645650
2 0 6 6  0.0000000010
2 1 1 6  0.0000000005
2 1 5 6  0.0148645650
2 1 7 6  0.0000000010
2 2 2 6  0.0000000005
2 2 4 6  0.0000000002
2 2 6 6  0.0174948907
2 3 3 6  0.0000000005
2 3 5 6  0.0000000002
2 3 7 6  0.0174948907
2 4 0 6  0.0148645650
2 4 2 6  0.0000000002
2 4 4 6  0.0000000003
2 5 1 6  0.0148645650
2 5 3 6  0.0000000002
2 5 5 6  0.0000000003
2 6 0 6  0.0000000010
2 6 2 6  0.0174948907
2 6 6 6  0.0000000004
2 7 1 6  0.0000000010
2 7 3 6  0.0174948907
2 7 7 6  0.0000000004
3 0 0 1  -0.0000000007
3 0 2 1  0.0236182023
3 0 6 1  0.0000000002
3 1 1 1  -0.0000000007
3 1 3 1  0.0236182023
3 1 7 1  0.0000000002
3 2 0 1  0.0236182023
3 2 2 1  -0.0000000014
3 2 4 1  0.0000000004
3 3 1 1  0.0236182023
3 3 3 1  -0.0000000014
3 3 5 1  0.0000000004
3 4 2 1  0.0000000004
3 4 4 1  -0.0000000016
3 4 6 1  0.0213924849
3 5 3 1  0.0000000004
3 5 5 1  -0.0000000016
3 5 7 1  0.0213924849
3 6 0 1  0.0000000002
3 6 4 1  0.0213924849
3 6 6 1  -0.0000000001
3 7 1 1  0.0000000002
3 7 5 1  0.0213924849
3 7 7 1  -0.0000000001
3 0 0 3  0.2377765744
3 0 2 3  -0.0000000014
3 0 4 3  0.0000000003
3 1 1 3  0.2377765744
3 1 3 3  -0.0000000014
3 1 5 3  0.0000000003
3 2 0 3  -0.0000000014
3 2 2 3  0.2335209309
3 2 6 3  0.0000000005
3 3 1 3  -0.0000000014
3 3 3 3  0.2335209309
3 3 7 3  0.0000000005
3 4 0 3  0.0000000003
3 4 4 3  0.2364030041
3 4 6 3  -0.0000000015
3 5 1 3  0.0000000003
3 5 5 3  0.2364030041
3 5 7 3  -0.0000000015
3 6 2 3  0.0000000005
3 6 4 3  -0.0000000015
3 6 6 3  0.2395960179
3 7 3 3  0.0000000005
3 7 5 3  -0.0000000015
3 7 7 3  0.2395960179
3 0 2 5  0.0000000004
3 0 4 5  -0.0000000004
3 0 6 5  0.0722989041
3 1 3 5  0.0000000004
3 1 5 5  -0.0000000004
3 1 7 5  0.0722989041
3 2 0 5  0.0000000004
3 2 4 5  0.1010784638
3 2 6 5  0.0000000002
3 3 1 5  0.0000000004
3 3 5 5  0.1010784638
3 3 7 5  0.0000000002
3 4 0 5  -0.0000000004
3 4 2 5  0.1010784638
3 4 6 5  -0.0000000001
3 5 1 5  -0.0000000004
3 5 3 5  0.1010784638
3 5 7 5  -0.0000000001
3 6 0 5  0.0722989041
3 6 2 5  0.0000000002
3 6 4 5  -0.0000000001
3 7 1 5  0.0722989041
3 7 3 5  0.0000000002
3 7 5 5  -0.0000000001
3 0 0 7  0.0000000005
3 0 4 7  0.0148645650
3 0 6 7  0.0000000010
3 1 1 7  0.0000000005
3 1 5 7  0.0148645650
3 1 7 7  0.0000000010
3 2 2 7  0.0000000005
3 2 4 7  0.0000000002
3 2 6 7  0.0174948907
3 3 3 7  0.0000000005
3 3 5 7  0.0000000002
3 3 7 7  0.0174948907
3 4 0 7  0.0148645650
3 4 2 7  0.0000000002
3 4 4 7  0.0000000003
3 5 1 7  0.0148645650
3 5 3 7  0.0000000002
3 5 5 7  0.0000000003
3 6 0 7  0.0000000010
3 6 2 7  0.0174948907
3 6 6 7  0.0000000004
3 7 1 7  0.0000000010
3 7 3 7  0.0174948907
3 7 7 7  0.0000000004
4 0 0 0  0.0000000003
4 0 4 0  0.0126616308
4 0 6 0  0.0000000001
4 1 1 0  0.0000000003
4 1 5 0  0.0126616308
4 1 7 0  0.0000000001
4 2 2 0  0.0000000003
4 2 4 0  -0.0000000004
4 2 6 0  0.0148645650
4 3 3 0  0.0000000003
4 3 5 0  -0.0000000004
4 3 7 0  0.0148645650
4 4 0 0  0.0126616308
4 4 2 0  -0.0000000004
4 4 4 0  0.0000000001
4 5 1 0  0.0126616308
4 5 3 0  -0.0000000004
4 5 5 0  0.0000000001
4 6 0 0  0.0000000001
4 6 2 0  0.0148645650
4 6 6 0  0.0000000002
4 7 1 0  0.0000000001
4 7 3 0  0.0148645650
4 7 7 0  0.0000000002
4 0 2 2  0.0000000004
4 0 4 2  -0.0000000004
4 0 6 2  0.0722989041
4 1 3 2  0.0000000004
4 1 5 2  -0.0000000004
4 1 7 2  0.0722989041
4 2 0 2  0.0000000004
4 2 4 2  0.1010784638
4 2 6 2  0.0000000002
4 3 1 2  0.0000000004
4 3 5 2  0.1010784638
4 3 7 2  0.0000000002
4 4 0 2  -0.0000000004
4 4 2 2  0.1010784638
4 4 6 2  -0.0000000001
4 5 1 2  -0.0000000004
4 5 3 2  0.1010784638
4 5 7 2  -0.0000000001
4 6 0 2  0.0722989041
4 6 2 2  0.0000000002
4 6 4 2  -0.0000000001
4 7 1 2  0.0722989041
4 7 3 2  0.0000000002
4 7 5 2  -0.0000000001
4 0 0 4  0.2337127369
4 0 2 4  -0.0000000016
4 0 4 4  0.0000000001
4 1 1 4  0.2337127369
4 1 3 4  -0.0000000016
4 1 5 4  0.0000000001
4 2 0 4  -0.0000000016
4 2 2 4  0.2364030041
4 2 6 4  0.0000000003
4 3 1 4  -0.0000000016
4 3 3 4  0.2364030041
4 3 7 4  0.0000000003
4 4 0 4  0.0000000001
4 4 4 4  0.2411047593
4 4 6 4  -0.0000000019
4 5 1 4  0.0000000001
4 5 5 4  0.2411047593
4 5 7 4  -0.0000000019
4 6 2 4  0.0000000003
4 6 4 4  -0.0000000019
4 6 6 4  0.2396835450
4 7 3 4  0.0000000003
4 7 5 4  -0.0000000019
4 7 7 4  0.2396835450
4 0 0 6  -0.0000000011
4 0 2 6  0.0213924849
4 0 6 6  -0.0000000002
4 1 1 6  -0.0000000011
4 1 3 6  0.0213924849
4 1 7 6  -0.0000000002
4 2 0 6  0.0213924849
4 2 2 6  -0.0000000015
4 2 4 6  -0.0000000001
4 3 1 6  0.0213924849
4 3 3 6  -0.0000000015
4 3 5 6  -0.0000000001
4 4 2 6  -0.0000000001
4 4 4 6  -0.0000000019
4 4 6 6  0.0212442514
4 5 3 6  -0.0000000001
4 5 5 6  -0.0000000019
4 5 7 6  0.0212442514
4 6 0 6  -0.0000000002
4 6 4 6  0.0212442514
4 6 6 6  -0.0000000006
4 7 1 6  -0.0000000002
4 7 5 6  0.0212442514
4 7 7 6  -0.0000000006
5 0 0 1  0.0000000003
5 0 4 1  0.0126616308
5 0 6 1  0.0000000001
5 1 1 1  0.0000000003
5 1 5 1  0.0126616308
5 1 7 1  0.0000000001
5 2 2 1  0.0000000003
5 2 4 1  -0.0000000004
5 2 6 1  0.0148645650
5 3 3 1  0.0000000003
5 3 5 1  -0.0000000004
5 3 7 1  0.0148645650
5 4 0 1  0.0126616308
5 4 2 1  -0.0000000004
5 4 4 1  0.0000000001
5 5 1 1  0.0126616308
5 5 3 1  -0.0000000004
5 5 5 1  0.0000000001
5 6 0 1  0.0000000001
5 6 2 1  0.0148645650
5 6 6 1  0.0000000002
5 7 1 1  0.0000000001
5 7 3 1  0.0148645650
5 7 7 1  0.0000000002
5 0 2 3  0.0000000004
5 0 4 3  -0.0000000004
5 0 6 3  0.0722989041
5 1 3 3  0.0000000004
5 1 5 3  -0.0000000004
5 1 7 3  0.0722989041
5 2 0 3  0.0000000004
5 2 4 3  0.1010784638
5 2 6 3  0.0000000002
5 3 1 3  0.0000000004
5 3 5 3  0.1010784638
5 3 7 3  0.0000000002
5 4 0 3  -0.0000000004
5 4 2 3  0.1010784638
5 4 6 3  -0.0000000001
5 5 1 3  -0.0000000004
5 5 3 3  0.1010784638
5 5 7 3  -0.0000000001
5 6 0 3  0.0722989041
5 6 2 3  0.0000000002
5 6 4 3  -0.0000000001
5 7 1 3  0.0722989041
5 7 3 3  0.0000000002
5 7 5 3  -0.0000000001
5 0 0 5  0.2337127369
5 0 2 5  -0.0000000016
5 0 4 5  0.0000000001
5 1 1 5  0.2337127369
5 1 3 5  -0.0000000016
5 1 5 5  0.0000000001
5 2 0 5  -0.0000000016
5 2 2 5  0.2364030041
5 2 6 5  0.0000000003
5 3 1 5  -0.0000000016
5 3 3 5  0.2364030041
5 3 7 5  0.0000000003
5 4 0 5  0.0000000001
5 4 4 5  0.2411047593
5 4 6 5  -0.0000000019
5 5 1 5  0.0000000001
5 5 5 5  0.2411047593
5 5 7 5  -0.0000000019
5 6 2 5  0.0000000003
5 6 4 5  -0.0000000019
5 6 6 5  0.2396835450
5 7 3 5  0.0000000003
5 7 5 5  -0.0000000019
5 7 7 5  0.2396835450
5 0 0 7  -0.0000000011
5 0 2 7  0.0213924849
5 0 6 7  -0.0000000002
5 1 1 7  -0.0000000011
5 1 3 7  0.0213924849
5 1 7 7  -0.0000000002
5 2 0 7  0.0213924849
5 2 2 7  -0.0000000015
5 2 4 7  -0.0000000001
5 3 1 7  0.0213924849
5 3 3 7  -0.0000000015
5 3 5 7  -0.0000000001
5 4 2 7  -0.0000000001
5 4 4 7  -0.0000000019
5 4 6 7  0.0212442514
5 5 3 7  -0.0000000001
5 5 5 7  -0.0000000019
5 5 7 7  0.0212442514
5 6 0 7  -0.0000000002
5 6 4 7  0.0212442514
5 6 6 7  -0.0000000006
5 7 1 7  -0.0000000002
5 7 5 7  0.0212442514
5 7 7 7  -0.0000000006
6 0 2 0  0.0000000002
6 0 4 0  0.0000000001
6 0 6 0  0.0837828107
6 1 3 0  0.0000000002
6 1 5 0  0.0000000001
6 1 7 0  0.0837828107
6 2 0 0  0.0000000002
6 2 4 0  0.0722989041
6 2 6 0  0.0000000010
6 3 1 0  0.0000000002
6 3 5 0  0.0722989041
6 3 7 0  0.0000000010
6 4 0 0  0.0000000001
6 4 2 0  0.0722989041
6 4 6 0  -0.0000000002
6 5 1 0  0.0000000001
6 5 3 0  0.0722989041
6 5 7 0  -0.0000000002
6 6 0 0  0.0837828107
6 6 2 0  0.0000000010
6 6 4 0  -0.0000000002
6 7 1 0  0.0837828107
6 7 3 0  0.0000000010
6 7 5 0  -0.0000000002
6 0 0 2  0.0000000005
6 0 4 2  0.0148645650
6 0 6 2  0.0000000010
6 1 1 2  0.0000000005
6 1 5 2  0.0148645650
6 1 7 2  0.0000000010
6 2 2 2  0.0000000005
6 2 4 2  0.0000000002
6 2 6 2  0.0174948907
6 3 3 2  0.0000000005
6 3 5 2  0.0000000002
6 3 7 2  0.0174948907
6 4 0 2  0.0148645650
6 4 2 2  0.0000000002
6 4 4 2  0.0000000003
6 5 1 2  0.0148645650
6 5 3 2  0.0000000002
6 5 5 2  0.0000000003
6 6 0 2  0.0000000010
6 6 2 2  0.0174948907
6 6 6 2  0.0000000004
6 7 1 2  0.0000000010
6 7 3 2  0.0174948907
6 7 7 2  0.0000000004
6 0 0 4  -0.0000000011
6 0 2 4  0.0213924849
6 0 6 4  -0.0000000002
6 1 1 4  -0.0000000011
6 1 3 4  0.0213924849
6 1 7 4  -0.0000000002
6 2 0 4  0.0213924849
6 2 2 4  -0.0000000015
6 2 4 4  -0.0000000001
6 3 1 4  0.0213924849
6 3 3 4  -0.0000000015
6 3 5 4  -0.0000000001
6 4 2 4  -0.0000000001
6 4 4 4  -0.0000000019
6 4 6 4  0.0212442514
6 5 3 4  -0.0000000001
6 5 5 4  -0.0000000019
6 5 7 4  0.0212442514
6 6 0 4  -0.0000000002
6 6 4 4  0.0212442514
6 6 6 4  -0.0000000006
6 7 1 4  -0.0000000002
6 7 5 4  0.0212442514
6 7 7 4  -0.0000000006
6 0 0 6  0.2937647041
6 0 2 6  -0.0000000001
6 0 4 6  0.0000000002
6 1 1 6  0.2937647041
6 1 3 6  -0.0000000001
6 1 5 6  0.0000000002
6 2 0 6  -0.0000000001
6 2 2 6  0.2395960179
6 2 6 6  0.0000000004
6 3 1 6  -0.0000000001
6 3 3 6  0.2395960179
6 3 7 6  0.0000000004
6 4 0 6  0.0000000002
6 4 4 6  0.2396835450
6 4 6 6  -0.0000000006
6 5 1 6  0.0000000002
6 5 5 6  0.2396835450
6 5 7 6  -0.0000000006
6 6 2 6  0.0000000004
6 6 4 6  -0.0000000006
6 6 6 6  0.2923704279
6 7 3 6  0.0000000004
6 7 5 6  -0.0000000006
6 7 7 6  0.2923704279
7 0 2 1  0.0000000002
7 0 4 1  0.0000000001
7 0 6 1  0.0837828107
7 1 3 1  0.0000000002
7 1 5 1  0.0000000001
7 1 7 1  0.0837828107
7 2 0 1  0.0000000002
7 2 4 1  0.0722989041
7 2 6 1  0.0000000010
7 3 1 1  0.0000000002
7 3 5 1  0.0722989041
7 3 7 1  0.0000000010
7 4 0 1  0.0000000001
7 4 2 1  0.0722989041
7 4 6 1  -0.0000000002
7 5 1 1  0.0000000001
7 5 3 1  0.0722989041
7 5 7 1  -0.0000000002
7 6 0 1  0.0837828107
7 6 2 1  0.0000000010
7 6 4 1  -0.0000000002
7 7 1 1  0.0837828107
7 7 3 1  0.0000000010
7 7 5 1  -0.0000000002
7 0 0 3  0.0000000005
7 0 4 3  0.0148645650
7 0 6 3  0.0000000010
7 1 1 3  0.0000000005
7 1 5 3  0.0148645650
7 1 7 3  0.0000000010
7 2 2 3  0.0000000005
7 2 4 3  0.0000000002
7 2 6 3  0.0174948907
7 3 3 3  0.0000000005
7 3 5 3  0.0000000002
7 3 7 3  0.0174948907
7 4 0 3  0.0148645650
7 4 2 3  0.0000000002
7 4 4 3  0.0000000003
7 5 1 3  0.0148645650
7 5 3 3  0.0000000002
7 5 5 3  0.0000000003
7 6 0 3  0.0000000010
7 6 2 3  0.0174948907
7 6 6 3  0.0000000004
7 7 1 3  0.0000000010
7 7 3 3  0.0174948907
7 7 7 3  0.0000000004
7 0 0 5  -0.0000000011
7 0 2 5  0.0213924849
7 0 6 5  -0.0000000002
7 1 1 5  -0.0000000011
7 1 3 5  0.0213924849
7 1 7 5  -0.0000000002
7 2 0 5  0.0213924849
7 2 2 5  -0.0000000015
7 2 4 5  -0.0000000001
7 3 1 5  0.0213924849
7 3 3 5  -0.0000000015
7 3 5 5  -0.0000000001
7 4 2 5  -0.0000000001
7 4 4 5  -0.0000000019
7 4 6 5  0.0212442514
7 5 3 5  -0.0000000001
7 5 5 5  -0.0000000019
7 5 7 5  0.0212442514
7 6 0 5  -0.0000000002
7 6 4 5  0.0212442514
7 6 6 5  -0.0000000006
7 7 1 5  -0.0000000002
7 7 5 5  0.0212442514
7 7 7 5  -0.0000000006
7 0 0 7  0.2937647041
7 0 2 7  -0.0000000001
7 0 4 7  0.0000000002
7 1 1 7  0.2937647041
7 1 3 7  -0.0000000001
7 1 5 7  0.0000000002
7 2 0 7  -0.0000000001
7 2 2 7  0.2395960179
7 2 6 7  0.0000000004
7 3 1 7  -0.0000000001
7 3 3 7  0.2395960179
7 3 7 7  0.0000000004
7 4 0 7  0.0000000002
7 4 4 7  0.2396835450
7 4 6 7  -0.0000000006
7 5 1 7  0.0000000002
7 5 5 7  0.2396835450
7 5 7 7  -0.0000000006
7 6 2 7  0.0000000004
7 6 4 7  -0.0000000006
7 6 6 7  0.2923704279
7 7 3 7  0.0000000004
7 7 5 7  -0.0000000006
7 7 7 7  0.2923704279

 E(Ref) = -77.6358202202 Hartree, <S**2> = 0.0000
 E(FCI) = -77.7922309245 Hartree, <S**2> = 0.0000
