 MO Integrals with frozen core/virtual approximation

-73.42582636442042
0 0  -1.9541138131
0 2  -0.0000000087
0 4  -0.0000000141
0 6  0.0000000003
1 1  -1.9541138131
1 3  -0.0000000087
1 5  -0.0000000141
1 7  0.0000000003
2 0  -0.0000000087
2 2  -1.4855392570
2 4  -0.0480461783
2 6  0.0000000020
3 1  -0.0000000087
3 3  -1.4855392570
3 5  -0.0480461783
3 7  0.0000000020
4 0  -0.0000000141
4 2  -0.0480461783
4 4  -1.4855392576
4 6  0.0000000008
5 1  -0.0000000141
5 3  -0.0480461783
5 5  -1.4855392576
5 7  0.0000000008
6 0  0.0000000003
6 2  0.0000000020
6 4  0.0000000008
6 6  -1.4841892095
7 1  0.0000000003
7 3  0.0000000020
7 5  0.0000000008
7 7  -1.4841892095
0 0 0 0  0.2980357392
0 0 2 0  0.0000000004
0 0 4 0  0.0000000011
0 1 1 0  0.2980357392
0 1 3 0  0.0000000004
0 1 5 0  0.0000000011
0 2 0 0  0.0000000004
0 2 2 0  0.2291297981
0 2 4 0  0.0014715088
0 2 6 0  -0.0000000003
0 3 1 0  0.0000000004
0 3 3 0  0.2291297981
0 3 5 0  0.0014715088
0 3 7 0  -0.0000000003
0 4 0 0  0.0000000011
0 4 2 0  0.0014715088
0 4 4 0  0.2291297981
0 4 6 0  -0.0000000006
0 5 1 0  0.0000000011
0 5 3 0  0.0014715088
0 5 5 0  0.2291297981
0 5 7 0  -0.0000000006
0 6 2 0  -0.0000000003
0 6 4 0  -0.0000000006
0 6 6 0  0.2851303888
0 7 3 0  -0.0000000003
0 7 5 0  -0.0000000006
0 7 7 0  0.2851303888
0 0 0 2  0.0000000004
0 0 2 2  0.0163574828
0 0 4 2  0.0043871129
0 0 6 2  -0.0000000009
0 1 1 2  0.0000000004
0 1 3 2  0.0163574828
0 1 5 2  0.0043871129
0 1 7 2  -0.0000000009
0 2 0 2  0.0163574828
0 2 6 2  0.0169095467
0 3 1 2  0.0163574828
0 3 7 2  0.0169095467
0 4 0 2  0.0043871129
0 4 4 2  0.0000000015
0 4 6 2  -0.0027220461
0 5 1 2  0.0043871129
0 5 5 2  0.0000000015
0 5 7 2  -0.0027220461
0 6 0 2  -0.0000000009
0 6 2 2  0.0169095467
0 6 4 2  -0.0027220461
0 6 6 2  0.0000000002
0 7 1 2  -0.0000000009
0 7 3 2  0.0169095467
0 7 5 2  -0.0027220461
0 7 7 2  0.0000000002
0 0 0 4  0.0000000011
0 0 2 4  0.0043871129
0 0 4 4  0.0163574828
0 0 6 4  0.0000000005
0 1 1 4  0.0000000011
0 1 3 4  0.0043871129
0 1 5 4  0.0163574828
0 1 7 4  0.0000000005
0 2 0 4  0.0043871129
0 2 2 4  0.0000000013
0 2 4 4  0.0000000002
0 2 6 4  0.0027220461
0 3 1 4  0.0043871129
0 3 3 4  0.0000000013
0 3 5 4  0.0000000002
0 3 7 4  0.0027220461
0 4 0 4  0.0163574828
0 4 2 4  0.0000000002
0 4 4 4  0.0000000011
0 4 6 4  -0.0169095467
0 5 1 4  0.0163574828
0 5 3 4  0.0000000002
0 5 5 4  0.0000000011
0 5 7 4  -0.0169095467
0 6 0 4  0.0000000005
0 6 2 4  0.0027220461
0 6 4 4  -0.0169095467
0 6 6 4  0.0000000006
0 7 1 4  0.0000000005
0 7 3 4  0.0027220461
0 7 5 4  -0.0169095467
0 7 7 4  0.0000000006
0 0 2 6  -0.0000000009
0 0 4 6  0.0000000005
0 0 6 6  0.0872580613
0 1 3 6  -0.0000000009
0 1 5 6  0.0000000005
0 1 7 6  0.0872580613
0 2 0 6  -0.0000000009
0 2 2 6  0.0752369999
0 2 6 6  -0.0000000002
0 3 1 6  -0.0000000009
0 3 3 6  0.0752369999
0 3 7 6  -0.0000000002
0 4 0 6  0.0000000005
0 4 4 6  -0.0752369999
0 4 6 6  -0.0000000006
0 5 1 6  0.0000000005
0 5 5 6  -0.0752369999
0 5 7 6  -0.0000000006
0 6 0 6  0.0872580613
0 6 2 6  -0.0000000002
0 6 4 6  -0.0000000006
0 7 1 6  0.0872580613
0 7 3 6  -0.0000000002
0 7 5 6  -0.0000000006
1 0 0 1  0.2980357392
1 0 2 1  0.0000000004
1 0 4 1  0.0000000011
1 1 1 1  0.2980357392
1 1 3 1  0.0000000004
1 1 5 1  0.0000000011
1 2 0 1  0.0000000004
1 2 2 1  0.2291297981
1 2 4 1  0.0014715088
1 2 6 1  -0.0000000003
1 3 1 1  0.0000000004
1 3 3 1  0.2291297981
1 3 5 1  0.0014715088
1 3 7 1  -0.0000000003
1 4 0 1  0.0000000011
1 4 2 1  0.0014715088
1 4 4 1  0.2291297981
1 4 6 1  -0.0000000006
1 5 1 1  0.0000000011
1 5 3 1  0.0014715088
1 5 5 1  0.2291297981
1 5 7 1  -0.0000000006
1 6 2 1  -0.0000000003
1 6 4 1  -0.0000000006
1 6 6 1  0.2851303888
1 7 3 1  -0.0000000003
1 7 5 1  -0.0000000006
1 7 7 1  0.2851303888
1 0 0 3  0.0000000004
1 0 2 3  0.0163574828
1 0 4 3  0.0043871129
1 0 6 3  -0.0000000009
1 1 1 3  0.0000000004
1 1 3 3  0.0163574828
1 1 5 3  0.0043871129
1 1 7 3  -0.0000000009
1 2 0 3  0.0163574828
1 2 6 3  0.0169095467
1 3 1 3  0.0163574828
1 3 7 3  0.0169095467
1 4 0 3  0.0043871129
1 4 4 3  0.0000000015
1 4 6 3  -0.0027220461
1 5 1 3  0.0043871129
1 5 5 3  0.0000000015
1 5 7 3  -0.0027220461
1 6 0 3  -0.0000000009
1 6 2 3  0.0169095467
1 6 4 3  -0.0027220461
1 6 6 3  0.0000000002
1 7 1 3  -0.0000000009
1 7 3 3  0.0169095467
1 7 5 3  -0.0027220461
1 7 7 3  0.0000000002
1 0 0 5  0.0000000011
1 0 2 5  0.0043871129
1 0 4 5  0.0163574828
1 0 6 5  0.0000000005
1 1 1 5  0.0000000011
1 1 3 5  0.0043871129
1 1 5 5  0.0163574828
1 1 7 5  0.0000000005
1 2 0 5  0.0043871129
1 2 2 5  0.0000000013
1 2 4 5  0.0000000002
1 2 6 5  0.0027220461
1 3 1 5  0.0043871129
1 3 3 5  0.0000000013
1 3 5 5  0.0000000002
1 3 7 5  0.0027220461
1 4 0 5  0.0163574828
1 4 2 5  0.0000000002
1 4 4 5  0.0000000011
1 4 6 5  -0.0169095467
1 5 1 5  0.0163574828
1 5 3 5  0.0000000002
1 5 5 5  0.0000000011
1 5 7 5  -0.0169095467
1 6 0 5  0.0000000005
1 6 2 5  0.0027220461
1 6 4 5  -0.0169095467
1 6 6 5  0.0000000006
1 7 1 5  0.0000000005
1 7 3 5  0.0027220461
1 7 5 5  -0.0169095467
1 7 7 5  0.0000000006
1 0 2 7  -0.0000000009
1 0 4 7  0.0000000005
1 0 6 7  0.0872580613
1 1 3 7  -0.0000000009
1 1 5 7  0.0000000005
1 1 7 7  0.0872580613
1 2 0 7  -0.0000000009
1 2 2 7  0.0752369999
1 2 6 7  -0.0000000002
1 3 1 7  -0.0000000009
1 3 3 7  0.0752369999
1 3 7 7  -0.0000000002
1 4 0 7  0.0000000005
1 4 4 7  -0.0752369999
1 4 6 7  -0.0000000006
1 5 1 7  0.0000000005
1 5 5 7  -0.0752369999
1 5 7 7  -0.0000000006
1 6 0 7  0.0872580613
1 6 2 7  -0.0000000002
1 6 4 7  -0.0000000006
1 7 1 7  0.0872580613
1 7 3 7  -0.0000000002
1 7 5 7  -0.0000000006
2 0 0 0  0.0000000004
2 0 2 0  0.0163574828
2 0 4 0  0.0043871129
2 0 6 0  -0.0000000009
2 1 1 0  0.0000000004
2 1 3 0  0.0163574828
2 1 5 0  0.0043871129
2 1 7 0  -0.0000000009
2 2 0 0  0.0163574828
2 2 6 0  0.0169095467
2 3 1 0  0.0163574828
2 3 7 0  0.0169095467
2 4 0 0  0.0043871129
2 4 4 0  0.0000000015
2 4 6 0  -0.0027220461
2 5 1 0  0.0043871129
2 5 5 0  0.0000000015
2 5 7 0  -0.0027220461
2 6 0 0  -0.0000000009
2 6 2 0  0.0169095467
2 6 4 0  -0.0027220461
2 6 6 0  0.0000000002
2 7 1 0  -0.0000000009
2 7 3 0  0.0169095467
2 7 5 0  -0.0027220461
2 7 7 0  0.0000000002
2 0 0 2  0.2291297981
2 0 4 2  0.0000000013
2 0 6 2  0.0752369999
2 1 1 2  0.2291297981
2 1 5 2  0.0000000013
2 1 7 2  0.0752369999
2 2 2 2  0.3375398088
2 2 4 2  -0.0017625318
2 2 6 2  0.0000000009
2 3 3 2  0.3375398088
2 3 5 2  -0.0017625318
2 3 7 2  0.0000000009
2 4 0 2  0.0000000013
2 4 2 2  -0.0017625318
2 4 4 2  0.1297043270
2 4 6 2  -0.0000000011
2 5 1 2  0.0000000013
2 5 3 2  -0.0017625318
2 5 5 2  0.1297043270
2 5 7 2  -0.0000000011
2 6 0 2  0.0752369999
2 6 2 2  0.0000000009
2 6 4 2  -0.0000000011
2 6 6 2  0.2350321536
2 7 1 2  0.0752369999
2 7 3 2  0.0000000009
2 7 5 2  -0.0000000011
2 7 7 2  0.2350321536
2 0 0 4  0.0014715088
2 0 4 4  0.0000000002
2 1 1 4  0.0014715088
2 1 5 4  0.0000000002
2 2 2 4  -0.0017625318
2 2 4 4  0.0003262786
2 2 6 4  -0.0000000001
2 3 3 4  -0.0017625318
2 3 5 4  0.0003262786
2 3 7 4  -0.0000000001
2 4 0 4  0.0000000002
2 4 2 4  0.0003262786
2 4 4 4  -0.0017625318
2 4 6 4  -0.0000000001
2 5 1 4  0.0000000002
2 5 3 4  0.0003262786
2 5 5 4  -0.0017625318
2 5 7 4  -0.0000000001
2 6 2 4  -0.0000000001
2 6 4 4  -0.0000000001
2 6 6 4  -0.0001203154
2 7 3 4  -0.0000000001
2 7 5 4  -0.0000000001
2 7 7 4  -0.0001203154
2 0 0 6  -0.0000000003
2 0 2 6  0.0169095467
2 0 4 6  0.0027220461
2 0 6 6  -0.0000000002
2 1 1 6  -0.0000000003
2 1 3 6  0.0169095467
2 1 5 6  0.0027220461
2 1 7 6  -0.0000000002
2 2 0 6  0.0169095467
2 2 2 6  0.0000000009
2 2 4 6  -0.0000000001
2 2 6 6  0.0184784243
2 3 1 6  0.0169095467
2 3 3 6  0.0000000009
2 3 5 6  -0.0000000001
2 3 7 6  0.0184784243
2 4 0 6  0.0027220461
2 4 2 6  -0.0000000001
2 4 4 6  0.0000000003
2 4 6 6  -0.0016267961
2 5 1 6  0.0027220461
2 5 3 6  -0.0000000001
2 5 5 6  0.0000000003
2 5 7 6  -0.0016267961
2 6 0 6  -0.0000000002
2 6 2 6  0.0184784243
2 6 4 6  -0.0016267961
2 6 6 6  -0.0000000003
2 7 1 6  -0.0000000002
2 7 3 6  0.0184784243
2 7 5 6  -0.0016267961
2 7 7 6  -0.0000000003
3 0 0 1  0.0000000004
3 0 2 1  0.0163574828
3 0 4 1  0.0043871129
3 0 6 1  -0.0000000009
3 1 1 1  0.0000000004
3 1 3 1  0.0163574828
3 1 5 1  0.0043871129
3 1 7 1  -0.0000000009
3 2 0 1  0.0163574828
3 2 6 1  0.0169095467
3 3 1 1  0.0163574828
3 3 7 1  0.0169095467
3 4 0 1  0.0043871129
3 4 4 1  0.0000000015
3 4 6 1  -0.0027220461
3 5 1 1  0.0043871129
3 5 5 1  0.0000000015
3 5 7 1  -0.0027220461
3 6 0 1  -0.0000000009
3 6 2 1  0.0169095467
3 6 4 1  -0.0027220461
3 6 6 1  0.0000000002
3 7 1 1  -0.0000000009
3 7 3 1  0.0169095467
3 7 5 1  -0.0027220461
3 7 7 1  0.0000000002
3 0 0 3  0.2291297981
3 0 4 3  0.0000000013
3 0 6 3  0.0752369999
3 1 1 3  0.2291297981
3 1 5 3  0.0000000013
3 1 7 3  0.0752369999
3 2 2 3  0.3375398088
3 2 4 3  -0.0017625318
3 2 6 3  0.0000000009
3 3 3 3  0.3375398088
3 3 5 3  -0.0017625318
3 3 7 3  0.0000000009
3 4 0 3  0.0000000013
3 4 2 3  -0.0017625318
3 4 4 3  0.1297043270
3 4 6 3  -0.0000000011
3 5 1 3  0.0000000013
3 5 3 3  -0.0017625318
3 5 5 3  0.1297043270
3 5 7 3  -0.0000000011
3 6 0 3  0.0752369999
3 6 2 3  0.0000000009
3 6 4 3  -0.0000000011
3 6 6 3  0.2350321536
3 7 1 3  0.0752369999
3 7 3 3  0.0000000009
3 7 5 3  -0.0000000011
3 7 7 3  0.2350321536
3 0 0 5  0.0014715088
3 0 4 5  0.0000000002
3 1 1 5  0.0014715088
3 1 5 5  0.0000000002
3 2 2 5  -0.0017625318
3 2 4 5  0.0003262786
3 2 6 5  -0.0000000001
3 3 3 5  -0.0017625318
3 3 5 5  0.0003262786
3 3 7 5  -0.0000000001
3 4 0 5  0.0000000002
3 4 2 5  0.0003262786
3 4 4 5  -0.0017625318
3 4 6 5  -0.0000000001
3 5 1 5  0.0000000002
3 5 3 5  0.0003262786
3 5 5 5  -0.0017625318
3 5 7 5  -0.0000000001
3 6 2 5  -0.0000000001
3 6 4 5  -0.0000000001
3 6 6 5  -0.0001203154
3 7 3 5  -0.0000000001
3 7 5 5  -0.0000000001
3 7 7 5  -0.0001203154
3 0 0 7  -0.0000000003
3 0 2 7  0.0169095467
3 0 4 7  0.0027220461
3 0 6 7  -0.0000000002
3 1 1 7  -0.0000000003
3 1 3 7  0.0169095467
3 1 5 7  0.0027220461
3 1 7 7  -0.0000000002
3 2 0 7  0.0169095467
3 2 2 7  0.0000000009
3 2 4 7  -0.0000000001
3 2 6 7  0.0184784243
3 3 1 7  0.0169095467
3 3 3 7  0.0000000009
3 3 5 7  -0.0000000001
3 3 7 7  0.0184784243
3 4 0 7  0.0027220461
3 4 2 7  -0.0000000001
3 4 4 7  0.0000000003
3 4 6 7  -0.0016267961
3 5 1 7  0.0027220461
3 5 3 7  -0.0000000001
3 5 5 7  0.0000000003
3 5 7 7  -0.0016267961
3 6 0 7  -0.0000000002
3 6 2 7  0.0184784243
3 6 4 7  -0.0016267961
3 6 6 7  -0.0000000003
3 7 1 7  -0.0000000002
3 7 3 7  0.0184784243
3 7 5 7  -0.0016267961
3 7 7 7  -0.0000000003
4 0 0 0  0.0000000011
4 0 2 0  0.0043871129
4 0 4 0  0.0163574828
4 0 6 0  0.0000000005
4 1 1 0  0.0000000011
4 1 3 0  0.0043871129
4 1 5 0  0.0163574828
4 1 7 0  0.0000000005
4 2 0 0  0.0043871129
4 2 2 0  0.0000000013
4 2 4 0  0.0000000002
4 2 6 0  0.0027220461
4 3 1 0  0.0043871129
4 3 3 0  0.0000000013
4 3 5 0  0.0000000002
4 3 7 0  0.0027220461
4 4 0 0  0.0163574828
4 4 2 0  0.0000000002
4 4 4 0  0.0000000011
4 4 6 0  -0.0169095467
4 5 1 0  0.0163574828
4 5 3 0  0.0000000002
4 5 5 0  0.0000000011
4 5 7 0  -0.0169095467
4 6 0 0  0.0000000005
4 6 2 0  0.0027220461
4 6 4 0  -0.0169095467
4 6 6 0  0.0000000006
4 7 1 0  0.0000000005
4 7 3 0  0.0027220461
4 7 5 0  -0.0169095467
4 7 7 0  0.0000000006
4 0 0 2  0.0014715088
4 0 4 2  0.0000000002
4 1 1 2  0.0014715088
4 1 5 2  0.0000000002
4 2 2 2  -0.0017625318
4 2 4 2  0.0003262786
4 2 6 2  -0.0000000001
4 3 3 2  -0.0017625318
4 3 5 2  0.0003262786
4 3 7 2  -0.0000000001
4 4 0 2  0.0000000002
4 4 2 2  0.0003262786
4 4 4 2  -0.0017625318
4 4 6 2  -0.0000000001
4 5 1 2  0.0000000002
4 5 3 2  0.0003262786
4 5 5 2  -0.0017625318
4 5 7 2  -0.0000000001
4 6 2 2  -0.0000000001
4 6 4 2  -0.0000000001
4 6 6 2  -0.0001203154
4 7 3 2  -0.0000000001
4 7 5 2  -0.0000000001
4 7 7 2  -0.0001203154
4 0 0 4  0.2291297981
4 0 2 4  0.0000000015
4 0 4 4  0.0000000011
4 0 6 4  -0.0752369999
4 1 1 4  0.2291297981
4 1 3 4  0.0000000015
4 1 5 4  0.0000000011
4 1 7 4  -0.0752369999
4 2 0 4  0.0000000015
4 2 2 4  0.1297043270
4 2 4 4  -0.0017625318
4 2 6 4  0.0000000003
4 3 1 4  0.0000000015
4 3 3 4  0.1297043270
4 3 5 4  -0.0017625318
4 3 7 4  0.0000000003
4 4 0 4  0.0000000011
4 4 2 4  -0.0017625318
4 4 4 4  0.3375398088
4 4 6 4  -0.0000000011
4 5 1 4  0.0000000011
4 5 3 4  -0.0017625318
4 5 5 4  0.3375398088
4 5 7 4  -0.0000000011
4 6 0 4  -0.0752369999
4 6 2 4  0.0000000003
4 6 4 4  -0.0000000011
4 6 6 4  0.2350321536
4 7 1 4  -0.0752369999
4 7 3 4  0.0000000003
4 7 5 4  -0.0000000011
4 7 7 4  0.2350321536
4 0 0 6  -0.0000000006
4 0 2 6  -0.0027220461
4 0 4 6  -0.0169095467
4 0 6 6  -0.0000000006
4 1 1 6  -0.0000000006
4 1 3 6  -0.0027220461
4 1 5 6  -0.0169095467
4 1 7 6  -0.0000000006
4 2 0 6  -0.0027220461
4 2 2 6  -0.0000000011
4 2 4 6  -0.0000000001
4 2 6 6  -0.0016267961
4 3 1 6  -0.0027220461
4 3 3 6  -0.0000000011
4 3 5 6  -0.0000000001
4 3 7 6  -0.0016267961
4 4 0 6  -0.0169095467
4 4 2 6  -0.0000000001
4 4 4 6  -0.0000000011
4 4 6 6  0.0184784243
4 5 1 6  -0.0169095467
4 5 3 6  -0.0000000001
4 5 5 6  -0.0000000011
4 5 7 6  0.0184784243
4 6 0 6  -0.0000000006
4 6 2 6  -0.0016267961
4 6 4 6  0.0184784243
4 6 6 6  -0.0000000003
4 7 1 6  -0.0000000006
4 7 3 6  -0.0016267961
4 7 5 6  0.0184784243
4 7 7 6  -0.0000000003
5 0 0 1  0.0000000011
5 0 2 1  0.0043871129
5 0 4 1  0.0163574828
5 0 6 1  0.0000000005
5 1 1 1  0.0000000011
5 1 3 1  0.0043871129
5 1 5 1  0.0163574828
5 1 7 1  0.0000000005
5 2 0 1  0.0043871129
5 2 2 1  0.0000000013
5 2 4 1  0.0000000002
5 2 6 1  0.0027220461
5 3 1 1  0.0043871129
5 3 3 1  0.0000000013
5 3 5 1  0.0000000002
5 3 7 1  0.0027220461
5 4 0 1  0.0163574828
5 4 2 1  0.0000000002
5 4 4 1  0.0000000011
5 4 6 1  -0.0169095467
5 5 1 1  0.0163574828
5 5 3 1  0.0000000002
5 5 5 1  0.0000000011
5 5 7 1  -0.0169095467
5 6 0 1  0.0000000005
5 6 2 1  0.0027220461
5 6 4 1  -0.0169095467
5 6 6 1  0.0000000006
5 7 1 1  0.0000000005
5 7 3 1  0.0027220461
5 7 5 1  -0.0169095467
5 7 7 1  0.0000000006
5 0 0 3  0.0014715088
5 0 4 3  0.0000000002
5 1 1 3  0.0014715088
5 1 5 3  0.0000000002
5 2 2 3  -0.0017625318
5 2 4 3  0.0003262786
5 2 6 3  -0.0000000001
5 3 3 3  -0.0017625318
5 3 5 3  0.0003262786
5 3 7 3  -0.0000000001
5 4 0 3  0.0000000002
5 4 2 3  0.0003262786
5 4 4 3  -0.0017625318
5 4 6 3  -0.0000000001
5 5 1 3  0.0000000002
5 5 3 3  0.0003262786
5 5 5 3  -0.0017625318
5 5 7 3  -0.0000000001
5 6 2 3  -0.0000000001
5 6 4 3  -0.0000000001
5 6 6 3  -0.0001203154
5 7 3 3  -0.0000000001
5 7 5 3  -0.0000000001
5 7 7 3  -0.0001203154
5 0 0 5  0.2291297981
5 0 2 5  0.0000000015
5 0 4 5  0.0000000011
5 0 6 5  -0.0752369999
5 1 1 5  0.2291297981
5 1 3 5  0.0000000015
5 1 5 5  0.0000000011
5 1 7 5  -0.0752369999
5 2 0 5  0.0000000015
5 2 2 5  0.1297043270
5 2 4 5  -0.0017625318
5 2 6 5  0.0000000003
5 3 1 5  0.0000000015
5 3 3 5  0.1297043270
5 3 5 5  -0.0017625318
5 3 7 5  0.0000000003
5 4 0 5  0.0000000011
5 4 2 5  -0.0017625318
5 4 4 5  0.3375398088
5 4 6 5  -0.0000000011
5 5 1 5  0.0000000011
5 5 3 5  -0.0017625318
5 5 5 5  0.3375398088
5 5 7 5  -0.0000000011
5 6 0 5  -0.0752369999
5 6 2 5  0.0000000003
5 6 4 5  -0.0000000011
5 6 6 5  0.2350321536
5 7 1 5  -0.0752369999
5 7 3 5  0.0000000003
5 7 5 5  -0.0000000011
5 7 7 5  0.2350321536
5 0 0 7  -0.0000000006
5 0 2 7  -0.0027220461
5 0 4 7  -0.0169095467
5 0 6 7  -0.0000000006
5 1 1 7  -0.0000000006
5 1 3 7  -0.0027220461
5 1 5 7  -0.0169095467
5 1 7 7  -0.0000000006
5 2 0 7  -0.0027220461
5 2 2 7  -0.0000000011
5 2 4 7  -0.0000000001
5 2 6 7  -0.0016267961
5 3 1 7  -0.0027220461
5 3 3 7  -0.0000000011
5 3 5 7  -0.0000000001
5 3 7 7  -0.0016267961
5 4 0 7  -0.0169095467
5 4 2 7  -0.0000000001
5 4 4 7  -0.0000000011
5 4 6 7  0.0184784243
5 5 1 7  -0.0169095467
5 5 3 7  -0.0000000001
5 5 5 7  -0.0000000011
5 5 7 7  0.0184784243
5 6 0 7  -0.0000000006
5 6 2 7  -0.0016267961
5 6 4 7  0.0184784243
5 6 6 7  -0.0000000003
5 7 1 7  -0.0000000006
5 7 3 7  -0.0016267961
5 7 5 7  0.0184784243
5 7 7 7  -0.0000000003
6 0 2 0  -0.0000000009
6 0 4 0  0.0000000005
6 0 6 0  0.0872580613
6 1 3 0  -0.0000000009
6 1 5 0  0.0000000005
6 1 7 0  0.0872580613
6 2 0 0  -0.0000000009
6 2 2 0  0.0752369999
6 2 6 0  -0.0000000002
6 3 1 0  -0.0000000009
6 3 3 0  0.0752369999
6 3 7 0  -0.0000000002
6 4 0 0  0.0000000005
6 4 4 0  -0.0752369999
6 4 6 0  -0.0000000006
6 5 1 0  0.0000000005
6 5 5 0  -0.0752369999
6 5 7 0  -0.0000000006
6 6 0 0  0.0872580613
6 6 2 0  -0.0000000002
6 6 4 0  -0.0000000006
6 7 1 0  0.0872580613
6 7 3 0  -0.0000000002
6 7 5 0  -0.0000000006
6 0 0 2  -0.0000000003
6 0 2 2  0.0169095467
6 0 4 2  0.0027220461
6 0 6 2  -0.0000000002
6 1 1 2  -0.0000000003
6 1 3 2  0.0169095467
6 1 5 2  0.0027220461
6 1 7 2  -0.0000000002
6 2 0 2  0.0169095467
6 2 2 2  0.0000000009
6 2 4 2  -0.0000000001
6 2 6 2  0.0184784243
6 3 1 2  0.0169095467
6 3 3 2  0.0000000009
6 3 5 2  -0.0000000001
6 3 7 2  0.0184784243
6 4 0 2  0.0027220461
6 4 2 2  -0.0000000001
6 4 4 2  0.0000000003
6 4 6 2  -0.0016267961
6 5 1 2  0.0027220461
6 5 3 2  -0.0000000001
6 5 5 2  0.0000000003
6 5 7 2  -0.0016267961
6 6 0 2  -0.0000000002
6 6 2 2  0.0184784243
6 6 4 2  -0.0016267961
6 6 6 2  -0.0000000003
6 7 1 2  -0.0000000002
6 7 3 2  0.0184784243
6 7 5 2  -0.0016267961
6 7 7 2  -0.0000000003
6 0 0 4  -0.0000000006
6 0 2 4  -0.0027220461
6 0 4 4  -0.0169095467
6 0 6 4  -0.0000000006
6 1 1 4  -0.0000000006
6 1 3 4  -0.0027220461
6 1 5 4  -0.0169095467
6 1 7 4  -0.0000000006
6 2 0 4  -0.0027220461
6 2 2 4  -0.0000000011
6 2 4 4  -0.0000000001
6 2 6 4  -0.0016267961
6 3 1 4  -0.0027220461
6 3 3 4  -0.0000000011
6 3 5 4  -0.0000000001
6 3 7 4  -0.0016267961
6 4 0 4  -0.0169095467
6 4 2 4  -0.0000000001
6 4 4 4  -0.0000000011
6 4 6 4  0.0184784243
6 5 1 4  -0.0169095467
6 5 3 4  -0.0000000001
6 5 5 4  -0.0000000011
6 5 7 4  0.0184784243
6 6 0 4  -0.0000000006
6 6 2 4  -0.0016267961
6 6 4 4  0.0184784243
6 6 6 4  -0.0000000003
6 7 1 4  -0.0000000006
6 7 3 4  -0.0016267961
6 7 5 4  0.0184784243
6 7 7 4  -0.0000000003
6 0 0 6  0.2851303888
6 0 2 6  0.0000000002
6 0 4 6  0.0000000006
6 1 1 6  0.2851303888
6 1 3 6  0.0000000002
6 1 5 6  0.0000000006
6 2 0 6  0.0000000002
6 2 2 6  0.2350321536
6 2 4 6  -0.0001203154
6 2 6 6  -0.0000000003
6 3 1 6  0.0000000002
6 3 3 6  0.2350321536
6 3 5 6  -0.0001203154
6 3 7 6  -0.0000000003
6 4 0 6  0.0000000006
6 4 2 6  -0.0001203154
6 4 4 6  0.2350321536
6 4 6 6  -0.0000000003
6 5 1 6  0.0000000006
6 5 3 6  -0.0001203154
6 5 5 6  0.2350321536
6 5 7 6  -0.0000000003
6 6 2 6  -0.0000000003
6 6 4 6  -0.0000000003
6 6 6 6  0.2868562996
6 7 3 6  -0.0000000003
6 7 5 6  -0.0000000003
6 7 7 6  0.2868562996
7 0 2 1  -0.0000000009
7 0 4 1  0.0000000005
7 0 6 1  0.0872580613
7 1 3 1  -0.0000000009
7 1 5 1  0.0000000005
7 1 7 1  0.0872580613
7 2 0 1  -0.0000000009
7 2 2 1  0.0752369999
7 2 6 1  -0.0000000002
7 3 1 1  -0.0000000009
7 3 3 1  0.0752369999
7 3 7 1  -0.0000000002
7 4 0 1  0.0000000005
7 4 4 1  -0.0752369999
7 4 6 1  -0.0000000006
7 5 1 1  0.0000000005
7 5 5 1  -0.0752369999
7 5 7 1  -0.0000000006
7 6 0 1  0.0872580613
7 6 2 1  -0.0000000002
7 6 4 1  -0.0000000006
7 7 1 1  0.0872580613
7 7 3 1  -0.0000000002
7 7 5 1  -0.0000000006
7 0 0 3  -0.0000000003
7 0 2 3  0.0169095467
7 0 4 3  0.0027220461
7 0 6 3  -0.0000000002
7 1 1 3  -0.0000000003
7 1 3 3  0.0169095467
7 1 5 3  0.0027220461
7 1 7 3  -0.0000000002
7 2 0 3  0.0169095467
7 2 2 3  0.0000000009
7 2 4 3  -0.0000000001
7 2 6 3  0.0184784243
7 3 1 3  0.0169095467
7 3 3 3  0.0000000009
7 3 5 3  -0.0000000001
7 3 7 3  0.0184784243
7 4 0 3  0.0027220461
7 4 2 3  -0.0000000001
7 4 4 3  0.0000000003
7 4 6 3  -0.0016267961
7 5 1 3  0.0027220461
7 5 3 3  -0.0000000001
7 5 5 3  0.0000000003
7 5 7 3  -0.0016267961
7 6 0 3  -0.0000000002
7 6 2 3  0.0184784243
7 6 4 3  -0.0016267961
7 6 6 3  -0.0000000003
7 7 1 3  -0.0000000002
7 7 3 3  0.0184784243
7 7 5 3  -0.0016267961
7 7 7 3  -0.0000000003
7 0 0 5  -0.0000000006
7 0 2 5  -0.0027220461
7 0 4 5  -0.0169095467
7 0 6 5  -0.0000000006
7 1 1 5  -0.0000000006
7 1 3 5  -0.0027220461
7 1 5 5  -0.0169095467
7 1 7 5  -0.0000000006
7 2 0 5  -0.0027220461
7 2 2 5  -0.0000000011
7 2 4 5  -0.0000000001
7 2 6 5  -0.0016267961
7 3 1 5  -0.0027220461
7 3 3 5  -0.0000000011
7 3 5 5  -0.0000000001
7 3 7 5  -0.0016267961
7 4 0 5  -0.0169095467
7 4 2 5  -0.0000000001
7 4 4 5  -0.0000000011
7 4 6 5  0.0184784243
7 5 1 5  -0.0169095467
7 5 3 5  -0.0000000001
7 5 5 5  -0.0000000011
7 5 7 5  0.0184784243
7 6 0 5  -0.0000000006
7 6 2 5  -0.0016267961
7 6 4 5  0.0184784243
7 6 6 5  -0.0000000003
7 7 1 5  -0.0000000006
7 7 3 5  -0.0016267961
7 7 5 5  0.0184784243
7 7 7 5  -0.0000000003
7 0 0 7  0.2851303888
7 0 2 7  0.0000000002
7 0 4 7  0.0000000006
7 1 1 7  0.2851303888
7 1 3 7  0.0000000002
7 1 5 7  0.0000000006
7 2 0 7  0.0000000002
7 2 2 7  0.2350321536
7 2 4 7  -0.0001203154
7 2 6 7  -0.0000000003
7 3 1 7  0.0000000002
7 3 3 7  0.2350321536
7 3 5 7  -0.0001203154
7 3 7 7  -0.0000000003
7 4 0 7  0.0000000006
7 4 2 7  -0.0001203154
7 4 4 7  0.2350321536
7 4 6 7  -0.0000000003
7 5 1 7  0.0000000006
7 5 3 7  -0.0001203154
7 5 5 7  0.2350321536
7 5 7 7  -0.0000000003
7 6 2 7  -0.0000000003
7 6 4 7  -0.0000000003
7 6 6 7  0.2868562996
7 7 3 7  -0.0000000003
7 7 5 7  -0.0000000003
7 7 7 7  0.2868562996

 E(Ref) = -77.6820439191 Hartree, <S**2> = 1.0000
 E(FCI) = -77.7624864500 Hartree, <S**2> = 0.0000
