 MO Integrals with frozen core/virtual approximation

-73.9600275276299
0 0  -1.5632042004
0 2  -0.0000000049
0 4  -0.0000000074
0 6  0.0000000003
1 1  -1.5632042004
1 3  -0.0000000049
1 5  -0.0000000074
1 7  0.0000000003
2 0  -0.0000000049
2 2  -1.3237796838
2 4  -0.0099429259
2 6  0.0000000022
3 1  -0.0000000049
3 3  -1.3237796838
3 5  -0.0099429259
3 7  0.0000000022
4 0  -0.0000000074
4 2  -0.0099429259
4 4  -1.3237796831
4 6  -0.0000000041
5 1  -0.0000000074
5 3  -0.0099429259
5 5  -1.3237796831
5 7  -0.0000000041
6 0  0.0000000003
6 2  0.0000000022
6 4  -0.0000000041
6 6  -1.4346523968
7 1  0.0000000003
7 3  0.0000000022
7 5  -0.0000000041
7 7  -1.4346523968
0 0 0 0  0.2443272557
0 0 2 0  0.0000000003
0 0 4 0  0.0000000004
0 1 1 0  0.2443272557
0 1 3 0  0.0000000003
0 1 5 0  0.0000000004
0 2 0 0  0.0000000003
0 2 2 0  0.2030330171
0 2 4 0  -0.0000029131
0 2 6 0  -0.0000000001
0 3 1 0  0.0000000003
0 3 3 0  0.2030330171
0 3 5 0  -0.0000029131
0 3 7 0  -0.0000000001
0 4 0 0  0.0000000004
0 4 2 0  -0.0000029131
0 4 4 0  0.2030330171
0 5 1 0  0.0000000004
0 5 3 0  -0.0000029131
0 5 5 0  0.2030330171
0 6 2 0  -0.0000000001
0 6 6 0  0.2459016607
0 7 3 0  -0.0000000001
0 7 7 0  0.2459016607
0 0 0 2  0.0000000003
0 0 2 2  0.0138210185
0 0 4 2  0.0011867173
0 0 6 2  0.0000000009
0 1 1 2  0.0000000003
0 1 3 2  0.0138210185
0 1 5 2  0.0011867173
0 1 7 2  0.0000000009
0 2 0 2  0.0138210185
0 2 2 2  -0.0000000007
0 2 4 2  0.0000000002
0 2 6 2  -0.0146889038
0 3 1 2  0.0138210185
0 3 3 2  -0.0000000007
0 3 5 2  0.0000000002
0 3 7 2  -0.0146889038
0 4 0 2  0.0011867173
0 4 2 2  0.0000000002
0 4 4 2  0.0000000011
0 4 6 2  0.0009401830
0 5 1 2  0.0011867173
0 5 3 2  0.0000000002
0 5 5 2  0.0000000011
0 5 7 2  0.0009401830
0 6 0 2  0.0000000009
0 6 2 2  -0.0146889038
0 6 4 2  0.0009401830
0 6 6 2  0.0000000004
0 7 1 2  0.0000000009
0 7 3 2  -0.0146889038
0 7 5 2  0.0009401830
0 7 7 2  0.0000000004
0 0 0 4  0.0000000004
0 0 2 4  0.0011867173
0 0 4 4  0.0138210185
0 0 6 4  -0.0000000013
0 1 1 4  0.0000000004
0 1 3 4  0.0011867173
0 1 5 4  0.0138210185
0 1 7 4  -0.0000000013
0 2 0 4  0.0011867173
0 2 2 4  0.0000000015
0 2 4 4  0.0000000002
0 2 6 4  -0.0009401830
0 3 1 4  0.0011867173
0 3 3 4  0.0000000015
0 3 5 4  0.0000000002
0 3 7 4  -0.0009401830
0 4 0 4  0.0138210185
0 4 2 4  0.0000000002
0 4 4 4  -0.0000000004
0 4 6 4  0.0146889038
0 5 1 4  0.0138210185
0 5 3 4  0.0000000002
0 5 5 4  -0.0000000004
0 5 7 4  0.0146889038
0 6 0 4  -0.0000000013
0 6 2 4  -0.0009401830
0 6 4 4  0.0146889038
0 6 6 4  0.0000000006
0 7 1 4  -0.0000000013
0 7 3 4  -0.0009401830
0 7 5 4  0.0146889038
0 7 7 4  0.0000000006
0 0 2 6  0.0000000009
0 0 4 6  -0.0000000013
0 0 6 6  0.1090743798
0 1 3 6  0.0000000009
0 1 5 6  -0.0000000013
0 1 7 6  0.1090743798
0 2 0 6  0.0000000009
0 2 2 6  -0.0921484198
0 2 6 6  0.0000000006
0 3 1 6  0.0000000009
0 3 3 6  -0.0921484198
0 3 7 6  0.0000000006
0 4 0 6  -0.0000000013
0 4 4 6  0.0921484198
0 4 6 6  0.0000000011
0 5 1 6  -0.0000000013
0 5 5 6  0.0921484198
0 5 7 6  0.0000000011
0 6 0 6  0.1090743798
0 6 2 6  0.0000000006
0 6 4 6  0.0000000011
0 7 1 6  0.1090743798
0 7 3 6  0.0000000006
0 7 5 6  0.0000000011
1 0 0 1  0.2443272557
1 0 2 1  0.0000000003
1 0 4 1  0.0000000004
1 1 1 1  0.2443272557
1 1 3 1  0.0000000003
1 1 5 1  0.0000000004
1 2 0 1  0.0000000003
1 2 2 1  0.2030330171
1 2 4 1  -0.0000029131
1 2 6 1  -0.0000000001
1 3 1 1  0.0000000003
1 3 3 1  0.2030330171
1 3 5 1  -0.0000029131
1 3 7 1  -0.0000000001
1 4 0 1  0.0000000004
1 4 2 1  -0.0000029131
1 4 4 1  0.2030330171
1 5 1 1  0.0000000004
1 5 3 1  -0.0000029131
1 5 5 1  0.2030330171
1 6 2 1  -0.0000000001
1 6 6 1  0.2459016607
1 7 3 1  -0.0000000001
1 7 7 1  0.2459016607
1 0 0 3  0.0000000003
1 0 2 3  0.0138210185
1 0 4 3  0.0011867173
1 0 6 3  0.0000000009
1 1 1 3  0.0000000003
1 1 3 3  0.0138210185
1 1 5 3  0.0011867173
1 1 7 3  0.0000000009
1 2 0 3  0.0138210185
1 2 2 3  -0.0000000007
1 2 4 3  0.0000000002
1 2 6 3  -0.0146889038
1 3 1 3  0.0138210185
1 3 3 3  -0.0000000007
1 3 5 3  0.0000000002
1 3 7 3  -0.0146889038
1 4 0 3  0.0011867173
1 4 2 3  0.0000000002
1 4 4 3  0.0000000011
1 4 6 3  0.0009401830
1 5 1 3  0.0011867173
1 5 3 3  0.0000000002
1 5 5 3  0.0000000011
1 5 7 3  0.0009401830
1 6 0 3  0.0000000009
1 6 2 3  -0.0146889038
1 6 4 3  0.0009401830
1 6 6 3  0.0000000004
1 7 1 3  0.0000000009
1 7 3 3  -0.0146889038
1 7 5 3  0.0009401830
1 7 7 3  0.0000000004
1 0 0 5  0.0000000004
1 0 2 5  0.0011867173
1 0 4 5  0.0138210185
1 0 6 5  -0.0000000013
1 1 1 5  0.0000000004
1 1 3 5  0.0011867173
1 1 5 5  0.0138210185
1 1 7 5  -0.0000000013
1 2 0 5  0.0011867173
1 2 2 5  0.0000000015
1 2 4 5  0.0000000002
1 2 6 5  -0.0009401830
1 3 1 5  0.0011867173
1 3 3 5  0.0000000015
1 3 5 5  0.0000000002
1 3 7 5  -0.0009401830
1 4 0 5  0.0138210185
1 4 2 5  0.0000000002
1 4 4 5  -0.0000000004
1 4 6 5  0.0146889038
1 5 1 5  0.0138210185
1 5 3 5  0.0000000002
1 5 5 5  -0.0000000004
1 5 7 5  0.0146889038
1 6 0 5  -0.0000000013
1 6 2 5  -0.0009401830
1 6 4 5  0.0146889038
1 6 6 5  0.0000000006
1 7 1 5  -0.0000000013
1 7 3 5  -0.0009401830
1 7 5 5  0.0146889038
1 7 7 5  0.0000000006
1 0 2 7  0.0000000009
1 0 4 7  -0.0000000013
1 0 6 7  0.1090743798
1 1 3 7  0.0000000009
1 1 5 7  -0.0000000013
1 1 7 7  0.1090743798
1 2 0 7  0.0000000009
1 2 2 7  -0.0921484198
1 2 6 7  0.0000000006
1 3 1 7  0.0000000009
1 3 3 7  -0.0921484198
1 3 7 7  0.0000000006
1 4 0 7  -0.0000000013
1 4 4 7  0.0921484198
1 4 6 7  0.0000000011
1 5 1 7  -0.0000000013
1 5 5 7  0.0921484198
1 5 7 7  0.0000000011
1 6 0 7  0.1090743798
1 6 2 7  0.0000000006
1 6 4 7  0.0000000011
1 7 1 7  0.1090743798
1 7 3 7  0.0000000006
1 7 5 7  0.0000000011
2 0 0 0  0.0000000003
2 0 2 0  0.0138210185
2 0 4 0  0.0011867173
2 0 6 0  0.0000000009
2 1 1 0  0.0000000003
2 1 3 0  0.0138210185
2 1 5 0  0.0011867173
2 1 7 0  0.0000000009
2 2 0 0  0.0138210185
2 2 2 0  -0.0000000007
2 2 4 0  0.0000000002
2 2 6 0  -0.0146889038
2 3 1 0  0.0138210185
2 3 3 0  -0.0000000007
2 3 5 0  0.0000000002
2 3 7 0  -0.0146889038
2 4 0 0  0.0011867173
2 4 2 0  0.0000000002
2 4 4 0  0.0000000011
2 4 6 0  0.0009401830
2 5 1 0  0.0011867173
2 5 3 0  0.0000000002
2 5 5 0  0.0000000011
2 5 7 0  0.0009401830
2 6 0 0  0.0000000009
2 6 2 0  -0.0146889038
2 6 4 0  0.0009401830
2 6 6 0  0.0000000004
2 7 1 0  0.0000000009
2 7 3 0  -0.0146889038
2 7 5 0  0.0009401830
2 7 7 0  0.0000000004
2 0 0 2  0.2030330171
2 0 2 2  -0.0000000007
2 0 4 2  0.0000000015
2 0 6 2  -0.0921484198
2 1 1 2  0.2030330171
2 1 3 2  -0.0000000007
2 1 5 2  0.0000000015
2 1 7 2  -0.0921484198
2 2 0 2  -0.0000000007
2 2 2 2  0.3366656722
2 2 4 2  -0.0006943571
2 2 6 2  -0.0000000013
2 3 1 2  -0.0000000007
2 3 3 2  0.3366656722
2 3 5 2  -0.0006943571
2 3 7 2  -0.0000000013
2 4 0 2  0.0000000015
2 4 2 2  -0.0006943571
2 4 4 2  0.0978800438
2 4 6 2  -0.0000000007
2 5 1 2  0.0000000015
2 5 3 2  -0.0006943571
2 5 5 2  0.0978800438
2 5 7 2  -0.0000000007
2 6 0 2  -0.0921484198
2 6 2 2  -0.0000000013
2 6 4 2  -0.0000000007
2 6 6 2  0.2087709519
2 7 1 2  -0.0921484198
2 7 3 2  -0.0000000013
2 7 5 2  -0.0000000007
2 7 7 2  0.2087709519
2 0 0 4  -0.0000029131
2 0 2 4  0.0000000002
2 0 4 4  0.0000000002
2 1 1 4  -0.0000029131
2 1 3 4  0.0000000002
2 1 5 4  0.0000000002
2 2 0 4  0.0000000002
2 2 2 4  -0.0006943571
2 2 4 4  0.0000218408
2 2 6 4  -0.0000000002
2 3 1 4  0.0000000002
2 3 3 4  -0.0006943571
2 3 5 4  0.0000218408
2 3 7 4  -0.0000000002
2 4 0 4  0.0000000002
2 4 2 4  0.0000218408
2 4 4 4  -0.0006943571
2 4 6 4  0.0000000002
2 5 1 4  0.0000000002
2 5 3 4  0.0000218408
2 5 5 4  -0.0006943571
2 5 7 4  0.0000000002
2 6 2 4  -0.0000000002
2 6 4 4  0.0000000002
2 6 6 4  -0.0001898566
2 7 3 4  -0.0000000002
2 7 5 4  0.0000000002
2 7 7 4  -0.0001898566
2 0 0 6  -0.0000000001
2 0 2 6  -0.0146889038
2 0 4 6  -0.0009401830
2 0 6 6  0.0000000006
2 1 1 6  -0.0000000001
2 1 3 6  -0.0146889038
2 1 5 6  -0.0009401830
2 1 7 6  0.0000000006
2 2 0 6  -0.0146889038
2 2 2 6  -0.0000000013
2 2 4 6  -0.0000000002
2 2 6 6  0.0157222326
2 3 1 6  -0.0146889038
2 3 3 6  -0.0000000013
2 3 5 6  -0.0000000002
2 3 7 6  0.0157222326
2 4 0 6  -0.0009401830
2 4 2 6  -0.0000000002
2 4 4 6  0.0000000003
2 4 6 6  -0.0007446282
2 5 1 6  -0.0009401830
2 5 3 6  -0.0000000002
2 5 5 6  0.0000000003
2 5 7 6  -0.0007446282
2 6 0 6  0.0000000006
2 6 2 6  0.0157222326
2 6 4 6  -0.0007446282
2 6 6 6  -0.0000000003
2 7 1 6  0.0000000006
2 7 3 6  0.0157222326
2 7 5 6  -0.0007446282
2 7 7 6  -0.0000000003
3 0 0 1  0.0000000003
3 0 2 1  0.0138210185
3 0 4 1  0.0011867173
3 0 6 1  0.0000000009
3 1 1 1  0.0000000003
3 1 3 1  0.0138210185
3 1 5 1  0.0011867173
3 1 7 1  0.0000000009
3 2 0 1  0.0138210185
3 2 2 1  -0.0000000007
3 2 4 1  0.0000000002
3 2 6 1  -0.0146889038
3 3 1 1  0.0138210185
3 3 3 1  -0.0000000007
3 3 5 1  0.0000000002
3 3 7 1  -0.0146889038
3 4 0 1  0.0011867173
3 4 2 1  0.0000000002
3 4 4 1  0.0000000011
3 4 6 1  0.0009401830
3 5 1 1  0.0011867173
3 5 3 1  0.0000000002
3 5 5 1  0.0000000011
3 5 7 1  0.0009401830
3 6 0 1  0.0000000009
3 6 2 1  -0.0146889038
3 6 4 1  0.0009401830
3 6 6 1  0.0000000004
3 7 1 1  0.0000000009
3 7 3 1  -0.0146889038
3 7 5 1  0.0009401830
3 7 7 1  0.0000000004
3 0 0 3  0.2030330171
3 0 2 3  -0.0000000007
3 0 4 3  0.0000000015
3 0 6 3  -0.0921484198
3 1 1 3  0.2030330171
3 1 3 3  -0.0000000007
3 1 5 3  0.0000000015
3 1 7 3  -0.0921484198
3 2 0 3  -0.0000000007
3 2 2 3  0.3366656722
3 2 4 3  -0.0006943571
3 2 6 3  -0.0000000013
3 3 1 3  -0.0000000007
3 3 3 3  0.3366656722
3 3 5 3  -0.0006943571
3 3 7 3  -0.0000000013
3 4 0 3  0.0000000015
3 4 2 3  -0.0006943571
3 4 4 3  0.0978800438
3 4 6 3  -0.0000000007
3 5 1 3  0.0000000015
3 5 3 3  -0.0006943571
3 5 5 3  0.0978800438
3 5 7 3  -0.0000000007
3 6 0 3  -0.0921484198
3 6 2 3  -0.0000000013
3 6 4 3  -0.0000000007
3 6 6 3  0.2087709519
3 7 1 3  -0.0921484198
3 7 3 3  -0.0000000013
3 7 5 3  -0.0000000007
3 7 7 3  0.2087709519
3 0 0 5  -0.0000029131
3 0 2 5  0.0000000002
3 0 4 5  0.0000000002
3 1 1 5  -0.0000029131
3 1 3 5  0.0000000002
3 1 5 5  0.0000000002
3 2 0 5  0.0000000002
3 2 2 5  -0.0006943571
3 2 4 5  0.0000218408
3 2 6 5  -0.0000000002
3 3 1 5  0.0000000002
3 3 3 5  -0.0006943571
3 3 5 5  0.0000218408
3 3 7 5  -0.0000000002
3 4 0 5  0.0000000002
3 4 2 5  0.0000218408
3 4 4 5  -0.0006943571
3 4 6 5  0.0000000002
3 5 1 5  0.0000000002
3 5 3 5  0.0000218408
3 5 5 5  -0.0006943571
3 5 7 5  0.0000000002
3 6 2 5  -0.0000000002
3 6 4 5  0.0000000002
3 6 6 5  -0.0001898566
3 7 3 5  -0.0000000002
3 7 5 5  0.0000000002
3 7 7 5  -0.0001898566
3 0 0 7  -0.0000000001
3 0 2 7  -0.0146889038
3 0 4 7  -0.0009401830
3 0 6 7  0.0000000006
3 1 1 7  -0.0000000001
3 1 3 7  -0.0146889038
3 1 5 7  -0.0009401830
3 1 7 7  0.0000000006
3 2 0 7  -0.0146889038
3 2 2 7  -0.0000000013
3 2 4 7  -0.0000000002
3 2 6 7  0.0157222326
3 3 1 7  -0.0146889038
3 3 3 7  -0.0000000013
3 3 5 7  -0.0000000002
3 3 7 7  0.0157222326
3 4 0 7  -0.0009401830
3 4 2 7  -0.0000000002
3 4 4 7  0.0000000003
3 4 6 7  -0.0007446282
3 5 1 7  -0.0009401830
3 5 3 7  -0.0000000002
3 5 5 7  0.0000000003
3 5 7 7  -0.0007446282
3 6 0 7  0.0000000006
3 6 2 7  0.0157222326
3 6 4 7  -0.0007446282
3 6 6 7  -0.0000000003
3 7 1 7  0.0000000006
3 7 3 7  0.0157222326
3 7 5 7  -0.0007446282
3 7 7 7  -0.0000000003
4 0 0 0  0.0000000004
4 0 2 0  0.0011867173
4 0 4 0  0.0138210185
4 0 6 0  -0.0000000013
4 1 1 0  0.0000000004
4 1 3 0  0.0011867173
4 1 5 0  0.0138210185
4 1 7 0  -0.0000000013
4 2 0 0  0.0011867173
4 2 2 0  0.0000000015
4 2 4 0  0.0000000002
4 2 6 0  -0.0009401830
4 3 1 0  0.0011867173
4 3 3 0  0.0000000015
4 3 5 0  0.0000000002
4 3 7 0  -0.0009401830
4 4 0 0  0.0138210185
4 4 2 0  0.0000000002
4 4 4 0  -0.0000000004
4 4 6 0  0.0146889038
4 5 1 0  0.0138210185
4 5 3 0  0.0000000002
4 5 5 0  -0.0000000004
4 5 7 0  0.0146889038
4 6 0 0  -0.0000000013
4 6 2 0  -0.0009401830
4 6 4 0  0.0146889038
4 6 6 0  0.0000000006
4 7 1 0  -0.0000000013
4 7 3 0  -0.0009401830
4 7 5 0  0.0146889038
4 7 7 0  0.0000000006
4 0 0 2  -0.0000029131
4 0 2 2  0.0000000002
4 0 4 2  0.0000000002
4 1 1 2  -0.0000029131
4 1 3 2  0.0000000002
4 1 5 2  0.0000000002
4 2 0 2  0.0000000002
4 2 2 2  -0.0006943571
4 2 4 2  0.0000218408
4 2 6 2  -0.0000000002
4 3 1 2  0.0000000002
4 3 3 2  -0.0006943571
4 3 5 2  0.0000218408
4 3 7 2  -0.0000000002
4 4 0 2  0.0000000002
4 4 2 2  0.0000218408
4 4 4 2  -0.0006943571
4 4 6 2  0.0000000002
4 5 1 2  0.0000000002
4 5 3 2  0.0000218408
4 5 5 2  -0.0006943571
4 5 7 2  0.0000000002
4 6 2 2  -0.0000000002
4 6 4 2  0.0000000002
4 6 6 2  -0.0001898566
4 7 3 2  -0.0000000002
4 7 5 2  0.0000000002
4 7 7 2  -0.0001898566
4 0 0 4  0.2030330171
4 0 2 4  0.0000000011
4 0 4 4  -0.0000000004
4 0 6 4  0.0921484198
4 1 1 4  0.2030330171
4 1 3 4  0.0000000011
4 1 5 4  -0.0000000004
4 1 7 4  0.0921484198
4 2 0 4  0.0000000011
4 2 2 4  0.0978800438
4 2 4 4  -0.0006943571
4 2 6 4  0.0000000003
4 3 1 4  0.0000000011
4 3 3 4  0.0978800438
4 3 5 4  -0.0006943571
4 3 7 4  0.0000000003
4 4 0 4  -0.0000000004
4 4 2 4  -0.0006943571
4 4 4 4  0.3366656722
4 4 6 4  0.0000000026
4 5 1 4  -0.0000000004
4 5 3 4  -0.0006943571
4 5 5 4  0.3366656722
4 5 7 4  0.0000000026
4 6 0 4  0.0921484198
4 6 2 4  0.0000000003
4 6 4 4  0.0000000026
4 6 6 4  0.2087709519
4 7 1 4  0.0921484198
4 7 3 4  0.0000000003
4 7 5 4  0.0000000026
4 7 7 4  0.2087709519
4 0 2 6  0.0009401830
4 0 4 6  0.0146889038
4 0 6 6  0.0000000011
4 1 3 6  0.0009401830
4 1 5 6  0.0146889038
4 1 7 6  0.0000000011
4 2 0 6  0.0009401830
4 2 2 6  -0.0000000007
4 2 4 6  0.0000000002
4 2 6 6  -0.0007446282
4 3 1 6  0.0009401830
4 3 3 6  -0.0000000007
4 3 5 6  0.0000000002
4 3 7 6  -0.0007446282
4 4 0 6  0.0146889038
4 4 2 6  0.0000000002
4 4 4 6  0.0000000026
4 4 6 6  0.0157222326
4 5 1 6  0.0146889038
4 5 3 6  0.0000000002
4 5 5 6  0.0000000026
4 5 7 6  0.0157222326
4 6 0 6  0.0000000011
4 6 2 6  -0.0007446282
4 6 4 6  0.0157222326
4 6 6 6  0.0000000004
4 7 1 6  0.0000000011
4 7 3 6  -0.0007446282
4 7 5 6  0.0157222326
4 7 7 6  0.0000000004
5 0 0 1  0.0000000004
5 0 2 1  0.0011867173
5 0 4 1  0.0138210185
5 0 6 1  -0.0000000013
5 1 1 1  0.0000000004
5 1 3 1  0.0011867173
5 1 5 1  0.0138210185
5 1 7 1  -0.0000000013
5 2 0 1  0.0011867173
5 2 2 1  0.0000000015
5 2 4 1  0.0000000002
5 2 6 1  -0.0009401830
5 3 1 1  0.0011867173
5 3 3 1  0.0000000015
5 3 5 1  0.0000000002
5 3 7 1  -0.0009401830
5 4 0 1  0.0138210185
5 4 2 1  0.0000000002
5 4 4 1  -0.0000000004
5 4 6 1  0.0146889038
5 5 1 1  0.0138210185
5 5 3 1  0.0000000002
5 5 5 1  -0.0000000004
5 5 7 1  0.0146889038
5 6 0 1  -0.0000000013
5 6 2 1  -0.0009401830
5 6 4 1  0.0146889038
5 6 6 1  0.0000000006
5 7 1 1  -0.0000000013
5 7 3 1  -0.0009401830
5 7 5 1  0.0146889038
5 7 7 1  0.0000000006
5 0 0 3  -0.0000029131
5 0 2 3  0.0000000002
5 0 4 3  0.0000000002
5 1 1 3  -0.0000029131
5 1 3 3  0.0000000002
5 1 5 3  0.0000000002
5 2 0 3  0.0000000002
5 2 2 3  -0.0006943571
5 2 4 3  0.0000218408
5 2 6 3  -0.0000000002
5 3 1 3  0.0000000002
5 3 3 3  -0.0006943571
5 3 5 3  0.0000218408
5 3 7 3  -0.0000000002
5 4 0 3  0.0000000002
5 4 2 3  0.0000218408
5 4 4 3  -0.0006943571
5 4 6 3  0.0000000002
5 5 1 3  0.0000000002
5 5 3 3  0.0000218408
5 5 5 3  -0.0006943571
5 5 7 3  0.0000000002
5 6 2 3  -0.0000000002
5 6 4 3  0.0000000002
5 6 6 3  -0.0001898566
5 7 3 3  -0.0000000002
5 7 5 3  0.0000000002
5 7 7 3  -0.0001898566
5 0 0 5  0.2030330171
5 0 2 5  0.0000000011
5 0 4 5  -0.0000000004
5 0 6 5  0.0921484198
5 1 1 5  0.2030330171
5 1 3 5  0.0000000011
5 1 5 5  -0.0000000004
5 1 7 5  0.0921484198
5 2 0 5  0.0000000011
5 2 2 5  0.0978800438
5 2 4 5  -0.0006943571
5 2 6 5  0.0000000003
5 3 1 5  0.0000000011
5 3 3 5  0.0978800438
5 3 5 5  -0.0006943571
5 3 7 5  0.0000000003
5 4 0 5  -0.0000000004
5 4 2 5  -0.0006943571
5 4 4 5  0.3366656722
5 4 6 5  0.0000000026
5 5 1 5  -0.0000000004
5 5 3 5  -0.0006943571
5 5 5 5  0.3366656722
5 5 7 5  0.0000000026
5 6 0 5  0.0921484198
5 6 2 5  0.0000000003
5 6 4 5  0.0000000026
5 6 6 5  0.2087709519
5 7 1 5  0.0921484198
5 7 3 5  0.0000000003
5 7 5 5  0.0000000026
5 7 7 5  0.2087709519
5 0 2 7  0.0009401830
5 0 4 7  0.0146889038
5 0 6 7  0.0000000011
5 1 3 7  0.0009401830
5 1 5 7  0.0146889038
5 1 7 7  0.0000000011
5 2 0 7  0.0009401830
5 2 2 7  -0.0000000007
5 2 4 7  0.0000000002
5 2 6 7  -0.0007446282
5 3 1 7  0.0009401830
5 3 3 7  -0.0000000007
5 3 5 7  0.0000000002
5 3 7 7  -0.0007446282
5 4 0 7  0.0146889038
5 4 2 7  0.0000000002
5 4 4 7  0.0000000026
5 4 6 7  0.0157222326
5 5 1 7  0.0146889038
5 5 3 7  0.0000000002
5 5 5 7  0.0000000026
5 5 7 7  0.0157222326
5 6 0 7  0.0000000011
5 6 2 7  -0.0007446282
5 6 4 7  0.0157222326
5 6 6 7  0.0000000004
5 7 1 7  0.0000000011
5 7 3 7  -0.0007446282
5 7 5 7  0.0157222326
5 7 7 7  0.0000000004
6 0 2 0  0.0000000009
6 0 4 0  -0.0000000013
6 0 6 0  0.1090743798
6 1 3 0  0.0000000009
6 1 5 0  -0.0000000013
6 1 7 0  0.1090743798
6 2 0 0  0.0000000009
6 2 2 0  -0.0921484198
6 2 6 0  0.0000000006
6 3 1 0  0.0000000009
6 3 3 0  -0.0921484198
6 3 7 0  0.0000000006
6 4 0 0  -0.0000000013
6 4 4 0  0.0921484198
6 4 6 0  0.0000000011
6 5 1 0  -0.0000000013
6 5 5 0  0.0921484198
6 5 7 0  0.0000000011
6 6 0 0  0.1090743798
6 6 2 0  0.0000000006
6 6 4 0  0.0000000011
6 7 1 0  0.1090743798
6 7 3 0  0.0000000006
6 7 5 0  0.0000000011
6 0 0 2  -0.0000000001
6 0 2 2  -0.0146889038
6 0 4 2  -0.0009401830
6 0 6 2  0.0000000006
6 1 1 2  -0.0000000001
6 1 3 2  -0.0146889038
6 1 5 2  -0.0009401830
6 1 7 2  0.0000000006
6 2 0 2  -0.0146889038
6 2 2 2  -0.0000000013
6 2 4 2  -0.0000000002
6 2 6 2  0.0157222326
6 3 1 2  -0.0146889038
6 3 3 2  -0.0000000013
6 3 5 2  -0.0000000002
6 3 7 2  0.0157222326
6 4 0 2  -0.0009401830
6 4 2 2  -0.0000000002
6 4 4 2  0.0000000003
6 4 6 2  -0.0007446282
6 5 1 2  -0.0009401830
6 5 3 2  -0.0000000002
6 5 5 2  0.0000000003
6 5 7 2  -0.0007446282
6 6 0 2  0.0000000006
6 6 2 2  0.0157222326
6 6 4 2  -0.0007446282
6 6 6 2  -0.0000000003
6 7 1 2  0.0000000006
6 7 3 2  0.0157222326
6 7 5 2  -0.0007446282
6 7 7 2  -0.0000000003
6 0 2 4  0.0009401830
6 0 4 4  0.0146889038
6 0 6 4  0.0000000011
6 1 3 4  0.0009401830
6 1 5 4  0.0146889038
6 1 7 4  0.0000000011
6 2 0 4  0.0009401830
6 2 2 4  -0.0000000007
6 2 4 4  0.0000000002
6 2 6 4  -0.0007446282
6 3 1 4  0.0009401830
6 3 3 4  -0.0000000007
6 3 5 4  0.0000000002
6 3 7 4  -0.0007446282
6 4 0 4  0.0146889038
6 4 2 4  0.0000000002
6 4 4 4  0.0000000026
6 4 6 4  0.0157222326
6 5 1 4  0.0146889038
6 5 3 4  0.0000000002
6 5 5 4  0.0000000026
6 5 7 4  0.0157222326
6 6 0 4  0.0000000011
6 6 2 4  -0.0007446282
6 6 4 4  0.0157222326
6 6 6 4  0.0000000004
6 7 1 4  0.0000000011
6 7 3 4  -0.0007446282
6 7 5 4  0.0157222326
6 7 7 4  0.0000000004
6 0 0 6  0.2459016607
6 0 2 6  0.0000000004
6 0 4 6  0.0000000006
6 1 1 6  0.2459016607
6 1 3 6  0.0000000004
6 1 5 6  0.0000000006
6 2 0 6  0.0000000004
6 2 2 6  0.2087709519
6 2 4 6  -0.0001898566
6 2 6 6  -0.0000000003
6 3 1 6  0.0000000004
6 3 3 6  0.2087709519
6 3 5 6  -0.0001898566
6 3 7 6  -0.0000000003
6 4 0 6  0.0000000006
6 4 2 6  -0.0001898566
6 4 4 6  0.2087709519
6 4 6 6  0.0000000004
6 5 1 6  0.0000000006
6 5 3 6  -0.0001898566
6 5 5 6  0.2087709519
6 5 7 6  0.0000000004
6 6 2 6  -0.0000000003
6 6 4 6  0.0000000004
6 6 6 6  0.2505049348
6 7 3 6  -0.0000000003
6 7 5 6  0.0000000004
6 7 7 6  0.2505049348
7 0 2 1  0.0000000009
7 0 4 1  -0.0000000013
7 0 6 1  0.1090743798
7 1 3 1  0.0000000009
7 1 5 1  -0.0000000013
7 1 7 1  0.1090743798
7 2 0 1  0.0000000009
7 2 2 1  -0.0921484198
7 2 6 1  0.0000000006
7 3 1 1  0.0000000009
7 3 3 1  -0.0921484198
7 3 7 1  0.0000000006
7 4 0 1  -0.0000000013
7 4 4 1  0.0921484198
7 4 6 1  0.0000000011
7 5 1 1  -0.0000000013
7 5 5 1  0.0921484198
7 5 7 1  0.0000000011
7 6 0 1  0.1090743798
7 6 2 1  0.0000000006
7 6 4 1  0.0000000011
7 7 1 1  0.1090743798
7 7 3 1  0.0000000006
7 7 5 1  0.0000000011
7 0 0 3  -0.0000000001
7 0 2 3  -0.0146889038
7 0 4 3  -0.0009401830
7 0 6 3  0.0000000006
7 1 1 3  -0.0000000001
7 1 3 3  -0.0146889038
7 1 5 3  -0.0009401830
7 1 7 3  0.0000000006
7 2 0 3  -0.0146889038
7 2 2 3  -0.0000000013
7 2 4 3  -0.0000000002
7 2 6 3  0.0157222326
7 3 1 3  -0.0146889038
7 3 3 3  -0.0000000013
7 3 5 3  -0.0000000002
7 3 7 3  0.0157222326
7 4 0 3  -0.0009401830
7 4 2 3  -0.0000000002
7 4 4 3  0.0000000003
7 4 6 3  -0.0007446282
7 5 1 3  -0.0009401830
7 5 3 3  -0.0000000002
7 5 5 3  0.0000000003
7 5 7 3  -0.0007446282
7 6 0 3  0.0000000006
7 6 2 3  0.0157222326
7 6 4 3  -0.0007446282
7 6 6 3  -0.0000000003
7 7 1 3  0.0000000006
7 7 3 3  0.0157222326
7 7 5 3  -0.0007446282
7 7 7 3  -0.0000000003
7 0 2 5  0.0009401830
7 0 4 5  0.0146889038
7 0 6 5  0.0000000011
7 1 3 5  0.0009401830
7 1 5 5  0.0146889038
7 1 7 5  0.0000000011
7 2 0 5  0.0009401830
7 2 2 5  -0.0000000007
7 2 4 5  0.0000000002
7 2 6 5  -0.0007446282
7 3 1 5  0.0009401830
7 3 3 5  -0.0000000007
7 3 5 5  0.0000000002
7 3 7 5  -0.0007446282
7 4 0 5  0.0146889038
7 4 2 5  0.0000000002
7 4 4 5  0.0000000026
7 4 6 5  0.0157222326
7 5 1 5  0.0146889038
7 5 3 5  0.0000000002
7 5 5 5  0.0000000026
7 5 7 5  0.0157222326
7 6 0 5  0.0000000011
7 6 2 5  -0.0007446282
7 6 4 5  0.0157222326
7 6 6 5  0.0000000004
7 7 1 5  0.0000000011
7 7 3 5  -0.0007446282
7 7 5 5  0.0157222326
7 7 7 5  0.0000000004
7 0 0 7  0.2459016607
7 0 2 7  0.0000000004
7 0 4 7  0.0000000006
7 1 1 7  0.2459016607
7 1 3 7  0.0000000004
7 1 5 7  0.0000000006
7 2 0 7  0.0000000004
7 2 2 7  0.2087709519
7 2 4 7  -0.0001898566
7 2 6 7  -0.0000000003
7 3 1 7  0.0000000004
7 3 3 7  0.2087709519
7 3 5 7  -0.0001898566
7 3 7 7  -0.0000000003
7 4 0 7  0.0000000006
7 4 2 7  -0.0001898566
7 4 4 7  0.2087709519
7 4 6 7  0.0000000004
7 5 1 7  0.0000000006
7 5 3 7  -0.0001898566
7 5 5 7  0.2087709519
7 5 7 7  0.0000000004
7 6 2 7  -0.0000000003
7 6 4 7  0.0000000004
7 6 6 7  0.2505049348
7 7 3 7  -0.0000000003
7 7 5 7  0.0000000004
7 7 7 7  0.2505049348

 E(Ref) = -77.4806006335 Hartree, <S**2> = 1.0000
 E(FCI) = -77.6401435293 Hartree, <S**2> = -0.0000
