 MO Integrals with frozen core/virtual approximation

-74.0379573262521
0 0  -1.5012797744
0 2  0.0000000038
0 4  0.0000000057
0 6  -0.0000000002
1 1  -1.5012797744
1 3  0.0000000038
1 5  0.0000000057
1 7  -0.0000000002
2 0  0.0000000038
2 2  -1.2930963010
2 4  -0.0061705117
2 6  0.0000000020
3 1  0.0000000038
3 3  -1.2930963010
3 5  -0.0061705117
3 7  0.0000000020
4 0  0.0000000057
4 2  -0.0061705117
4 4  -1.2930963004
4 6  -0.0000000042
5 1  0.0000000057
5 3  -0.0061705117
5 5  -1.2930963004
5 7  -0.0000000042
6 0  -0.0000000002
6 2  0.0000000020
6 4  -0.0000000042
6 6  -1.4137507394
7 1  -0.0000000002
7 3  0.0000000020
7 5  -0.0000000042
7 7  -1.4137507394
0 0 0 0  0.2370324261
0 0 2 0  -0.0000000002
0 0 4 0  -0.0000000003
0 1 1 0  0.2370324261
0 1 3 0  -0.0000000002
0 1 5 0  -0.0000000003
0 2 0 0  -0.0000000002
0 2 2 0  0.1989137284
0 2 4 0  -0.0000634002
0 3 1 0  -0.0000000002
0 3 3 0  0.1989137284
0 3 5 0  -0.0000634002
0 4 0 0  -0.0000000003
0 4 2 0  -0.0000634002
0 4 4 0  0.1989137284
0 4 6 0  0.0000000002
0 5 1 0  -0.0000000003
0 5 3 0  -0.0000634002
0 5 5 0  0.1989137284
0 5 7 0  0.0000000002
0 6 4 0  0.0000000002
0 6 6 0  0.2392487198
0 7 5 0  0.0000000002
0 7 7 0  0.2392487198
0 0 0 2  -0.0000000002
0 0 2 2  0.0139020670
0 0 4 2  0.0008565845
0 0 6 2  0.0000000007
0 1 1 2  -0.0000000002
0 1 3 2  0.0139020670
0 1 5 2  0.0008565845
0 1 7 2  0.0000000007
0 2 0 2  0.0139020670
0 2 2 2  0.0000000006
0 2 4 2  -0.0000000001
0 2 6 2  0.0145873209
0 3 1 2  0.0139020670
0 3 3 2  0.0000000006
0 3 5 2  -0.0000000001
0 3 7 2  0.0145873209
0 4 0 2  0.0008565845
0 4 2 2  -0.0000000001
0 4 4 2  -0.0000000009
0 4 6 2  -0.0007187192
0 5 1 2  0.0008565845
0 5 3 2  -0.0000000001
0 5 5 2  -0.0000000009
0 5 7 2  -0.0007187192
0 6 0 2  0.0000000007
0 6 2 2  0.0145873209
0 6 4 2  -0.0007187192
0 6 6 2  -0.0000000003
0 7 1 2  0.0000000007
0 7 3 2  0.0145873209
0 7 5 2  -0.0007187192
0 7 7 2  -0.0000000003
0 0 0 4  -0.0000000003
0 0 2 4  0.0008565845
0 0 4 4  0.0139020670
0 0 6 4  -0.0000000005
0 1 1 4  -0.0000000003
0 1 3 4  0.0008565845
0 1 5 4  0.0139020670
0 1 7 4  -0.0000000005
0 2 0 4  0.0008565845
0 2 2 4  -0.0000000007
0 2 4 4  -0.0000000001
0 2 6 4  0.0007187192
0 3 1 4  0.0008565845
0 3 3 4  -0.0000000007
0 3 5 4  -0.0000000001
0 3 7 4  0.0007187192
0 4 0 4  0.0139020670
0 4 2 4  -0.0000000001
0 4 4 4  -0.0000000004
0 4 6 4  -0.0145873209
0 5 1 4  0.0139020670
0 5 3 4  -0.0000000001
0 5 5 4  -0.0000000004
0 5 7 4  -0.0145873209
0 6 0 4  -0.0000000005
0 6 2 4  0.0007187192
0 6 4 4  -0.0145873209
0 6 6 4  -0.0000000004
0 7 1 4  -0.0000000005
0 7 3 4  0.0007187192
0 7 5 4  -0.0145873209
0 7 7 4  -0.0000000004
0 0 2 6  0.0000000007
0 0 4 6  -0.0000000005
0 0 6 6  0.1146123794
0 1 3 6  0.0000000007
0 1 5 6  -0.0000000005
0 1 7 6  0.1146123794
0 2 0 6  0.0000000007
0 2 2 6  0.0961660239
0 2 6 6  -0.0000000006
0 3 1 6  0.0000000007
0 3 3 6  0.0961660239
0 3 7 6  -0.0000000006
0 4 0 6  -0.0000000005
0 4 4 6  -0.0961660239
0 4 6 6  -0.0000000003
0 5 1 6  -0.0000000005
0 5 5 6  -0.0961660239
0 5 7 6  -0.0000000003
0 6 0 6  0.1146123794
0 6 2 6  -0.0000000006
0 6 4 6  -0.0000000003
0 7 1 6  0.1146123794
0 7 3 6  -0.0000000006
0 7 5 6  -0.0000000003
1 0 0 1  0.2370324261
1 0 2 1  -0.0000000002
1 0 4 1  -0.0000000003
1 1 1 1  0.2370324261
1 1 3 1  -0.0000000002
1 1 5 1  -0.0000000003
1 2 0 1  -0.0000000002
1 2 2 1  0.1989137284
1 2 4 1  -0.0000634002
1 3 1 1  -0.0000000002
1 3 3 1  0.1989137284
1 3 5 1  -0.0000634002
1 4 0 1  -0.0000000003
1 4 2 1  -0.0000634002
1 4 4 1  0.1989137284
1 4 6 1  0.0000000002
1 5 1 1  -0.0000000003
1 5 3 1  -0.0000634002
1 5 5 1  0.1989137284
1 5 7 1  0.0000000002
1 6 4 1  0.0000000002
1 6 6 1  0.2392487198
1 7 5 1  0.0000000002
1 7 7 1  0.2392487198
1 0 0 3  -0.0000000002
1 0 2 3  0.0139020670
1 0 4 3  0.0008565845
1 0 6 3  0.0000000007
1 1 1 3  -0.0000000002
1 1 3 3  0.0139020670
1 1 5 3  0.0008565845
1 1 7 3  0.0000000007
1 2 0 3  0.0139020670
1 2 2 3  0.0000000006
1 2 4 3  -0.0000000001
1 2 6 3  0.0145873209
1 3 1 3  0.0139020670
1 3 3 3  0.0000000006
1 3 5 3  -0.0000000001
1 3 7 3  0.0145873209
1 4 0 3  0.0008565845
1 4 2 3  -0.0000000001
1 4 4 3  -0.0000000009
1 4 6 3  -0.0007187192
1 5 1 3  0.0008565845
1 5 3 3  -0.0000000001
1 5 5 3  -0.0000000009
1 5 7 3  -0.0007187192
1 6 0 3  0.0000000007
1 6 2 3  0.0145873209
1 6 4 3  -0.0007187192
1 6 6 3  -0.0000000003
1 7 1 3  0.0000000007
1 7 3 3  0.0145873209
1 7 5 3  -0.0007187192
1 7 7 3  -0.0000000003
1 0 0 5  -0.0000000003
1 0 2 5  0.0008565845
1 0 4 5  0.0139020670
1 0 6 5  -0.0000000005
1 1 1 5  -0.0000000003
1 1 3 5  0.0008565845
1 1 5 5  0.0139020670
1 1 7 5  -0.0000000005
1 2 0 5  0.0008565845
1 2 2 5  -0.0000000007
1 2 4 5  -0.0000000001
1 2 6 5  0.0007187192
1 3 1 5  0.0008565845
1 3 3 5  -0.0000000007
1 3 5 5  -0.0000000001
1 3 7 5  0.0007187192
1 4 0 5  0.0139020670
1 4 2 5  -0.0000000001
1 4 4 5  -0.0000000004
1 4 6 5  -0.0145873209
1 5 1 5  0.0139020670
1 5 3 5  -0.0000000001
1 5 5 5  -0.0000000004
1 5 7 5  -0.0145873209
1 6 0 5  -0.0000000005
1 6 2 5  0.0007187192
1 6 4 5  -0.0145873209
1 6 6 5  -0.0000000004
1 7 1 5  -0.0000000005
1 7 3 5  0.0007187192
1 7 5 5  -0.0145873209
1 7 7 5  -0.0000000004
1 0 2 7  0.0000000007
1 0 4 7  -0.0000000005
1 0 6 7  0.1146123794
1 1 3 7  0.0000000007
1 1 5 7  -0.0000000005
1 1 7 7  0.1146123794
1 2 0 7  0.0000000007
1 2 2 7  0.0961660239
1 2 6 7  -0.0000000006
1 3 1 7  0.0000000007
1 3 3 7  0.0961660239
1 3 7 7  -0.0000000006
1 4 0 7  -0.0000000005
1 4 4 7  -0.0961660239
1 4 6 7  -0.0000000003
1 5 1 7  -0.0000000005
1 5 5 7  -0.0961660239
1 5 7 7  -0.0000000003
1 6 0 7  0.1146123794
1 6 2 7  -0.0000000006
1 6 4 7  -0.0000000003
1 7 1 7  0.1146123794
1 7 3 7  -0.0000000006
1 7 5 7  -0.0000000003
2 0 0 0  -0.0000000002
2 0 2 0  0.0139020670
2 0 4 0  0.0008565845
2 0 6 0  0.0000000007
2 1 1 0  -0.0000000002
2 1 3 0  0.0139020670
2 1 5 0  0.0008565845
2 1 7 0  0.0000000007
2 2 0 0  0.0139020670
2 2 2 0  0.0000000006
2 2 4 0  -0.0000000001
2 2 6 0  0.0145873209
2 3 1 0  0.0139020670
2 3 3 0  0.0000000006
2 3 5 0  -0.0000000001
2 3 7 0  0.0145873209
2 4 0 0  0.0008565845
2 4 2 0  -0.0000000001
2 4 4 0  -0.0000000009
2 4 6 0  -0.0007187192
2 5 1 0  0.0008565845
2 5 3 0  -0.0000000001
2 5 5 0  -0.0000000009
2 5 7 0  -0.0007187192
2 6 0 0  0.0000000007
2 6 2 0  0.0145873209
2 6 4 0  -0.0007187192
2 6 6 0  -0.0000000003
2 7 1 0  0.0000000007
2 7 3 0  0.0145873209
2 7 5 0  -0.0007187192
2 7 7 0  -0.0000000003
2 0 0 2  0.1989137284
2 0 2 2  0.0000000006
2 0 4 2  -0.0000000007
2 0 6 2  0.0961660239
2 1 1 2  0.1989137284
2 1 3 2  0.0000000006
2 1 5 2  -0.0000000007
2 1 7 2  0.0961660239
2 2 0 2  0.0000000006
2 2 2 2  0.3366324734
2 2 4 2  -0.0004852451
2 2 6 2  -0.0000000011
2 3 1 2  0.0000000006
2 3 3 2  0.3366324734
2 3 5 2  -0.0004852451
2 3 7 2  -0.0000000011
2 4 0 2  -0.0000000007
2 4 2 2  -0.0004852451
2 4 4 2  0.0913476436
2 5 1 2  -0.0000000007
2 5 3 2  -0.0004852451
2 5 5 2  0.0913476436
2 6 0 2  0.0961660239
2 6 2 2  -0.0000000011
2 6 6 2  0.2035304023
2 7 1 2  0.0961660239
2 7 3 2  -0.0000000011
2 7 7 2  0.2035304023
2 0 0 4  -0.0000634002
2 0 2 4  -0.0000000001
2 0 4 4  -0.0000000001
2 1 1 4  -0.0000634002
2 1 3 4  -0.0000000001
2 1 5 4  -0.0000000001
2 2 0 4  -0.0000000001
2 2 2 4  -0.0004852451
2 2 4 4  0.0000091986
2 2 6 4  -0.0000000001
2 3 1 4  -0.0000000001
2 3 3 4  -0.0004852451
2 3 5 4  0.0000091986
2 3 7 4  -0.0000000001
2 4 0 4  -0.0000000001
2 4 2 4  0.0000091986
2 4 4 4  -0.0004852451
2 4 6 4  0.0000000002
2 5 1 4  -0.0000000001
2 5 3 4  0.0000091986
2 5 5 4  -0.0004852451
2 5 7 4  0.0000000002
2 6 2 4  -0.0000000001
2 6 4 4  0.0000000002
2 6 6 4  -0.0001543276
2 7 3 4  -0.0000000001
2 7 5 4  0.0000000002
2 7 7 4  -0.0001543276
2 0 2 6  0.0145873209
2 0 4 6  0.0007187192
2 0 6 6  -0.0000000006
2 1 3 6  0.0145873209
2 1 5 6  0.0007187192
2 1 7 6  -0.0000000006
2 2 0 6  0.0145873209
2 2 2 6  -0.0000000011
2 2 4 6  -0.0000000001
2 2 6 6  0.0153567008
2 3 1 6  0.0145873209
2 3 3 6  -0.0000000011
2 3 5 6  -0.0000000001
2 3 7 6  0.0153567008
2 4 0 6  0.0007187192
2 4 2 6  -0.0000000001
2 4 4 6  0.0000000003
2 4 6 6  -0.0006050200
2 5 1 6  0.0007187192
2 5 3 6  -0.0000000001
2 5 5 6  0.0000000003
2 5 7 6  -0.0006050200
2 6 0 6  -0.0000000006
2 6 2 6  0.0153567008
2 6 4 6  -0.0006050200
2 6 6 6  -0.0000000002
2 7 1 6  -0.0000000006
2 7 3 6  0.0153567008
2 7 5 6  -0.0006050200
2 7 7 6  -0.0000000002
3 0 0 1  -0.0000000002
3 0 2 1  0.0139020670
3 0 4 1  0.0008565845
3 0 6 1  0.0000000007
3 1 1 1  -0.0000000002
3 1 3 1  0.0139020670
3 1 5 1  0.0008565845
3 1 7 1  0.0000000007
3 2 0 1  0.0139020670
3 2 2 1  0.0000000006
3 2 4 1  -0.0000000001
3 2 6 1  0.0145873209
3 3 1 1  0.0139020670
3 3 3 1  0.0000000006
3 3 5 1  -0.0000000001
3 3 7 1  0.0145873209
3 4 0 1  0.0008565845
3 4 2 1  -0.0000000001
3 4 4 1  -0.0000000009
3 4 6 1  -0.0007187192
3 5 1 1  0.0008565845
3 5 3 1  -0.0000000001
3 5 5 1  -0.0000000009
3 5 7 1  -0.0007187192
3 6 0 1  0.0000000007
3 6 2 1  0.0145873209
3 6 4 1  -0.0007187192
3 6 6 1  -0.0000000003
3 7 1 1  0.0000000007
3 7 3 1  0.0145873209
3 7 5 1  -0.0007187192
3 7 7 1  -0.0000000003
3 0 0 3  0.1989137284
3 0 2 3  0.0000000006
3 0 4 3  -0.0000000007
3 0 6 3  0.0961660239
3 1 1 3  0.1989137284
3 1 3 3  0.0000000006
3 1 5 3  -0.0000000007
3 1 7 3  0.0961660239
3 2 0 3  0.0000000006
3 2 2 3  0.3366324734
3 2 4 3  -0.0004852451
3 2 6 3  -0.0000000011
3 3 1 3  0.0000000006
3 3 3 3  0.3366324734
3 3 5 3  -0.0004852451
3 3 7 3  -0.0000000011
3 4 0 3  -0.0000000007
3 4 2 3  -0.0004852451
3 4 4 3  0.0913476436
3 5 1 3  -0.0000000007
3 5 3 3  -0.0004852451
3 5 5 3  0.0913476436
3 6 0 3  0.0961660239
3 6 2 3  -0.0000000011
3 6 6 3  0.2035304023
3 7 1 3  0.0961660239
3 7 3 3  -0.0000000011
3 7 7 3  0.2035304023
3 0 0 5  -0.0000634002
3 0 2 5  -0.0000000001
3 0 4 5  -0.0000000001
3 1 1 5  -0.0000634002
3 1 3 5  -0.0000000001
3 1 5 5  -0.0000000001
3 2 0 5  -0.0000000001
3 2 2 5  -0.0004852451
3 2 4 5  0.0000091986
3 2 6 5  -0.0000000001
3 3 1 5  -0.0000000001
3 3 3 5  -0.0004852451
3 3 5 5  0.0000091986
3 3 7 5  -0.0000000001
3 4 0 5  -0.0000000001
3 4 2 5  0.0000091986
3 4 4 5  -0.0004852451
3 4 6 5  0.0000000002
3 5 1 5  -0.0000000001
3 5 3 5  0.0000091986
3 5 5 5  -0.0004852451
3 5 7 5  0.0000000002
3 6 2 5  -0.0000000001
3 6 4 5  0.0000000002
3 6 6 5  -0.0001543276
3 7 3 5  -0.0000000001
3 7 5 5  0.0000000002
3 7 7 5  -0.0001543276
3 0 2 7  0.0145873209
3 0 4 7  0.0007187192
3 0 6 7  -0.0000000006
3 1 3 7  0.0145873209
3 1 5 7  0.0007187192
3 1 7 7  -0.0000000006
3 2 0 7  0.0145873209
3 2 2 7  -0.0000000011
3 2 4 7  -0.0000000001
3 2 6 7  0.0153567008
3 3 1 7  0.0145873209
3 3 3 7  -0.0000000011
3 3 5 7  -0.0000000001
3 3 7 7  0.0153567008
3 4 0 7  0.0007187192
3 4 2 7  -0.0000000001
3 4 4 7  0.0000000003
3 4 6 7  -0.0006050200
3 5 1 7  0.0007187192
3 5 3 7  -0.0000000001
3 5 5 7  0.0000000003
3 5 7 7  -0.0006050200
3 6 0 7  -0.0000000006
3 6 2 7  0.0153567008
3 6 4 7  -0.0006050200
3 6 6 7  -0.0000000002
3 7 1 7  -0.0000000006
3 7 3 7  0.0153567008
3 7 5 7  -0.0006050200
3 7 7 7  -0.0000000002
4 0 0 0  -0.0000000003
4 0 2 0  0.0008565845
4 0 4 0  0.0139020670
4 0 6 0  -0.0000000005
4 1 1 0  -0.0000000003
4 1 3 0  0.0008565845
4 1 5 0  0.0139020670
4 1 7 0  -0.0000000005
4 2 0 0  0.0008565845
4 2 2 0  -0.0000000007
4 2 4 0  -0.0000000001
4 2 6 0  0.0007187192
4 3 1 0  0.0008565845
4 3 3 0  -0.0000000007
4 3 5 0  -0.0000000001
4 3 7 0  0.0007187192
4 4 0 0  0.0139020670
4 4 2 0  -0.0000000001
4 4 4 0  -0.0000000004
4 4 6 0  -0.0145873209
4 5 1 0  0.0139020670
4 5 3 0  -0.0000000001
4 5 5 0  -0.0000000004
4 5 7 0  -0.0145873209
4 6 0 0  -0.0000000005
4 6 2 0  0.0007187192
4 6 4 0  -0.0145873209
4 6 6 0  -0.0000000004
4 7 1 0  -0.0000000005
4 7 3 0  0.0007187192
4 7 5 0  -0.0145873209
4 7 7 0  -0.0000000004
4 0 0 2  -0.0000634002
4 0 2 2  -0.0000000001
4 0 4 2  -0.0000000001
4 1 1 2  -0.0000634002
4 1 3 2  -0.0000000001
4 1 5 2  -0.0000000001
4 2 0 2  -0.0000000001
4 2 2 2  -0.0004852451
4 2 4 2  0.0000091986
4 2 6 2  -0.0000000001
4 3 1 2  -0.0000000001
4 3 3 2  -0.0004852451
4 3 5 2  0.0000091986
4 3 7 2  -0.0000000001
4 4 0 2  -0.0000000001
4 4 2 2  0.0000091986
4 4 4 2  -0.0004852451
4 4 6 2  0.0000000002
4 5 1 2  -0.0000000001
4 5 3 2  0.0000091986
4 5 5 2  -0.0004852451
4 5 7 2  0.0000000002
4 6 2 2  -0.0000000001
4 6 4 2  0.0000000002
4 6 6 2  -0.0001543276
4 7 3 2  -0.0000000001
4 7 5 2  0.0000000002
4 7 7 2  -0.0001543276
4 0 0 4  0.1989137284
4 0 2 4  -0.0000000009
4 0 4 4  -0.0000000004
4 0 6 4  -0.0961660239
4 1 1 4  0.1989137284
4 1 3 4  -0.0000000009
4 1 5 4  -0.0000000004
4 1 7 4  -0.0961660239
4 2 0 4  -0.0000000009
4 2 2 4  0.0913476436
4 2 4 4  -0.0004852451
4 2 6 4  0.0000000003
4 3 1 4  -0.0000000009
4 3 3 4  0.0913476436
4 3 5 4  -0.0004852451
4 3 7 4  0.0000000003
4 4 0 4  -0.0000000004
4 4 2 4  -0.0004852451
4 4 4 4  0.3366324734
4 4 6 4  0.0000000016
4 5 1 4  -0.0000000004
4 5 3 4  -0.0004852451
4 5 5 4  0.3366324734
4 5 7 4  0.0000000016
4 6 0 4  -0.0961660239
4 6 2 4  0.0000000003
4 6 4 4  0.0000000016
4 6 6 4  0.2035304023
4 7 1 4  -0.0961660239
4 7 3 4  0.0000000003
4 7 5 4  0.0000000016
4 7 7 4  0.2035304023
4 0 0 6  0.0000000002
4 0 2 6  -0.0007187192
4 0 4 6  -0.0145873209
4 0 6 6  -0.0000000003
4 1 1 6  0.0000000002
4 1 3 6  -0.0007187192
4 1 5 6  -0.0145873209
4 1 7 6  -0.0000000003
4 2 0 6  -0.0007187192
4 2 4 6  0.0000000002
4 2 6 6  -0.0006050200
4 3 1 6  -0.0007187192
4 3 5 6  0.0000000002
4 3 7 6  -0.0006050200
4 4 0 6  -0.0145873209
4 4 2 6  0.0000000002
4 4 4 6  0.0000000016
4 4 6 6  0.0153567008
4 5 1 6  -0.0145873209
4 5 3 6  0.0000000002
4 5 5 6  0.0000000016
4 5 7 6  0.0153567008
4 6 0 6  -0.0000000003
4 6 2 6  -0.0006050200
4 6 4 6  0.0153567008
4 6 6 6  0.0000000003
4 7 1 6  -0.0000000003
4 7 3 6  -0.0006050200
4 7 5 6  0.0153567008
4 7 7 6  0.0000000003
5 0 0 1  -0.0000000003
5 0 2 1  0.0008565845
5 0 4 1  0.0139020670
5 0 6 1  -0.0000000005
5 1 1 1  -0.0000000003
5 1 3 1  0.0008565845
5 1 5 1  0.0139020670
5 1 7 1  -0.0000000005
5 2 0 1  0.0008565845
5 2 2 1  -0.0000000007
5 2 4 1  -0.0000000001
5 2 6 1  0.0007187192
5 3 1 1  0.0008565845
5 3 3 1  -0.0000000007
5 3 5 1  -0.0000000001
5 3 7 1  0.0007187192
5 4 0 1  0.0139020670
5 4 2 1  -0.0000000001
5 4 4 1  -0.0000000004
5 4 6 1  -0.0145873209
5 5 1 1  0.0139020670
5 5 3 1  -0.0000000001
5 5 5 1  -0.0000000004
5 5 7 1  -0.0145873209
5 6 0 1  -0.0000000005
5 6 2 1  0.0007187192
5 6 4 1  -0.0145873209
5 6 6 1  -0.0000000004
5 7 1 1  -0.0000000005
5 7 3 1  0.0007187192
5 7 5 1  -0.0145873209
5 7 7 1  -0.0000000004
5 0 0 3  -0.0000634002
5 0 2 3  -0.0000000001
5 0 4 3  -0.0000000001
5 1 1 3  -0.0000634002
5 1 3 3  -0.0000000001
5 1 5 3  -0.0000000001
5 2 0 3  -0.0000000001
5 2 2 3  -0.0004852451
5 2 4 3  0.0000091986
5 2 6 3  -0.0000000001
5 3 1 3  -0.0000000001
5 3 3 3  -0.0004852451
5 3 5 3  0.0000091986
5 3 7 3  -0.0000000001
5 4 0 3  -0.0000000001
5 4 2 3  0.0000091986
5 4 4 3  -0.0004852451
5 4 6 3  0.0000000002
5 5 1 3  -0.0000000001
5 5 3 3  0.0000091986
5 5 5 3  -0.0004852451
5 5 7 3  0.0000000002
5 6 2 3  -0.0000000001
5 6 4 3  0.0000000002
5 6 6 3  -0.0001543276
5 7 3 3  -0.0000000001
5 7 5 3  0.0000000002
5 7 7 3  -0.0001543276
5 0 0 5  0.1989137284
5 0 2 5  -0.0000000009
5 0 4 5  -0.0000000004
5 0 6 5  -0.0961660239
5 1 1 5  0.1989137284
5 1 3 5  -0.0000000009
5 1 5 5  -0.0000000004
5 1 7 5  -0.0961660239
5 2 0 5  -0.0000000009
5 2 2 5  0.0913476436
5 2 4 5  -0.0004852451
5 2 6 5  0.0000000003
5 3 1 5  -0.0000000009
5 3 3 5  0.0913476436
5 3 5 5  -0.0004852451
5 3 7 5  0.0000000003
5 4 0 5  -0.0000000004
5 4 2 5  -0.0004852451
5 4 4 5  0.3366324734
5 4 6 5  0.0000000016
5 5 1 5  -0.0000000004
5 5 3 5  -0.0004852451
5 5 5 5  0.3366324734
5 5 7 5  0.0000000016
5 6 0 5  -0.0961660239
5 6 2 5  0.0000000003
5 6 4 5  0.0000000016
5 6 6 5  0.2035304023
5 7 1 5  -0.0961660239
5 7 3 5  0.0000000003
5 7 5 5  0.0000000016
5 7 7 5  0.2035304023
5 0 0 7  0.0000000002
5 0 2 7  -0.0007187192
5 0 4 7  -0.0145873209
5 0 6 7  -0.0000000003
5 1 1 7  0.0000000002
5 1 3 7  -0.0007187192
5 1 5 7  -0.0145873209
5 1 7 7  -0.0000000003
5 2 0 7  -0.0007187192
5 2 4 7  0.0000000002
5 2 6 7  -0.0006050200
5 3 1 7  -0.0007187192
5 3 5 7  0.0000000002
5 3 7 7  -0.0006050200
5 4 0 7  -0.0145873209
5 4 2 7  0.0000000002
5 4 4 7  0.0000000016
5 4 6 7  0.0153567008
5 5 1 7  -0.0145873209
5 5 3 7  0.0000000002
5 5 5 7  0.0000000016
5 5 7 7  0.0153567008
5 6 0 7  -0.0000000003
5 6 2 7  -0.0006050200
5 6 4 7  0.0153567008
5 6 6 7  0.0000000003
5 7 1 7  -0.0000000003
5 7 3 7  -0.0006050200
5 7 5 7  0.0153567008
5 7 7 7  0.0000000003
6 0 2 0  0.0000000007
6 0 4 0  -0.0000000005
6 0 6 0  0.1146123794
6 1 3 0  0.0000000007
6 1 5 0  -0.0000000005
6 1 7 0  0.1146123794
6 2 0 0  0.0000000007
6 2 2 0  0.0961660239
6 2 6 0  -0.0000000006
6 3 1 0  0.0000000007
6 3 3 0  0.0961660239
6 3 7 0  -0.0000000006
6 4 0 0  -0.0000000005
6 4 4 0  -0.0961660239
6 4 6 0  -0.0000000003
6 5 1 0  -0.0000000005
6 5 5 0  -0.0961660239
6 5 7 0  -0.0000000003
6 6 0 0  0.1146123794
6 6 2 0  -0.0000000006
6 6 4 0  -0.0000000003
6 7 1 0  0.1146123794
6 7 3 0  -0.0000000006
6 7 5 0  -0.0000000003
6 0 2 2  0.0145873209
6 0 4 2  0.0007187192
6 0 6 2  -0.0000000006
6 1 3 2  0.0145873209
6 1 5 2  0.0007187192
6 1 7 2  -0.0000000006
6 2 0 2  0.0145873209
6 2 2 2  -0.0000000011
6 2 4 2  -0.0000000001
6 2 6 2  0.0153567008
6 3 1 2  0.0145873209
6 3 3 2  -0.0000000011
6 3 5 2  -0.0000000001
6 3 7 2  0.0153567008
6 4 0 2  0.0007187192
6 4 2 2  -0.0000000001
6 4 4 2  0.0000000003
6 4 6 2  -0.0006050200
6 5 1 2  0.0007187192
6 5 3 2  -0.0000000001
6 5 5 2  0.0000000003
6 5 7 2  -0.0006050200
6 6 0 2  -0.0000000006
6 6 2 2  0.0153567008
6 6 4 2  -0.0006050200
6 6 6 2  -0.0000000002
6 7 1 2  -0.0000000006
6 7 3 2  0.0153567008
6 7 5 2  -0.0006050200
6 7 7 2  -0.0000000002
6 0 0 4  0.0000000002
6 0 2 4  -0.0007187192
6 0 4 4  -0.0145873209
6 0 6 4  -0.0000000003
6 1 1 4  0.0000000002
6 1 3 4  -0.0007187192
6 1 5 4  -0.0145873209
6 1 7 4  -0.0000000003
6 2 0 4  -0.0007187192
6 2 4 4  0.0000000002
6 2 6 4  -0.0006050200
6 3 1 4  -0.0007187192
6 3 5 4  0.0000000002
6 3 7 4  -0.0006050200
6 4 0 4  -0.0145873209
6 4 2 4  0.0000000002
6 4 4 4  0.0000000016
6 4 6 4  0.0153567008
6 5 1 4  -0.0145873209
6 5 3 4  0.0000000002
6 5 5 4  0.0000000016
6 5 7 4  0.0153567008
6 6 0 4  -0.0000000003
6 6 2 4  -0.0006050200
6 6 4 4  0.0153567008
6 6 6 4  0.0000000003
6 7 1 4  -0.0000000003
6 7 3 4  -0.0006050200
6 7 5 4  0.0153567008
6 7 7 4  0.0000000003
6 0 0 6  0.2392487198
6 0 2 6  -0.0000000003
6 0 4 6  -0.0000000004
6 1 1 6  0.2392487198
6 1 3 6  -0.0000000003
6 1 5 6  -0.0000000004
6 2 0 6  -0.0000000003
6 2 2 6  0.2035304023
6 2 4 6  -0.0001543276
6 2 6 6  -0.0000000002
6 3 1 6  -0.0000000003
6 3 3 6  0.2035304023
6 3 5 6  -0.0001543276
6 3 7 6  -0.0000000002
6 4 0 6  -0.0000000004
6 4 2 6  -0.0001543276
6 4 4 6  0.2035304023
6 4 6 6  0.0000000003
6 5 1 6  -0.0000000004
6 5 3 6  -0.0001543276
6 5 5 6  0.2035304023
6 5 7 6  0.0000000003
6 6 2 6  -0.0000000002
6 6 4 6  0.0000000003
6 6 6 6  0.2431410367
6 7 3 6  -0.0000000002
6 7 5 6  0.0000000003
6 7 7 6  0.2431410367
7 0 2 1  0.0000000007
7 0 4 1  -0.0000000005
7 0 6 1  0.1146123794
7 1 3 1  0.0000000007
7 1 5 1  -0.0000000005
7 1 7 1  0.1146123794
7 2 0 1  0.0000000007
7 2 2 1  0.0961660239
7 2 6 1  -0.0000000006
7 3 1 1  0.0000000007
7 3 3 1  0.0961660239
7 3 7 1  -0.0000000006
7 4 0 1  -0.0000000005
7 4 4 1  -0.0961660239
7 4 6 1  -0.0000000003
7 5 1 1  -0.0000000005
7 5 5 1  -0.0961660239
7 5 7 1  -0.0000000003
7 6 0 1  0.1146123794
7 6 2 1  -0.0000000006
7 6 4 1  -0.0000000003
7 7 1 1  0.1146123794
7 7 3 1  -0.0000000006
7 7 5 1  -0.0000000003
7 0 2 3  0.0145873209
7 0 4 3  0.0007187192
7 0 6 3  -0.0000000006
7 1 3 3  0.0145873209
7 1 5 3  0.0007187192
7 1 7 3  -0.0000000006
7 2 0 3  0.0145873209
7 2 2 3  -0.0000000011
7 2 4 3  -0.0000000001
7 2 6 3  0.0153567008
7 3 1 3  0.0145873209
7 3 3 3  -0.0000000011
7 3 5 3  -0.0000000001
7 3 7 3  0.0153567008
7 4 0 3  0.0007187192
7 4 2 3  -0.0000000001
7 4 4 3  0.0000000003
7 4 6 3  -0.0006050200
7 5 1 3  0.0007187192
7 5 3 3  -0.0000000001
7 5 5 3  0.0000000003
7 5 7 3  -0.0006050200
7 6 0 3  -0.0000000006
7 6 2 3  0.0153567008
7 6 4 3  -0.0006050200
7 6 6 3  -0.0000000002
7 7 1 3  -0.0000000006
7 7 3 3  0.0153567008
7 7 5 3  -0.0006050200
7 7 7 3  -0.0000000002
7 0 0 5  0.0000000002
7 0 2 5  -0.0007187192
7 0 4 5  -0.0145873209
7 0 6 5  -0.0000000003
7 1 1 5  0.0000000002
7 1 3 5  -0.0007187192
7 1 5 5  -0.0145873209
7 1 7 5  -0.0000000003
7 2 0 5  -0.0007187192
7 2 4 5  0.0000000002
7 2 6 5  -0.0006050200
7 3 1 5  -0.0007187192
7 3 5 5  0.0000000002
7 3 7 5  -0.0006050200
7 4 0 5  -0.0145873209
7 4 2 5  0.0000000002
7 4 4 5  0.0000000016
7 4 6 5  0.0153567008
7 5 1 5  -0.0145873209
7 5 3 5  0.0000000002
7 5 5 5  0.0000000016
7 5 7 5  0.0153567008
7 6 0 5  -0.0000000003
7 6 2 5  -0.0006050200
7 6 4 5  0.0153567008
7 6 6 5  0.0000000003
7 7 1 5  -0.0000000003
7 7 3 5  -0.0006050200
7 7 5 5  0.0153567008
7 7 7 5  0.0000000003
7 0 0 7  0.2392487198
7 0 2 7  -0.0000000003
7 0 4 7  -0.0000000004
7 1 1 7  0.2392487198
7 1 3 7  -0.0000000003
7 1 5 7  -0.0000000004
7 2 0 7  -0.0000000003
7 2 2 7  0.2035304023
7 2 4 7  -0.0001543276
7 2 6 7  -0.0000000002
7 3 1 7  -0.0000000003
7 3 3 7  0.2035304023
7 3 5 7  -0.0001543276
7 3 7 7  -0.0000000002
7 4 0 7  -0.0000000004
7 4 2 7  -0.0001543276
7 4 4 7  0.2035304023
7 4 6 7  0.0000000003
7 5 1 7  -0.0000000004
7 5 3 7  -0.0001543276
7 5 5 7  0.2035304023
7 5 7 7  0.0000000003
7 6 2 7  -0.0000000002
7 6 4 7  0.0000000003
7 6 6 7  0.2431410367
7 7 3 7  -0.0000000002
7 7 5 7  0.0000000003
7 7 7 7  0.2431410367

 E(Ref) = -77.4342477775 Hartree, <S**2> = 1.0000
 E(FCI) = -77.6304470930 Hartree, <S**2> = 0.0000
