 MO Integrals with frozen core/virtual approximation

-74.00088096431948
0 0  -1.5306028905
0 2  0.0000000063
0 4  0.0000000041
1 1  -1.5306028905
1 3  0.0000000063
1 5  0.0000000041
2 0  0.0000000063
2 2  -1.3078690411
2 4  -0.0078425992
2 6  -0.0000000040
3 1  0.0000000063
3 3  -1.3078690411
3 5  -0.0078425992
3 7  -0.0000000040
4 0  0.0000000041
4 2  -0.0078425992
4 4  -1.3078690413
4 6  0.0000000022
5 1  0.0000000041
5 3  -0.0078425992
5 5  -1.3078690413
5 7  0.0000000022
6 2  -0.0000000040
6 4  0.0000000022
6 6  -1.4243222284
7 3  -0.0000000040
7 5  0.0000000022
7 7  -1.4243222284
0 0 0 0  0.2404269398
0 0 2 0  -0.0000000003
0 0 4 0  -0.0000000002
0 1 1 0  0.2404269398
0 1 3 0  -0.0000000003
0 1 5 0  -0.0000000002
0 2 0 0  -0.0000000003
0 2 2 0  0.2008701219
0 2 4 0  -0.0000414446
0 2 6 0  0.0000000001
0 3 1 0  -0.0000000003
0 3 3 0  0.2008701219
0 3 5 0  -0.0000414446
0 3 7 0  0.0000000001
0 4 0 0  -0.0000000002
0 4 2 0  -0.0000414446
0 4 4 0  0.2008701219
0 4 6 0  -0.0000000001
0 5 1 0  -0.0000000002
0 5 3 0  -0.0000414446
0 5 5 0  0.2008701219
0 5 7 0  -0.0000000001
0 6 2 0  0.0000000001
0 6 4 0  -0.0000000001
0 6 6 0  0.2424159552
0 7 3 0  0.0000000001
0 7 5 0  -0.0000000001
0 7 7 0  0.2424159552
0 0 0 2  -0.0000000003
0 0 2 2  0.0138529032
0 0 4 2  0.0010054628
0 0 6 2  -0.0000000009
0 1 1 2  -0.0000000003
0 1 3 2  0.0138529032
0 1 5 2  0.0010054628
0 1 7 2  -0.0000000009
0 2 0 2  0.0138529032
0 2 4 2  -0.0000000001
0 2 6 2  -0.0146295314
0 3 1 2  0.0138529032
0 3 5 2  -0.0000000001
0 3 7 2  -0.0146295314
0 4 0 2  0.0010054628
0 4 2 2  -0.0000000001
0 4 4 2  -0.0000000011
0 4 6 2  0.0008205796
0 5 1 2  0.0010054628
0 5 3 2  -0.0000000001
0 5 5 2  -0.0000000011
0 5 7 2  0.0008205796
0 6 0 2  -0.0000000009
0 6 2 2  -0.0146295314
0 6 4 2  0.0008205796
0 6 6 2  -0.0000000005
0 7 1 2  -0.0000000009
0 7 3 2  -0.0146295314
0 7 5 2  0.0008205796
0 7 7 2  -0.0000000005
0 0 0 4  -0.0000000002
0 0 2 4  0.0010054628
0 0 4 4  0.0138529032
0 0 6 4  0.0000000007
0 1 1 4  -0.0000000002
0 1 3 4  0.0010054628
0 1 5 4  0.0138529032
0 1 7 4  0.0000000007
0 2 0 4  0.0010054628
0 2 2 4  -0.0000000009
0 2 4 4  -0.0000000002
0 2 6 4  -0.0008205796
0 3 1 4  0.0010054628
0 3 3 4  -0.0000000009
0 3 5 4  -0.0000000002
0 3 7 4  -0.0008205796
0 4 0 4  0.0138529032
0 4 2 4  -0.0000000002
0 4 4 4  0.0000000005
0 4 6 4  0.0146295314
0 5 1 4  0.0138529032
0 5 3 4  -0.0000000002
0 5 5 4  0.0000000005
0 5 7 4  0.0146295314
0 6 0 4  0.0000000007
0 6 2 4  -0.0008205796
0 6 4 4  0.0146295314
0 6 6 4  -0.0000000003
0 7 1 4  0.0000000007
0 7 3 4  -0.0008205796
0 7 5 4  0.0146295314
0 7 7 4  -0.0000000003
0 0 2 6  -0.0000000009
0 0 4 6  0.0000000007
0 0 6 6  0.1119142484
0 1 3 6  -0.0000000009
0 1 5 6  0.0000000007
0 1 7 6  0.1119142484
0 2 0 6  -0.0000000009
0 2 2 6  -0.0942093659
0 2 6 6  -0.0000000007
0 3 1 6  -0.0000000009
0 3 3 6  -0.0942093659
0 3 7 6  -0.0000000007
0 4 0 6  0.0000000007
0 4 4 6  0.0942093658
0 4 6 6  -0.0000000005
0 5 1 6  0.0000000007
0 5 5 6  0.0942093658
0 5 7 6  -0.0000000005
0 6 0 6  0.1119142484
0 6 2 6  -0.0000000007
0 6 4 6  -0.0000000005
0 7 1 6  0.1119142484
0 7 3 6  -0.0000000007
0 7 5 6  -0.0000000005
1 0 0 1  0.2404269398
1 0 2 1  -0.0000000003
1 0 4 1  -0.0000000002
1 1 1 1  0.2404269398
1 1 3 1  -0.0000000003
1 1 5 1  -0.0000000002
1 2 0 1  -0.0000000003
1 2 2 1  0.2008701219
1 2 4 1  -0.0000414446
1 2 6 1  0.0000000001
1 3 1 1  -0.0000000003
1 3 3 1  0.2008701219
1 3 5 1  -0.0000414446
1 3 7 1  0.0000000001
1 4 0 1  -0.0000000002
1 4 2 1  -0.0000414446
1 4 4 1  0.2008701219
1 4 6 1  -0.0000000001
1 5 1 1  -0.0000000002
1 5 3 1  -0.0000414446
1 5 5 1  0.2008701219
1 5 7 1  -0.0000000001
1 6 2 1  0.0000000001
1 6 4 1  -0.0000000001
1 6 6 1  0.2424159552
1 7 3 1  0.0000000001
1 7 5 1  -0.0000000001
1 7 7 1  0.2424159552
1 0 0 3  -0.0000000003
1 0 2 3  0.0138529032
1 0 4 3  0.0010054628
1 0 6 3  -0.0000000009
1 1 1 3  -0.0000000003
1 1 3 3  0.0138529032
1 1 5 3  0.0010054628
1 1 7 3  -0.0000000009
1 2 0 3  0.0138529032
1 2 4 3  -0.0000000001
1 2 6 3  -0.0146295314
1 3 1 3  0.0138529032
1 3 5 3  -0.0000000001
1 3 7 3  -0.0146295314
1 4 0 3  0.0010054628
1 4 2 3  -0.0000000001
1 4 4 3  -0.0000000011
1 4 6 3  0.0008205796
1 5 1 3  0.0010054628
1 5 3 3  -0.0000000001
1 5 5 3  -0.0000000011
1 5 7 3  0.0008205796
1 6 0 3  -0.0000000009
1 6 2 3  -0.0146295314
1 6 4 3  0.0008205796
1 6 6 3  -0.0000000005
1 7 1 3  -0.0000000009
1 7 3 3  -0.0146295314
1 7 5 3  0.0008205796
1 7 7 3  -0.0000000005
1 0 0 5  -0.0000000002
1 0 2 5  0.0010054628
1 0 4 5  0.0138529032
1 0 6 5  0.0000000007
1 1 1 5  -0.0000000002
1 1 3 5  0.0010054628
1 1 5 5  0.0138529032
1 1 7 5  0.0000000007
1 2 0 5  0.0010054628
1 2 2 5  -0.0000000009
1 2 4 5  -0.0000000002
1 2 6 5  -0.0008205796
1 3 1 5  0.0010054628
1 3 3 5  -0.0000000009
1 3 5 5  -0.0000000002
1 3 7 5  -0.0008205796
1 4 0 5  0.0138529032
1 4 2 5  -0.0000000002
1 4 4 5  0.0000000005
1 4 6 5  0.0146295314
1 5 1 5  0.0138529032
1 5 3 5  -0.0000000002
1 5 5 5  0.0000000005
1 5 7 5  0.0146295314
1 6 0 5  0.0000000007
1 6 2 5  -0.0008205796
1 6 4 5  0.0146295314
1 6 6 5  -0.0000000003
1 7 1 5  0.0000000007
1 7 3 5  -0.0008205796
1 7 5 5  0.0146295314
1 7 7 5  -0.0000000003
1 0 2 7  -0.0000000009
1 0 4 7  0.0000000007
1 0 6 7  0.1119142484
1 1 3 7  -0.0000000009
1 1 5 7  0.0000000007
1 1 7 7  0.1119142484
1 2 0 7  -0.0000000009
1 2 2 7  -0.0942093659
1 2 6 7  -0.0000000007
1 3 1 7  -0.0000000009
1 3 3 7  -0.0942093659
1 3 7 7  -0.0000000007
1 4 0 7  0.0000000007
1 4 4 7  0.0942093658
1 4 6 7  -0.0000000005
1 5 1 7  0.0000000007
1 5 5 7  0.0942093658
1 5 7 7  -0.0000000005
1 6 0 7  0.1119142484
1 6 2 7  -0.0000000007
1 6 4 7  -0.0000000005
1 7 1 7  0.1119142484
1 7 3 7  -0.0000000007
1 7 5 7  -0.0000000005
2 0 0 0  -0.0000000003
2 0 2 0  0.0138529032
2 0 4 0  0.0010054628
2 0 6 0  -0.0000000009
2 1 1 0  -0.0000000003
2 1 3 0  0.0138529032
2 1 5 0  0.0010054628
2 1 7 0  -0.0000000009
2 2 0 0  0.0138529032
2 2 4 0  -0.0000000001
2 2 6 0  -0.0146295314
2 3 1 0  0.0138529032
2 3 5 0  -0.0000000001
2 3 7 0  -0.0146295314
2 4 0 0  0.0010054628
2 4 2 0  -0.0000000001
2 4 4 0  -0.0000000011
2 4 6 0  0.0008205796
2 5 1 0  0.0010054628
2 5 3 0  -0.0000000001
2 5 5 0  -0.0000000011
2 5 7 0  0.0008205796
2 6 0 0  -0.0000000009
2 6 2 0  -0.0146295314
2 6 4 0  0.0008205796
2 6 6 0  -0.0000000005
2 7 1 0  -0.0000000009
2 7 3 0  -0.0146295314
2 7 5 0  0.0008205796
2 7 7 0  -0.0000000005
2 0 0 2  0.2008701219
2 0 4 2  -0.0000000009
2 0 6 2  -0.0942093659
2 1 1 2  0.2008701219
2 1 5 2  -0.0000000009
2 1 7 2  -0.0942093659
2 2 2 2  0.3366456138
2 2 4 2  -0.0005826134
2 2 6 2  0.0000000021
2 3 3 2  0.3366456138
2 3 5 2  -0.0005826134
2 3 7 2  0.0000000021
2 4 0 2  -0.0000000009
2 4 2 2  -0.0005826134
2 4 4 2  0.0945050884
2 4 6 2  0.0000000002
2 5 1 2  -0.0000000009
2 5 3 2  -0.0005826134
2 5 5 2  0.0945050884
2 5 7 2  0.0000000002
2 6 0 2  -0.0942093659
2 6 2 2  0.0000000021
2 6 4 2  0.0000000002
2 6 6 2  0.2060465172
2 7 1 2  -0.0942093659
2 7 3 2  0.0000000021
2 7 5 2  0.0000000002
2 7 7 2  0.2060465172
2 0 0 4  -0.0000414446
2 0 2 4  -0.0000000001
2 0 4 4  -0.0000000002
2 1 1 4  -0.0000414446
2 1 3 4  -0.0000000001
2 1 5 4  -0.0000000002
2 2 0 4  -0.0000000001
2 2 2 4  -0.0005826134
2 2 4 4  0.0000142307
2 2 6 4  0.0000000001
2 3 1 4  -0.0000000001
2 3 3 4  -0.0005826134
2 3 5 4  0.0000142307
2 3 7 4  0.0000000001
2 4 0 4  -0.0000000002
2 4 2 4  0.0000142307
2 4 4 4  -0.0005826134
2 4 6 4  -0.0000000002
2 5 1 4  -0.0000000002
2 5 3 4  0.0000142307
2 5 5 4  -0.0005826134
2 5 7 4  -0.0000000002
2 6 2 4  0.0000000001
2 6 4 4  -0.0000000002
2 6 6 4  -0.0001726035
2 7 3 4  0.0000000001
2 7 5 4  -0.0000000002
2 7 7 4  -0.0001726035
2 0 0 6  0.0000000001
2 0 2 6  -0.0146295314
2 0 4 6  -0.0008205796
2 0 6 6  -0.0000000007
2 1 1 6  0.0000000001
2 1 3 6  -0.0146295314
2 1 5 6  -0.0008205796
2 1 7 6  -0.0000000007
2 2 0 6  -0.0146295314
2 2 2 6  0.0000000021
2 2 4 6  0.0000000001
2 2 6 6  0.0155248789
2 3 1 6  -0.0146295314
2 3 3 6  0.0000000021
2 3 5 6  0.0000000001
2 3 7 6  0.0155248789
2 4 0 6  -0.0008205796
2 4 2 6  0.0000000001
2 4 4 6  -0.0000000004
2 4 6 6  -0.0006709888
2 5 1 6  -0.0008205796
2 5 3 6  0.0000000001
2 5 5 6  -0.0000000004
2 5 7 6  -0.0006709888
2 6 0 6  -0.0000000007
2 6 2 6  0.0155248789
2 6 4 6  -0.0006709888
2 6 6 6  0.0000000003
2 7 1 6  -0.0000000007
2 7 3 6  0.0155248789
2 7 5 6  -0.0006709888
2 7 7 6  0.0000000003
3 0 0 1  -0.0000000003
3 0 2 1  0.0138529032
3 0 4 1  0.0010054628
3 0 6 1  -0.0000000009
3 1 1 1  -0.0000000003
3 1 3 1  0.0138529032
3 1 5 1  0.0010054628
3 1 7 1  -0.0000000009
3 2 0 1  0.0138529032
3 2 4 1  -0.0000000001
3 2 6 1  -0.0146295314
3 3 1 1  0.0138529032
3 3 5 1  -0.0000000001
3 3 7 1  -0.0146295314
3 4 0 1  0.0010054628
3 4 2 1  -0.0000000001
3 4 4 1  -0.0000000011
3 4 6 1  0.0008205796
3 5 1 1  0.0010054628
3 5 3 1  -0.0000000001
3 5 5 1  -0.0000000011
3 5 7 1  0.0008205796
3 6 0 1  -0.0000000009
3 6 2 1  -0.0146295314
3 6 4 1  0.0008205796
3 6 6 1  -0.0000000005
3 7 1 1  -0.0000000009
3 7 3 1  -0.0146295314
3 7 5 1  0.0008205796
3 7 7 1  -0.0000000005
3 0 0 3  0.2008701219
3 0 4 3  -0.0000000009
3 0 6 3  -0.0942093659
3 1 1 3  0.2008701219
3 1 5 3  -0.0000000009
3 1 7 3  -0.0942093659
3 2 2 3  0.3366456138
3 2 4 3  -0.0005826134
3 2 6 3  0.0000000021
3 3 3 3  0.3366456138
3 3 5 3  -0.0005826134
3 3 7 3  0.0000000021
3 4 0 3  -0.0000000009
3 4 2 3  -0.0005826134
3 4 4 3  0.0945050884
3 4 6 3  0.0000000002
3 5 1 3  -0.0000000009
3 5 3 3  -0.0005826134
3 5 5 3  0.0945050884
3 5 7 3  0.0000000002
3 6 0 3  -0.0942093659
3 6 2 3  0.0000000021
3 6 4 3  0.0000000002
3 6 6 3  0.2060465172
3 7 1 3  -0.0942093659
3 7 3 3  0.0000000021
3 7 5 3  0.0000000002
3 7 7 3  0.2060465172
3 0 0 5  -0.0000414446
3 0 2 5  -0.0000000001
3 0 4 5  -0.0000000002
3 1 1 5  -0.0000414446
3 1 3 5  -0.0000000001
3 1 5 5  -0.0000000002
3 2 0 5  -0.0000000001
3 2 2 5  -0.0005826134
3 2 4 5  0.0000142307
3 2 6 5  0.0000000001
3 3 1 5  -0.0000000001
3 3 3 5  -0.0005826134
3 3 5 5  0.0000142307
3 3 7 5  0.0000000001
3 4 0 5  -0.0000000002
3 4 2 5  0.0000142307
3 4 4 5  -0.0005826134
3 4 6 5  -0.0000000002
3 5 1 5  -0.0000000002
3 5 3 5  0.0000142307
3 5 5 5  -0.0005826134
3 5 7 5  -0.0000000002
3 6 2 5  0.0000000001
3 6 4 5  -0.0000000002
3 6 6 5  -0.0001726035
3 7 3 5  0.0000000001
3 7 5 5  -0.0000000002
3 7 7 5  -0.0001726035
3 0 0 7  0.0000000001
3 0 2 7  -0.0146295314
3 0 4 7  -0.0008205796
3 0 6 7  -0.0000000007
3 1 1 7  0.0000000001
3 1 3 7  -0.0146295314
3 1 5 7  -0.0008205796
3 1 7 7  -0.0000000007
3 2 0 7  -0.0146295314
3 2 2 7  0.0000000021
3 2 4 7  0.0000000001
3 2 6 7  0.0155248789
3 3 1 7  -0.0146295314
3 3 3 7  0.0000000021
3 3 5 7  0.0000000001
3 3 7 7  0.0155248789
3 4 0 7  -0.0008205796
3 4 2 7  0.0000000001
3 4 4 7  -0.0000000004
3 4 6 7  -0.0006709888
3 5 1 7  -0.0008205796
3 5 3 7  0.0000000001
3 5 5 7  -0.0000000004
3 5 7 7  -0.0006709888
3 6 0 7  -0.0000000007
3 6 2 7  0.0155248789
3 6 4 7  -0.0006709888
3 6 6 7  0.0000000003
3 7 1 7  -0.0000000007
3 7 3 7  0.0155248789
3 7 5 7  -0.0006709888
3 7 7 7  0.0000000003
4 0 0 0  -0.0000000002
4 0 2 0  0.0010054628
4 0 4 0  0.0138529032
4 0 6 0  0.0000000007
4 1 1 0  -0.0000000002
4 1 3 0  0.0010054628
4 1 5 0  0.0138529032
4 1 7 0  0.0000000007
4 2 0 0  0.0010054628
4 2 2 0  -0.0000000009
4 2 4 0  -0.0000000002
4 2 6 0  -0.0008205796
4 3 1 0  0.0010054628
4 3 3 0  -0.0000000009
4 3 5 0  -0.0000000002
4 3 7 0  -0.0008205796
4 4 0 0  0.0138529032
4 4 2 0  -0.0000000002
4 4 4 0  0.0000000005
4 4 6 0  0.0146295314
4 5 1 0  0.0138529032
4 5 3 0  -0.0000000002
4 5 5 0  0.0000000005
4 5 7 0  0.0146295314
4 6 0 0  0.0000000007
4 6 2 0  -0.0008205796
4 6 4 0  0.0146295314
4 6 6 0  -0.0000000003
4 7 1 0  0.0000000007
4 7 3 0  -0.0008205796
4 7 5 0  0.0146295314
4 7 7 0  -0.0000000003
4 0 0 2  -0.0000414446
4 0 2 2  -0.0000000001
4 0 4 2  -0.0000000002
4 1 1 2  -0.0000414446
4 1 3 2  -0.0000000001
4 1 5 2  -0.0000000002
4 2 0 2  -0.0000000001
4 2 2 2  -0.0005826134
4 2 4 2  0.0000142307
4 2 6 2  0.0000000001
4 3 1 2  -0.0000000001
4 3 3 2  -0.0005826134
4 3 5 2  0.0000142307
4 3 7 2  0.0000000001
4 4 0 2  -0.0000000002
4 4 2 2  0.0000142307
4 4 4 2  -0.0005826134
4 4 6 2  -0.0000000002
4 5 1 2  -0.0000000002
4 5 3 2  0.0000142307
4 5 5 2  -0.0005826134
4 5 7 2  -0.0000000002
4 6 2 2  0.0000000001
4 6 4 2  -0.0000000002
4 6 6 2  -0.0001726035
4 7 3 2  0.0000000001
4 7 5 2  -0.0000000002
4 7 7 2  -0.0001726035
4 0 0 4  0.2008701219
4 0 2 4  -0.0000000011
4 0 4 4  0.0000000005
4 0 6 4  0.0942093658
4 1 1 4  0.2008701219
4 1 3 4  -0.0000000011
4 1 5 4  0.0000000005
4 1 7 4  0.0942093658
4 2 0 4  -0.0000000011
4 2 2 4  0.0945050884
4 2 4 4  -0.0005826134
4 2 6 4  -0.0000000004
4 3 1 4  -0.0000000011
4 3 3 4  0.0945050884
4 3 5 4  -0.0005826134
4 3 7 4  -0.0000000004
4 4 0 4  0.0000000005
4 4 2 4  -0.0005826134
4 4 4 4  0.3366456138
4 4 6 4  -0.0000000010
4 5 1 4  0.0000000005
4 5 3 4  -0.0005826134
4 5 5 4  0.3366456138
4 5 7 4  -0.0000000010
4 6 0 4  0.0942093658
4 6 2 4  -0.0000000004
4 6 4 4  -0.0000000010
4 6 6 4  0.2060465172
4 7 1 4  0.0942093658
4 7 3 4  -0.0000000004
4 7 5 4  -0.0000000010
4 7 7 4  0.2060465172
4 0 0 6  -0.0000000001
4 0 2 6  0.0008205796
4 0 4 6  0.0146295314
4 0 6 6  -0.0000000005
4 1 1 6  -0.0000000001
4 1 3 6  0.0008205796
4 1 5 6  0.0146295314
4 1 7 6  -0.0000000005
4 2 0 6  0.0008205796
4 2 2 6  0.0000000002
4 2 4 6  -0.0000000002
4 2 6 6  -0.0006709888
4 3 1 6  0.0008205796
4 3 3 6  0.0000000002
4 3 5 6  -0.0000000002
4 3 7 6  -0.0006709888
4 4 0 6  0.0146295314
4 4 2 6  -0.0000000002
4 4 4 6  -0.0000000010
4 4 6 6  0.0155248789
4 5 1 6  0.0146295314
4 5 3 6  -0.0000000002
4 5 5 6  -0.0000000010
4 5 7 6  0.0155248789
4 6 0 6  -0.0000000005
4 6 2 6  -0.0006709888
4 6 4 6  0.0155248789
4 6 6 6  -0.0000000003
4 7 1 6  -0.0000000005
4 7 3 6  -0.0006709888
4 7 5 6  0.0155248789
4 7 7 6  -0.0000000003
5 0 0 1  -0.0000000002
5 0 2 1  0.0010054628
5 0 4 1  0.0138529032
5 0 6 1  0.0000000007
5 1 1 1  -0.0000000002
5 1 3 1  0.0010054628
5 1 5 1  0.0138529032
5 1 7 1  0.0000000007
5 2 0 1  0.0010054628
5 2 2 1  -0.0000000009
5 2 4 1  -0.0000000002
5 2 6 1  -0.0008205796
5 3 1 1  0.0010054628
5 3 3 1  -0.0000000009
5 3 5 1  -0.0000000002
5 3 7 1  -0.0008205796
5 4 0 1  0.0138529032
5 4 2 1  -0.0000000002
5 4 4 1  0.0000000005
5 4 6 1  0.0146295314
5 5 1 1  0.0138529032
5 5 3 1  -0.0000000002
5 5 5 1  0.0000000005
5 5 7 1  0.0146295314
5 6 0 1  0.0000000007
5 6 2 1  -0.0008205796
5 6 4 1  0.0146295314
5 6 6 1  -0.0000000003
5 7 1 1  0.0000000007
5 7 3 1  -0.0008205796
5 7 5 1  0.0146295314
5 7 7 1  -0.0000000003
5 0 0 3  -0.0000414446
5 0 2 3  -0.0000000001
5 0 4 3  -0.0000000002
5 1 1 3  -0.0000414446
5 1 3 3  -0.0000000001
5 1 5 3  -0.0000000002
5 2 0 3  -0.0000000001
5 2 2 3  -0.0005826134
5 2 4 3  0.0000142307
5 2 6 3  0.0000000001
5 3 1 3  -0.0000000001
5 3 3 3  -0.0005826134
5 3 5 3  0.0000142307
5 3 7 3  0.0000000001
5 4 0 3  -0.0000000002
5 4 2 3  0.0000142307
5 4 4 3  -0.0005826134
5 4 6 3  -0.0000000002
5 5 1 3  -0.0000000002
5 5 3 3  0.0000142307
5 5 5 3  -0.0005826134
5 5 7 3  -0.0000000002
5 6 2 3  0.0000000001
5 6 4 3  -0.0000000002
5 6 6 3  -0.0001726035
5 7 3 3  0.0000000001
5 7 5 3  -0.0000000002
5 7 7 3  -0.0001726035
5 0 0 5  0.2008701219
5 0 2 5  -0.0000000011
5 0 4 5  0.0000000005
5 0 6 5  0.0942093658
5 1 1 5  0.2008701219
5 1 3 5  -0.0000000011
5 1 5 5  0.0000000005
5 1 7 5  0.0942093658
5 2 0 5  -0.0000000011
5 2 2 5  0.0945050884
5 2 4 5  -0.0005826134
5 2 6 5  -0.0000000004
5 3 1 5  -0.0000000011
5 3 3 5  0.0945050884
5 3 5 5  -0.0005826134
5 3 7 5  -0.0000000004
5 4 0 5  0.0000000005
5 4 2 5  -0.0005826134
5 4 4 5  0.3366456138
5 4 6 5  -0.0000000010
5 5 1 5  0.0000000005
5 5 3 5  -0.0005826134
5 5 5 5  0.3366456138
5 5 7 5  -0.0000000010
5 6 0 5  0.0942093658
5 6 2 5  -0.0000000004
5 6 4 5  -0.0000000010
5 6 6 5  0.2060465172
5 7 1 5  0.0942093658
5 7 3 5  -0.0000000004
5 7 5 5  -0.0000000010
5 7 7 5  0.2060465172
5 0 0 7  -0.0000000001
5 0 2 7  0.0008205796
5 0 4 7  0.0146295314
5 0 6 7  -0.0000000005
5 1 1 7  -0.0000000001
5 1 3 7  0.0008205796
5 1 5 7  0.0146295314
5 1 7 7  -0.0000000005
5 2 0 7  0.0008205796
5 2 2 7  0.0000000002
5 2 4 7  -0.0000000002
5 2 6 7  -0.0006709888
5 3 1 7  0.0008205796
5 3 3 7  0.0000000002
5 3 5 7  -0.0000000002
5 3 7 7  -0.0006709888
5 4 0 7  0.0146295314
5 4 2 7  -0.0000000002
5 4 4 7  -0.0000000010
5 4 6 7  0.0155248789
5 5 1 7  0.0146295314
5 5 3 7  -0.0000000002
5 5 5 7  -0.0000000010
5 5 7 7  0.0155248789
5 6 0 7  -0.0000000005
5 6 2 7  -0.0006709888
5 6 4 7  0.0155248789
5 6 6 7  -0.0000000003
5 7 1 7  -0.0000000005
5 7 3 7  -0.0006709888
5 7 5 7  0.0155248789
5 7 7 7  -0.0000000003
6 0 2 0  -0.0000000009
6 0 4 0  0.0000000007
6 0 6 0  0.1119142484
6 1 3 0  -0.0000000009
6 1 5 0  0.0000000007
6 1 7 0  0.1119142484
6 2 0 0  -0.0000000009
6 2 2 0  -0.0942093659
6 2 6 0  -0.0000000007
6 3 1 0  -0.0000000009
6 3 3 0  -0.0942093659
6 3 7 0  -0.0000000007
6 4 0 0  0.0000000007
6 4 4 0  0.0942093658
6 4 6 0  -0.0000000005
6 5 1 0  0.0000000007
6 5 5 0  0.0942093658
6 5 7 0  -0.0000000005
6 6 0 0  0.1119142484
6 6 2 0  -0.0000000007
6 6 4 0  -0.0000000005
6 7 1 0  0.1119142484
6 7 3 0  -0.0000000007
6 7 5 0  -0.0000000005
6 0 0 2  0.0000000001
6 0 2 2  -0.0146295314
6 0 4 2  -0.0008205796
6 0 6 2  -0.0000000007
6 1 1 2  0.0000000001
6 1 3 2  -0.0146295314
6 1 5 2  -0.0008205796
6 1 7 2  -0.0000000007
6 2 0 2  -0.0146295314
6 2 2 2  0.0000000021
6 2 4 2  0.0000000001
6 2 6 2  0.0155248789
6 3 1 2  -0.0146295314
6 3 3 2  0.0000000021
6 3 5 2  0.0000000001
6 3 7 2  0.0155248789
6 4 0 2  -0.0008205796
6 4 2 2  0.0000000001
6 4 4 2  -0.0000000004
6 4 6 2  -0.0006709888
6 5 1 2  -0.0008205796
6 5 3 2  0.0000000001
6 5 5 2  -0.0000000004
6 5 7 2  -0.0006709888
6 6 0 2  -0.0000000007
6 6 2 2  0.0155248789
6 6 4 2  -0.0006709888
6 6 6 2  0.0000000003
6 7 1 2  -0.0000000007
6 7 3 2  0.0155248789
6 7 5 2  -0.0006709888
6 7 7 2  0.0000000003
6 0 0 4  -0.0000000001
6 0 2 4  0.0008205796
6 0 4 4  0.0146295314
6 0 6 4  -0.0000000005
6 1 1 4  -0.0000000001
6 1 3 4  0.0008205796
6 1 5 4  0.0146295314
6 1 7 4  -0.0000000005
6 2 0 4  0.0008205796
6 2 2 4  0.0000000002
6 2 4 4  -0.0000000002
6 2 6 4  -0.0006709888
6 3 1 4  0.0008205796
6 3 3 4  0.0000000002
6 3 5 4  -0.0000000002
6 3 7 4  -0.0006709888
6 4 0 4  0.0146295314
6 4 2 4  -0.0000000002
6 4 4 4  -0.0000000010
6 4 6 4  0.0155248789
6 5 1 4  0.0146295314
6 5 3 4  -0.0000000002
6 5 5 4  -0.0000000010
6 5 7 4  0.0155248789
6 6 0 4  -0.0000000005
6 6 2 4  -0.0006709888
6 6 4 4  0.0155248789
6 6 6 4  -0.0000000003
6 7 1 4  -0.0000000005
6 7 3 4  -0.0006709888
6 7 5 4  0.0155248789
6 7 7 4  -0.0000000003
6 0 0 6  0.2424159552
6 0 2 6  -0.0000000005
6 0 4 6  -0.0000000003
6 1 1 6  0.2424159552
6 1 3 6  -0.0000000005
6 1 5 6  -0.0000000003
6 2 0 6  -0.0000000005
6 2 2 6  0.2060465172
6 2 4 6  -0.0001726035
6 2 6 6  0.0000000003
6 3 1 6  -0.0000000005
6 3 3 6  0.2060465172
6 3 5 6  -0.0001726035
6 3 7 6  0.0000000003
6 4 0 6  -0.0000000003
6 4 2 6  -0.0001726035
6 4 4 6  0.2060465172
6 4 6 6  -0.0000000003
6 5 1 6  -0.0000000003
6 5 3 6  -0.0001726035
6 5 5 6  0.2060465172
6 5 7 6  -0.0000000003
6 6 2 6  0.0000000003
6 6 4 6  -0.0000000003
6 6 6 6  0.2466762063
6 7 3 6  0.0000000003
6 7 5 6  -0.0000000003
6 7 7 6  0.2466762063
7 0 2 1  -0.0000000009
7 0 4 1  0.0000000007
7 0 6 1  0.1119142484
7 1 3 1  -0.0000000009
7 1 5 1  0.0000000007
7 1 7 1  0.1119142484
7 2 0 1  -0.0000000009
7 2 2 1  -0.0942093659
7 2 6 1  -0.0000000007
7 3 1 1  -0.0000000009
7 3 3 1  -0.0942093659
7 3 7 1  -0.0000000007
7 4 0 1  0.0000000007
7 4 4 1  0.0942093658
7 4 6 1  -0.0000000005
7 5 1 1  0.0000000007
7 5 5 1  0.0942093658
7 5 7 1  -0.0000000005
7 6 0 1  0.1119142484
7 6 2 1  -0.0000000007
7 6 4 1  -0.0000000005
7 7 1 1  0.1119142484
7 7 3 1  -0.0000000007
7 7 5 1  -0.0000000005
7 0 0 3  0.0000000001
7 0 2 3  -0.0146295314
7 0 4 3  -0.0008205796
7 0 6 3  -0.0000000007
7 1 1 3  0.0000000001
7 1 3 3  -0.0146295314
7 1 5 3  -0.0008205796
7 1 7 3  -0.0000000007
7 2 0 3  -0.0146295314
7 2 2 3  0.0000000021
7 2 4 3  0.0000000001
7 2 6 3  0.0155248789
7 3 1 3  -0.0146295314
7 3 3 3  0.0000000021
7 3 5 3  0.0000000001
7 3 7 3  0.0155248789
7 4 0 3  -0.0008205796
7 4 2 3  0.0000000001
7 4 4 3  -0.0000000004
7 4 6 3  -0.0006709888
7 5 1 3  -0.0008205796
7 5 3 3  0.0000000001
7 5 5 3  -0.0000000004
7 5 7 3  -0.0006709888
7 6 0 3  -0.0000000007
7 6 2 3  0.0155248789
7 6 4 3  -0.0006709888
7 6 6 3  0.0000000003
7 7 1 3  -0.0000000007
7 7 3 3  0.0155248789
7 7 5 3  -0.0006709888
7 7 7 3  0.0000000003
7 0 0 5  -0.0000000001
7 0 2 5  0.0008205796
7 0 4 5  0.0146295314
7 0 6 5  -0.0000000005
7 1 1 5  -0.0000000001
7 1 3 5  0.0008205796
7 1 5 5  0.0146295314
7 1 7 5  -0.0000000005
7 2 0 5  0.0008205796
7 2 2 5  0.0000000002
7 2 4 5  -0.0000000002
7 2 6 5  -0.0006709888
7 3 1 5  0.0008205796
7 3 3 5  0.0000000002
7 3 5 5  -0.0000000002
7 3 7 5  -0.0006709888
7 4 0 5  0.0146295314
7 4 2 5  -0.0000000002
7 4 4 5  -0.0000000010
7 4 6 5  0.0155248789
7 5 1 5  0.0146295314
7 5 3 5  -0.0000000002
7 5 5 5  -0.0000000010
7 5 7 5  0.0155248789
7 6 0 5  -0.0000000005
7 6 2 5  -0.0006709888
7 6 4 5  0.0155248789
7 6 6 5  -0.0000000003
7 7 1 5  -0.0000000005
7 7 3 5  -0.0006709888
7 7 5 5  0.0155248789
7 7 7 5  -0.0000000003
7 0 0 7  0.2424159552
7 0 2 7  -0.0000000005
7 0 4 7  -0.0000000003
7 1 1 7  0.2424159552
7 1 3 7  -0.0000000005
7 1 5 7  -0.0000000003
7 2 0 7  -0.0000000005
7 2 2 7  0.2060465172
7 2 4 7  -0.0001726035
7 2 6 7  0.0000000003
7 3 1 7  -0.0000000005
7 3 3 7  0.2060465172
7 3 5 7  -0.0001726035
7 3 7 7  0.0000000003
7 4 0 7  -0.0000000003
7 4 2 7  -0.0001726035
7 4 4 7  0.2060465172
7 4 6 7  -0.0000000003
7 5 1 7  -0.0000000003
7 5 3 7  -0.0001726035
7 5 5 7  0.2060465172
7 5 7 7  -0.0000000003
7 6 2 7  0.0000000003
7 6 4 7  -0.0000000003
7 6 6 7  0.2466762063
7 7 3 7  0.0000000003
7 7 5 7  -0.0000000003
7 7 7 7  0.2466762063

 E(Ref) = -77.4564114087 Hartree, <S**2> = 1.0000
 E(FCI) = -77.6344958422 Hartree, <S**2> = -0.0000
