 MO Integrals with frozen core/virtual approximation

-73.62278427327321
0 0  -1.8688555696
0 2  -0.0000000066
0 4  -0.0000000043
0 6  -0.0032354170
1 1  -1.8688555696
1 3  -0.0000000066
1 5  -0.0000000043
1 7  -0.0032354170
2 0  -0.0000000066
2 2  -1.4542753684
2 4  -0.0387984665
2 6  0.0000000014
3 1  -0.0000000066
3 3  -1.4542753684
3 5  -0.0387984665
3 7  0.0000000014
4 0  -0.0000000043
4 2  -0.0387984665
4 4  -1.4542753691
4 6  -0.0000000012
5 1  -0.0000000043
5 3  -0.0387984665
5 5  -1.4542753691
5 7  -0.0000000012
6 0  -0.0032354170
6 2  0.0000000014
6 4  -0.0000000012
6 6  -1.4846990991
7 1  -0.0032354170
7 3  0.0000000014
7 5  -0.0000000012
7 7  -1.4846990991
0 0 0 0  0.2853328007
0 0 2 0  0.0000000005
0 0 4 0  0.0000000002
0 0 6 0  -0.0000670037
0 1 1 0  0.2853328007
0 1 3 0  0.0000000005
0 1 5 0  0.0000000002
0 1 7 0  -0.0000670037
0 2 0 0  0.0000000005
0 2 2 0  0.2234465605
0 2 4 0  0.0010343417
0 2 6 0  -0.0000000008
0 3 1 0  0.0000000005
0 3 3 0  0.2234465605
0 3 5 0  0.0010343417
0 3 7 0  -0.0000000008
0 4 0 0  0.0000000002
0 4 2 0  0.0010343417
0 4 4 0  0.2234465605
0 4 6 0  0.0000000003
0 5 1 0  0.0000000002
0 5 3 0  0.0010343417
0 5 5 0  0.2234465605
0 5 7 0  0.0000000003
0 6 0 0  -0.0000670037
0 6 2 0  -0.0000000008
0 6 4 0  0.0000000003
0 6 6 0  0.2769859867
0 7 1 0  -0.0000670037
0 7 3 0  -0.0000000008
0 7 5 0  0.0000000003
0 7 7 0  0.2769859867
0 0 0 2  0.0000000005
0 0 2 2  0.0152236006
0 0 4 2  0.0035515204
0 0 6 2  -0.0000000003
0 1 1 2  0.0000000005
0 1 3 2  0.0152236006
0 1 5 2  0.0035515204
0 1 7 2  -0.0000000003
0 2 0 2  0.0152236006
0 2 2 2  0.0000000013
0 2 4 2  -0.0000000001
0 2 6 2  -0.0161078121
0 3 1 2  0.0152236006
0 3 3 2  0.0000000013
0 3 5 2  -0.0000000001
0 3 7 2  -0.0161078121
0 4 0 2  0.0035515204
0 4 2 2  -0.0000000001
0 4 6 2  0.0022953620
0 5 1 2  0.0035515204
0 5 3 2  -0.0000000001
0 5 7 2  0.0022953620
0 6 0 2  -0.0000000003
0 6 2 2  -0.0161078121
0 6 4 2  0.0022953620
0 7 1 2  -0.0000000003
0 7 3 2  -0.0161078121
0 7 5 2  0.0022953620
0 0 0 4  0.0000000002
0 0 2 4  0.0035515204
0 0 4 4  0.0152236006
0 0 6 4  0.0000000002
0 1 1 4  0.0000000002
0 1 3 4  0.0035515204
0 1 5 4  0.0152236006
0 1 7 4  0.0000000002
0 2 0 4  0.0035515204
0 2 2 4  0.0000000002
0 2 4 4  -0.0000000001
0 2 6 4  -0.0022953620
0 3 1 4  0.0035515204
0 3 3 4  0.0000000002
0 3 5 4  -0.0000000001
0 3 7 4  -0.0022953620
0 4 0 4  0.0152236006
0 4 2 4  -0.0000000001
0 4 4 4  0.0000000009
0 4 6 4  0.0161078121
0 5 1 4  0.0152236006
0 5 3 4  -0.0000000001
0 5 5 4  0.0000000009
0 5 7 4  0.0161078121
0 6 0 4  0.0000000002
0 6 2 4  -0.0022953620
0 6 4 4  0.0161078121
0 6 6 4  -0.0000000001
0 7 1 4  0.0000000002
0 7 3 4  -0.0022953620
0 7 5 4  0.0161078121
0 7 7 4  -0.0000000001
0 0 0 6  -0.0000670037
0 0 2 6  -0.0000000003
0 0 4 6  0.0000000002
0 0 6 6  0.0902924279
0 1 1 6  -0.0000670037
0 1 3 6  -0.0000000003
0 1 5 6  0.0000000002
0 1 7 6  0.0902924279
0 2 0 6  -0.0000000003
0 2 2 6  -0.0779072304
0 2 6 6  -0.0000000010
0 3 1 6  -0.0000000003
0 3 3 6  -0.0779072304
0 3 7 6  -0.0000000010
0 4 0 6  0.0000000002
0 4 4 6  0.0779072304
0 4 6 6  -0.0000000006
0 5 1 6  0.0000000002
0 5 5 6  0.0779072304
0 5 7 6  -0.0000000006
0 6 0 6  0.0902924279
0 6 2 6  -0.0000000010
0 6 4 6  -0.0000000006
0 6 6 6  -0.0000988473
0 7 1 6  0.0902924279
0 7 3 6  -0.0000000010
0 7 5 6  -0.0000000006
0 7 7 6  -0.0000988473
1 0 0 1  0.2853328007
1 0 2 1  0.0000000005
1 0 4 1  0.0000000002
1 0 6 1  -0.0000670037
1 1 1 1  0.2853328007
1 1 3 1  0.0000000005
1 1 5 1  0.0000000002
1 1 7 1  -0.0000670037
1 2 0 1  0.0000000005
1 2 2 1  0.2234465605
1 2 4 1  0.0010343417
1 2 6 1  -0.0000000008
1 3 1 1  0.0000000005
1 3 3 1  0.2234465605
1 3 5 1  0.0010343417
1 3 7 1  -0.0000000008
1 4 0 1  0.0000000002
1 4 2 1  0.0010343417
1 4 4 1  0.2234465605
1 4 6 1  0.0000000003
1 5 1 1  0.0000000002
1 5 3 1  0.0010343417
1 5 5 1  0.2234465605
1 5 7 1  0.0000000003
1 6 0 1  -0.0000670037
1 6 2 1  -0.0000000008
1 6 4 1  0.0000000003
1 6 6 1  0.2769859867
1 7 1 1  -0.0000670037
1 7 3 1  -0.0000000008
1 7 5 1  0.0000000003
1 7 7 1  0.2769859867
1 0 0 3  0.0000000005
1 0 2 3  0.0152236006
1 0 4 3  0.0035515204
1 0 6 3  -0.0000000003
1 1 1 3  0.0000000005
1 1 3 3  0.0152236006
1 1 5 3  0.0035515204
1 1 7 3  -0.0000000003
1 2 0 3  0.0152236006
1 2 2 3  0.0000000013
1 2 4 3  -0.0000000001
1 2 6 3  -0.0161078121
1 3 1 3  0.0152236006
1 3 3 3  0.0000000013
1 3 5 3  -0.0000000001
1 3 7 3  -0.0161078121
1 4 0 3  0.0035515204
1 4 2 3  -0.0000000001
1 4 6 3  0.0022953620
1 5 1 3  0.0035515204
1 5 3 3  -0.0000000001
1 5 7 3  0.0022953620
1 6 0 3  -0.0000000003
1 6 2 3  -0.0161078121
1 6 4 3  0.0022953620
1 7 1 3  -0.0000000003
1 7 3 3  -0.0161078121
1 7 5 3  0.0022953620
1 0 0 5  0.0000000002
1 0 2 5  0.0035515204
1 0 4 5  0.0152236006
1 0 6 5  0.0000000002
1 1 1 5  0.0000000002
1 1 3 5  0.0035515204
1 1 5 5  0.0152236006
1 1 7 5  0.0000000002
1 2 0 5  0.0035515204
1 2 2 5  0.0000000002
1 2 4 5  -0.0000000001
1 2 6 5  -0.0022953620
1 3 1 5  0.0035515204
1 3 3 5  0.0000000002
1 3 5 5  -0.0000000001
1 3 7 5  -0.0022953620
1 4 0 5  0.0152236006
1 4 2 5  -0.0000000001
1 4 4 5  0.0000000009
1 4 6 5  0.0161078121
1 5 1 5  0.0152236006
1 5 3 5  -0.0000000001
1 5 5 5  0.0000000009
1 5 7 5  0.0161078121
1 6 0 5  0.0000000002
1 6 2 5  -0.0022953620
1 6 4 5  0.0161078121
1 6 6 5  -0.0000000001
1 7 1 5  0.0000000002
1 7 3 5  -0.0022953620
1 7 5 5  0.0161078121
1 7 7 5  -0.0000000001
1 0 0 7  -0.0000670037
1 0 2 7  -0.0000000003
1 0 4 7  0.0000000002
1 0 6 7  0.0902924279
1 1 1 7  -0.0000670037
1 1 3 7  -0.0000000003
1 1 5 7  0.0000000002
1 1 7 7  0.0902924279
1 2 0 7  -0.0000000003
1 2 2 7  -0.0779072304
1 2 6 7  -0.0000000010
1 3 1 7  -0.0000000003
1 3 3 7  -0.0779072304
1 3 7 7  -0.0000000010
1 4 0 7  0.0000000002
1 4 4 7  0.0779072304
1 4 6 7  -0.0000000006
1 5 1 7  0.0000000002
1 5 5 7  0.0779072304
1 5 7 7  -0.0000000006
1 6 0 7  0.0902924279
1 6 2 7  -0.0000000010
1 6 4 7  -0.0000000006
1 6 6 7  -0.0000988473
1 7 1 7  0.0902924279
1 7 3 7  -0.0000000010
1 7 5 7  -0.0000000006
1 7 7 7  -0.0000988473
2 0 0 0  0.0000000005
2 0 2 0  0.0152236006
2 0 4 0  0.0035515204
2 0 6 0  -0.0000000003
2 1 1 0  0.0000000005
2 1 3 0  0.0152236006
2 1 5 0  0.0035515204
2 1 7 0  -0.0000000003
2 2 0 0  0.0152236006
2 2 2 0  0.0000000013
2 2 4 0  -0.0000000001
2 2 6 0  -0.0161078121
2 3 1 0  0.0152236006
2 3 3 0  0.0000000013
2 3 5 0  -0.0000000001
2 3 7 0  -0.0161078121
2 4 0 0  0.0035515204
2 4 2 0  -0.0000000001
2 4 6 0  0.0022953620
2 5 1 0  0.0035515204
2 5 3 0  -0.0000000001
2 5 7 0  0.0022953620
2 6 0 0  -0.0000000003
2 6 2 0  -0.0161078121
2 6 4 0  0.0022953620
2 7 1 0  -0.0000000003
2 7 3 0  -0.0161078121
2 7 5 0  0.0022953620
2 0 0 2  0.2234465605
2 0 2 2  0.0000000013
2 0 4 2  0.0000000002
2 0 6 2  -0.0779072304
2 1 1 2  0.2234465605
2 1 3 2  0.0000000013
2 1 5 2  0.0000000002
2 1 7 2  -0.0779072304
2 2 0 2  0.0000000013
2 2 2 2  0.3372534354
2 2 4 2  -0.0016080859
2 2 6 2  -0.0000000001
2 3 1 2  0.0000000013
2 3 3 2  0.3372534354
2 3 5 2  -0.0016080859
2 3 7 2  -0.0000000001
2 4 0 2  0.0000000002
2 4 2 2  -0.0016080859
2 4 4 2  0.1240743888
2 4 6 2  0.0000000008
2 5 1 2  0.0000000002
2 5 3 2  -0.0016080859
2 5 5 2  0.1240743888
2 5 7 2  0.0000000008
2 6 0 2  -0.0779072304
2 6 2 2  -0.0000000001
2 6 4 2  0.0000000008
2 6 6 2  0.2304786904
2 7 1 2  -0.0779072304
2 7 3 2  -0.0000000001
2 7 5 2  0.0000000008
2 7 7 2  0.2304786904
2 0 0 4  0.0010343417
2 0 2 4  -0.0000000001
2 0 4 4  -0.0000000001
2 1 1 4  0.0010343417
2 1 3 4  -0.0000000001
2 1 5 4  -0.0000000001
2 2 0 4  -0.0000000001
2 2 2 4  -0.0016080859
2 2 4 4  0.0002304061
2 2 6 4  0.0000000001
2 3 1 4  -0.0000000001
2 3 3 4  -0.0016080859
2 3 5 4  0.0002304061
2 3 7 4  0.0000000001
2 4 0 4  -0.0000000001
2 4 2 4  0.0002304061
2 4 4 4  -0.0016080859
2 4 6 4  -0.0000000001
2 5 1 4  -0.0000000001
2 5 3 4  0.0002304061
2 5 5 4  -0.0016080859
2 5 7 4  -0.0000000001
2 6 2 4  0.0000000001
2 6 4 4  -0.0000000001
2 6 6 4  -0.0001707154
2 7 3 4  0.0000000001
2 7 5 4  -0.0000000001
2 7 7 4  -0.0001707154
2 0 0 6  -0.0000000008
2 0 2 6  -0.0161078121
2 0 4 6  -0.0022953620
2 0 6 6  -0.0000000010
2 1 1 6  -0.0000000008
2 1 3 6  -0.0161078121
2 1 5 6  -0.0022953620
2 1 7 6  -0.0000000010
2 2 0 6  -0.0161078121
2 2 2 6  -0.0000000001
2 2 4 6  0.0000000001
2 2 6 6  0.0178289900
2 3 1 6  -0.0161078121
2 3 3 6  -0.0000000001
2 3 5 6  0.0000000001
2 3 7 6  0.0178289900
2 4 0 6  -0.0022953620
2 4 2 6  0.0000000001
2 4 4 6  -0.0000000014
2 4 6 6  -0.0014345403
2 5 1 6  -0.0022953620
2 5 3 6  0.0000000001
2 5 5 6  -0.0000000014
2 5 7 6  -0.0014345403
2 6 0 6  -0.0000000010
2 6 2 6  0.0178289900
2 6 4 6  -0.0014345403
2 6 6 6  -0.0000000003
2 7 1 6  -0.0000000010
2 7 3 6  0.0178289900
2 7 5 6  -0.0014345403
2 7 7 6  -0.0000000003
3 0 0 1  0.0000000005
3 0 2 1  0.0152236006
3 0 4 1  0.0035515204
3 0 6 1  -0.0000000003
3 1 1 1  0.0000000005
3 1 3 1  0.0152236006
3 1 5 1  0.0035515204
3 1 7 1  -0.0000000003
3 2 0 1  0.0152236006
3 2 2 1  0.0000000013
3 2 4 1  -0.0000000001
3 2 6 1  -0.0161078121
3 3 1 1  0.0152236006
3 3 3 1  0.0000000013
3 3 5 1  -0.0000000001
3 3 7 1  -0.0161078121
3 4 0 1  0.0035515204
3 4 2 1  -0.0000000001
3 4 6 1  0.0022953620
3 5 1 1  0.0035515204
3 5 3 1  -0.0000000001
3 5 7 1  0.0022953620
3 6 0 1  -0.0000000003
3 6 2 1  -0.0161078121
3 6 4 1  0.0022953620
3 7 1 1  -0.0000000003
3 7 3 1  -0.0161078121
3 7 5 1  0.0022953620
3 0 0 3  0.2234465605
3 0 2 3  0.0000000013
3 0 4 3  0.0000000002
3 0 6 3  -0.0779072304
3 1 1 3  0.2234465605
3 1 3 3  0.0000000013
3 1 5 3  0.0000000002
3 1 7 3  -0.0779072304
3 2 0 3  0.0000000013
3 2 2 3  0.3372534354
3 2 4 3  -0.0016080859
3 2 6 3  -0.0000000001
3 3 1 3  0.0000000013
3 3 3 3  0.3372534354
3 3 5 3  -0.0016080859
3 3 7 3  -0.0000000001
3 4 0 3  0.0000000002
3 4 2 3  -0.0016080859
3 4 4 3  0.1240743888
3 4 6 3  0.0000000008
3 5 1 3  0.0000000002
3 5 3 3  -0.0016080859
3 5 5 3  0.1240743888
3 5 7 3  0.0000000008
3 6 0 3  -0.0779072304
3 6 2 3  -0.0000000001
3 6 4 3  0.0000000008
3 6 6 3  0.2304786904
3 7 1 3  -0.0779072304
3 7 3 3  -0.0000000001
3 7 5 3  0.0000000008
3 7 7 3  0.2304786904
3 0 0 5  0.0010343417
3 0 2 5  -0.0000000001
3 0 4 5  -0.0000000001
3 1 1 5  0.0010343417
3 1 3 5  -0.0000000001
3 1 5 5  -0.0000000001
3 2 0 5  -0.0000000001
3 2 2 5  -0.0016080859
3 2 4 5  0.0002304061
3 2 6 5  0.0000000001
3 3 1 5  -0.0000000001
3 3 3 5  -0.0016080859
3 3 5 5  0.0002304061
3 3 7 5  0.0000000001
3 4 0 5  -0.0000000001
3 4 2 5  0.0002304061
3 4 4 5  -0.0016080859
3 4 6 5  -0.0000000001
3 5 1 5  -0.0000000001
3 5 3 5  0.0002304061
3 5 5 5  -0.0016080859
3 5 7 5  -0.0000000001
3 6 2 5  0.0000000001
3 6 4 5  -0.0000000001
3 6 6 5  -0.0001707154
3 7 3 5  0.0000000001
3 7 5 5  -0.0000000001
3 7 7 5  -0.0001707154
3 0 0 7  -0.0000000008
3 0 2 7  -0.0161078121
3 0 4 7  -0.0022953620
3 0 6 7  -0.0000000010
3 1 1 7  -0.0000000008
3 1 3 7  -0.0161078121
3 1 5 7  -0.0022953620
3 1 7 7  -0.0000000010
3 2 0 7  -0.0161078121
3 2 2 7  -0.0000000001
3 2 4 7  0.0000000001
3 2 6 7  0.0178289900
3 3 1 7  -0.0161078121
3 3 3 7  -0.0000000001
3 3 5 7  0.0000000001
3 3 7 7  0.0178289900
3 4 0 7  -0.0022953620
3 4 2 7  0.0000000001
3 4 4 7  -0.0000000014
3 4 6 7  -0.0014345403
3 5 1 7  -0.0022953620
3 5 3 7  0.0000000001
3 5 5 7  -0.0000000014
3 5 7 7  -0.0014345403
3 6 0 7  -0.0000000010
3 6 2 7  0.0178289900
3 6 4 7  -0.0014345403
3 6 6 7  -0.0000000003
3 7 1 7  -0.0000000010
3 7 3 7  0.0178289900
3 7 5 7  -0.0014345403
3 7 7 7  -0.0000000003
4 0 0 0  0.0000000002
4 0 2 0  0.0035515204
4 0 4 0  0.0152236006
4 0 6 0  0.0000000002
4 1 1 0  0.0000000002
4 1 3 0  0.0035515204
4 1 5 0  0.0152236006
4 1 7 0  0.0000000002
4 2 0 0  0.0035515204
4 2 2 0  0.0000000002
4 2 4 0  -0.0000000001
4 2 6 0  -0.0022953620
4 3 1 0  0.0035515204
4 3 3 0  0.0000000002
4 3 5 0  -0.0000000001
4 3 7 0  -0.0022953620
4 4 0 0  0.0152236006
4 4 2 0  -0.0000000001
4 4 4 0  0.0000000009
4 4 6 0  0.0161078121
4 5 1 0  0.0152236006
4 5 3 0  -0.0000000001
4 5 5 0  0.0000000009
4 5 7 0  0.0161078121
4 6 0 0  0.0000000002
4 6 2 0  -0.0022953620
4 6 4 0  0.0161078121
4 6 6 0  -0.0000000001
4 7 1 0  0.0000000002
4 7 3 0  -0.0022953620
4 7 5 0  0.0161078121
4 7 7 0  -0.0000000001
4 0 0 2  0.0010343417
4 0 2 2  -0.0000000001
4 0 4 2  -0.0000000001
4 1 1 2  0.0010343417
4 1 3 2  -0.0000000001
4 1 5 2  -0.0000000001
4 2 0 2  -0.0000000001
4 2 2 2  -0.0016080859
4 2 4 2  0.0002304061
4 2 6 2  0.0000000001
4 3 1 2  -0.0000000001
4 3 3 2  -0.0016080859
4 3 5 2  0.0002304061
4 3 7 2  0.0000000001
4 4 0 2  -0.0000000001
4 4 2 2  0.0002304061
4 4 4 2  -0.0016080859
4 4 6 2  -0.0000000001
4 5 1 2  -0.0000000001
4 5 3 2  0.0002304061
4 5 5 2  -0.0016080859
4 5 7 2  -0.0000000001
4 6 2 2  0.0000000001
4 6 4 2  -0.0000000001
4 6 6 2  -0.0001707154
4 7 3 2  0.0000000001
4 7 5 2  -0.0000000001
4 7 7 2  -0.0001707154
4 0 0 4  0.2234465605
4 0 4 4  0.0000000009
4 0 6 4  0.0779072304
4 1 1 4  0.2234465605
4 1 5 4  0.0000000009
4 1 7 4  0.0779072304
4 2 2 4  0.1240743888
4 2 4 4  -0.0016080859
4 2 6 4  -0.0000000014
4 3 3 4  0.1240743888
4 3 5 4  -0.0016080859
4 3 7 4  -0.0000000014
4 4 0 4  0.0000000009
4 4 2 4  -0.0016080859
4 4 4 4  0.3372534354
4 5 1 4  0.0000000009
4 5 3 4  -0.0016080859
4 5 5 4  0.3372534354
4 6 0 4  0.0779072304
4 6 2 4  -0.0000000014
4 6 6 4  0.2304786904
4 7 1 4  0.0779072304
4 7 3 4  -0.0000000014
4 7 7 4  0.2304786904
4 0 0 6  0.0000000003
4 0 2 6  0.0022953620
4 0 4 6  0.0161078121
4 0 6 6  -0.0000000006
4 1 1 6  0.0000000003
4 1 3 6  0.0022953620
4 1 5 6  0.0161078121
4 1 7 6  -0.0000000006
4 2 0 6  0.0022953620
4 2 2 6  0.0000000008
4 2 4 6  -0.0000000001
4 2 6 6  -0.0014345403
4 3 1 6  0.0022953620
4 3 3 6  0.0000000008
4 3 5 6  -0.0000000001
4 3 7 6  -0.0014345403
4 4 0 6  0.0161078121
4 4 2 6  -0.0000000001
4 4 6 6  0.0178289899
4 5 1 6  0.0161078121
4 5 3 6  -0.0000000001
4 5 7 6  0.0178289899
4 6 0 6  -0.0000000006
4 6 2 6  -0.0014345403
4 6 4 6  0.0178289899
4 7 1 6  -0.0000000006
4 7 3 6  -0.0014345403
4 7 5 6  0.0178289899
5 0 0 1  0.0000000002
5 0 2 1  0.0035515204
5 0 4 1  0.0152236006
5 0 6 1  0.0000000002
5 1 1 1  0.0000000002
5 1 3 1  0.0035515204
5 1 5 1  0.0152236006
5 1 7 1  0.0000000002
5 2 0 1  0.0035515204
5 2 2 1  0.0000000002
5 2 4 1  -0.0000000001
5 2 6 1  -0.0022953620
5 3 1 1  0.0035515204
5 3 3 1  0.0000000002
5 3 5 1  -0.0000000001
5 3 7 1  -0.0022953620
5 4 0 1  0.0152236006
5 4 2 1  -0.0000000001
5 4 4 1  0.0000000009
5 4 6 1  0.0161078121
5 5 1 1  0.0152236006
5 5 3 1  -0.0000000001
5 5 5 1  0.0000000009
5 5 7 1  0.0161078121
5 6 0 1  0.0000000002
5 6 2 1  -0.0022953620
5 6 4 1  0.0161078121
5 6 6 1  -0.0000000001
5 7 1 1  0.0000000002
5 7 3 1  -0.0022953620
5 7 5 1  0.0161078121
5 7 7 1  -0.0000000001
5 0 0 3  0.0010343417
5 0 2 3  -0.0000000001
5 0 4 3  -0.0000000001
5 1 1 3  0.0010343417
5 1 3 3  -0.0000000001
5 1 5 3  -0.0000000001
5 2 0 3  -0.0000000001
5 2 2 3  -0.0016080859
5 2 4 3  0.0002304061
5 2 6 3  0.0000000001
5 3 1 3  -0.0000000001
5 3 3 3  -0.0016080859
5 3 5 3  0.0002304061
5 3 7 3  0.0000000001
5 4 0 3  -0.0000000001
5 4 2 3  0.0002304061
5 4 4 3  -0.0016080859
5 4 6 3  -0.0000000001
5 5 1 3  -0.0000000001
5 5 3 3  0.0002304061
5 5 5 3  -0.0016080859
5 5 7 3  -0.0000000001
5 6 2 3  0.0000000001
5 6 4 3  -0.0000000001
5 6 6 3  -0.0001707154
5 7 3 3  0.0000000001
5 7 5 3  -0.0000000001
5 7 7 3  -0.0001707154
5 0 0 5  0.2234465605
5 0 4 5  0.0000000009
5 0 6 5  0.0779072304
5 1 1 5  0.2234465605
5 1 5 5  0.0000000009
5 1 7 5  0.0779072304
5 2 2 5  0.1240743888
5 2 4 5  -0.0016080859
5 2 6 5  -0.0000000014
5 3 3 5  0.1240743888
5 3 5 5  -0.0016080859
5 3 7 5  -0.0000000014
5 4 0 5  0.0000000009
5 4 2 5  -0.0016080859
5 4 4 5  0.3372534354
5 5 1 5  0.0000000009
5 5 3 5  -0.0016080859
5 5 5 5  0.3372534354
5 6 0 5  0.0779072304
5 6 2 5  -0.0000000014
5 6 6 5  0.2304786904
5 7 1 5  0.0779072304
5 7 3 5  -0.0000000014
5 7 7 5  0.2304786904
5 0 0 7  0.0000000003
5 0 2 7  0.0022953620
5 0 4 7  0.0161078121
5 0 6 7  -0.0000000006
5 1 1 7  0.0000000003
5 1 3 7  0.0022953620
5 1 5 7  0.0161078121
5 1 7 7  -0.0000000006
5 2 0 7  0.0022953620
5 2 2 7  0.0000000008
5 2 4 7  -0.0000000001
5 2 6 7  -0.0014345403
5 3 1 7  0.0022953620
5 3 3 7  0.0000000008
5 3 5 7  -0.0000000001
5 3 7 7  -0.0014345403
5 4 0 7  0.0161078121
5 4 2 7  -0.0000000001
5 4 6 7  0.0178289899
5 5 1 7  0.0161078121
5 5 3 7  -0.0000000001
5 5 7 7  0.0178289899
5 6 0 7  -0.0000000006
5 6 2 7  -0.0014345403
5 6 4 7  0.0178289899
5 7 1 7  -0.0000000006
5 7 3 7  -0.0014345403
5 7 5 7  0.0178289899
6 0 0 0  -0.0000670037
6 0 2 0  -0.0000000003
6 0 4 0  0.0000000002
6 0 6 0  0.0902924279
6 1 1 0  -0.0000670037
6 1 3 0  -0.0000000003
6 1 5 0  0.0000000002
6 1 7 0  0.0902924279
6 2 0 0  -0.0000000003
6 2 2 0  -0.0779072304
6 2 6 0  -0.0000000010
6 3 1 0  -0.0000000003
6 3 3 0  -0.0779072304
6 3 7 0  -0.0000000010
6 4 0 0  0.0000000002
6 4 4 0  0.0779072304
6 4 6 0  -0.0000000006
6 5 1 0  0.0000000002
6 5 5 0  0.0779072304
6 5 7 0  -0.0000000006
6 6 0 0  0.0902924279
6 6 2 0  -0.0000000010
6 6 4 0  -0.0000000006
6 6 6 0  -0.0000988473
6 7 1 0  0.0902924279
6 7 3 0  -0.0000000010
6 7 5 0  -0.0000000006
6 7 7 0  -0.0000988473
6 0 0 2  -0.0000000008
6 0 2 2  -0.0161078121
6 0 4 2  -0.0022953620
6 0 6 2  -0.0000000010
6 1 1 2  -0.0000000008
6 1 3 2  -0.0161078121
6 1 5 2  -0.0022953620
6 1 7 2  -0.0000000010
6 2 0 2  -0.0161078121
6 2 2 2  -0.0000000001
6 2 4 2  0.0000000001
6 2 6 2  0.0178289900
6 3 1 2  -0.0161078121
6 3 3 2  -0.0000000001
6 3 5 2  0.0000000001
6 3 7 2  0.0178289900
6 4 0 2  -0.0022953620
6 4 2 2  0.0000000001
6 4 4 2  -0.0000000014
6 4 6 2  -0.0014345403
6 5 1 2  -0.0022953620
6 5 3 2  0.0000000001
6 5 5 2  -0.0000000014
6 5 7 2  -0.0014345403
6 6 0 2  -0.0000000010
6 6 2 2  0.0178289900
6 6 4 2  -0.0014345403
6 6 6 2  -0.0000000003
6 7 1 2  -0.0000000010
6 7 3 2  0.0178289900
6 7 5 2  -0.0014345403
6 7 7 2  -0.0000000003
6 0 0 4  0.0000000003
6 0 2 4  0.0022953620
6 0 4 4  0.0161078121
6 0 6 4  -0.0000000006
6 1 1 4  0.0000000003
6 1 3 4  0.0022953620
6 1 5 4  0.0161078121
6 1 7 4  -0.0000000006
6 2 0 4  0.0022953620
6 2 2 4  0.0000000008
6 2 4 4  -0.0000000001
6 2 6 4  -0.0014345403
6 3 1 4  0.0022953620
6 3 3 4  0.0000000008
6 3 5 4  -0.0000000001
6 3 7 4  -0.0014345403
6 4 0 4  0.0161078121
6 4 2 4  -0.0000000001
6 4 6 4  0.0178289899
6 5 1 4  0.0161078121
6 5 3 4  -0.0000000001
6 5 7 4  0.0178289899
6 6 0 4  -0.0000000006
6 6 2 4  -0.0014345403
6 6 4 4  0.0178289899
6 7 1 4  -0.0000000006
6 7 3 4  -0.0014345403
6 7 5 4  0.0178289899
6 0 0 6  0.2769859867
6 0 4 6  -0.0000000001
6 0 6 6  -0.0000988473
6 1 1 6  0.2769859867
6 1 5 6  -0.0000000001
6 1 7 6  -0.0000988473
6 2 2 6  0.2304786904
6 2 4 6  -0.0001707154
6 2 6 6  -0.0000000003
6 3 3 6  0.2304786904
6 3 5 6  -0.0001707154
6 3 7 6  -0.0000000003
6 4 0 6  -0.0000000001
6 4 2 6  -0.0001707154
6 4 4 6  0.2304786904
6 5 1 6  -0.0000000001
6 5 3 6  -0.0001707154
6 5 5 6  0.2304786904
6 6 0 6  -0.0000988473
6 6 2 6  -0.0000000003
6 6 6 6  0.2806907269
6 7 1 6  -0.0000988473
6 7 3 6  -0.0000000003
6 7 7 6  0.2806907269
7 0 0 1  -0.0000670037
7 0 2 1  -0.0000000003
7 0 4 1  0.0000000002
7 0 6 1  0.0902924279
7 1 1 1  -0.0000670037
7 1 3 1  -0.0000000003
7 1 5 1  0.0000000002
7 1 7 1  0.0902924279
7 2 0 1  -0.0000000003
7 2 2 1  -0.0779072304
7 2 6 1  -0.0000000010
7 3 1 1  -0.0000000003
7 3 3 1  -0.0779072304
7 3 7 1  -0.0000000010
7 4 0 1  0.0000000002
7 4 4 1  0.0779072304
7 4 6 1  -0.0000000006
7 5 1 1  0.0000000002
7 5 5 1  0.0779072304
7 5 7 1  -0.0000000006
7 6 0 1  0.0902924279
7 6 2 1  -0.0000000010
7 6 4 1  -0.0000000006
7 6 6 1  -0.0000988473
7 7 1 1  0.0902924279
7 7 3 1  -0.0000000010
7 7 5 1  -0.0000000006
7 7 7 1  -0.0000988473
7 0 0 3  -0.0000000008
7 0 2 3  -0.0161078121
7 0 4 3  -0.0022953620
7 0 6 3  -0.0000000010
7 1 1 3  -0.0000000008
7 1 3 3  -0.0161078121
7 1 5 3  -0.0022953620
7 1 7 3  -0.0000000010
7 2 0 3  -0.0161078121
7 2 2 3  -0.0000000001
7 2 4 3  0.0000000001
7 2 6 3  0.0178289900
7 3 1 3  -0.0161078121
7 3 3 3  -0.0000000001
7 3 5 3  0.0000000001
7 3 7 3  0.0178289900
7 4 0 3  -0.0022953620
7 4 2 3  0.0000000001
7 4 4 3  -0.0000000014
7 4 6 3  -0.0014345403
7 5 1 3  -0.0022953620
7 5 3 3  0.0000000001
7 5 5 3  -0.0000000014
7 5 7 3  -0.0014345403
7 6 0 3  -0.0000000010
7 6 2 3  0.0178289900
7 6 4 3  -0.0014345403
7 6 6 3  -0.0000000003
7 7 1 3  -0.0000000010
7 7 3 3  0.0178289900
7 7 5 3  -0.0014345403
7 7 7 3  -0.0000000003
7 0 0 5  0.0000000003
7 0 2 5  0.0022953620
7 0 4 5  0.0161078121
7 0 6 5  -0.0000000006
7 1 1 5  0.0000000003
7 1 3 5  0.0022953620
7 1 5 5  0.0161078121
7 1 7 5  -0.0000000006
7 2 0 5  0.0022953620
7 2 2 5  0.0000000008
7 2 4 5  -0.0000000001
7 2 6 5  -0.0014345403
7 3 1 5  0.0022953620
7 3 3 5  0.0000000008
7 3 5 5  -0.0000000001
7 3 7 5  -0.0014345403
7 4 0 5  0.0161078121
7 4 2 5  -0.0000000001
7 4 6 5  0.0178289899
7 5 1 5  0.0161078121
7 5 3 5  -0.0000000001
7 5 7 5  0.0178289899
7 6 0 5  -0.0000000006
7 6 2 5  -0.0014345403
7 6 4 5  0.0178289899
7 7 1 5  -0.0000000006
7 7 3 5  -0.0014345403
7 7 5 5  0.0178289899
7 0 0 7  0.2769859867
7 0 4 7  -0.0000000001
7 0 6 7  -0.0000988473
7 1 1 7  0.2769859867
7 1 5 7  -0.0000000001
7 1 7 7  -0.0000988473
7 2 2 7  0.2304786904
7 2 4 7  -0.0001707154
7 2 6 7  -0.0000000003
7 3 3 7  0.2304786904
7 3 5 7  -0.0001707154
7 3 7 7  -0.0000000003
7 4 0 7  -0.0000000001
7 4 2 7  -0.0001707154
7 4 4 7  0.2304786904
7 5 1 7  -0.0000000001
7 5 3 7  -0.0001707154
7 5 5 7  0.2304786904
7 6 0 7  -0.0000988473
7 6 2 7  -0.0000000003
7 6 6 7  0.2806907269
7 7 1 7  -0.0000988473
7 7 3 7  -0.0000000003
7 7 7 7  0.2806907269

 E(Ref) = -77.7235536893 Hartree, <S**2> = 1.0000
 E(FCI) = -77.8046366894 Hartree, <S**2> = -0.0000
