 MO Integrals with frozen core/virtual approximation

-73.91465553406591
0 0  -1.5994990604
0 2  -0.0000000055
0 4  -0.0000000055
0 6  0.0000000002
1 1  -1.5994990604
1 3  -0.0000000055
1 5  -0.0000000055
1 7  0.0000000002
2 0  -0.0000000055
2 2  -1.3409698128
2 4  -0.0125725180
2 6  0.0000000010
3 1  -0.0000000055
3 3  -1.3409698128
3 5  -0.0125725180
3 7  0.0000000010
4 0  -0.0000000055
4 2  -0.0125725180
4 4  -1.3409698122
4 6  -0.0000000010
5 1  -0.0000000055
5 3  -0.0125725180
5 5  -1.3409698122
5 7  -0.0000000010
6 0  0.0000000002
6 2  0.0000000010
6 4  -0.0000000010
6 6  -1.4445768718
7 1  0.0000000002
7 3  0.0000000010
7 5  -0.0000000010
7 7  -1.4445768718
0 0 0 0  0.2488206253
0 0 2 0  0.0000000003
0 0 4 0  0.0000000002
0 1 1 0  0.2488206253
0 1 3 0  0.0000000003
0 1 5 0  0.0000000002
0 2 0 0  0.0000000003
0 2 2 0  0.2054422493
0 2 4 0  0.0000583554
0 2 6 0  0.0000000003
0 3 1 0  0.0000000003
0 3 3 0  0.2054422493
0 3 5 0  0.0000583554
0 3 7 0  0.0000000003
0 4 0 0  0.0000000002
0 4 2 0  0.0000583554
0 4 4 0  0.2054422493
0 4 6 0  -0.0000000004
0 5 1 0  0.0000000002
0 5 3 0  0.0000583554
0 5 5 0  0.2054422493
0 5 7 0  -0.0000000004
0 6 2 0  0.0000000003
0 6 4 0  -0.0000000004
0 6 6 0  0.2497498912
0 7 3 0  0.0000000003
0 7 5 0  -0.0000000004
0 7 7 0  0.2497498912
0 0 0 2  0.0000000003
0 0 2 2  0.0138181333
0 0 4 2  0.0014077005
0 0 6 2  0.0000000015
0 1 1 2  0.0000000003
0 1 3 2  0.0138181333
0 1 5 2  0.0014077005
0 1 7 2  0.0000000015
0 2 0 2  0.0138181333
0 2 2 2  -0.0000000013
0 2 4 2  0.0000000003
0 2 6 2  -0.0147718863
0 3 1 2  0.0138181333
0 3 3 2  -0.0000000013
0 3 5 2  0.0000000003
0 3 7 2  -0.0147718863
0 4 0 2  0.0014077005
0 4 2 2  0.0000000003
0 4 4 2  0.0000000017
0 4 6 2  0.0010809180
0 5 1 2  0.0014077005
0 5 3 2  0.0000000003
0 5 5 2  0.0000000017
0 5 7 2  0.0010809180
0 6 0 2  0.0000000015
0 6 2 2  -0.0147718863
0 6 4 2  0.0010809180
0 6 6 2  0.0000000006
0 7 1 2  0.0000000015
0 7 3 2  -0.0147718863
0 7 5 2  0.0010809180
0 7 7 2  0.0000000006
0 0 0 4  0.0000000002
0 0 2 4  0.0014077005
0 0 4 4  0.0138181333
0 0 6 4  -0.0000000018
0 1 1 4  0.0000000002
0 1 3 4  0.0014077005
0 1 5 4  0.0138181333
0 1 7 4  -0.0000000018
0 2 0 4  0.0014077005
0 2 2 4  0.0000000018
0 2 4 4  0.0000000002
0 2 6 4  -0.0010809180
0 3 1 4  0.0014077005
0 3 3 4  0.0000000018
0 3 5 4  0.0000000002
0 3 7 4  -0.0010809180
0 4 0 4  0.0138181333
0 4 2 4  0.0000000002
0 4 4 4  -0.0000000014
0 4 6 4  0.0147718863
0 5 1 4  0.0138181333
0 5 3 4  0.0000000002
0 5 5 4  -0.0000000014
0 5 7 4  0.0147718863
0 6 0 4  -0.0000000018
0 6 2 4  -0.0010809180
0 6 4 4  0.0147718863
0 6 6 4  0.0000000005
0 7 1 4  -0.0000000018
0 7 3 4  -0.0010809180
0 7 5 4  0.0147718863
0 7 7 4  0.0000000005
0 0 2 6  0.0000000015
0 0 4 6  -0.0000000018
0 0 6 6  0.1061061097
0 1 3 6  0.0000000015
0 1 5 6  -0.0000000018
0 1 7 6  0.1061061097
0 2 0 6  0.0000000015
0 2 2 6  -0.0899856973
0 2 6 6  0.0000000012
0 3 1 6  0.0000000015
0 3 3 6  -0.0899856973
0 3 7 6  0.0000000012
0 4 0 6  -0.0000000018
0 4 4 6  0.0899856973
0 4 6 6  0.0000000012
0 5 1 6  -0.0000000018
0 5 5 6  0.0899856973
0 5 7 6  0.0000000012
0 6 0 6  0.1061061097
0 6 2 6  0.0000000012
0 6 4 6  0.0000000012
0 7 1 6  0.1061061097
0 7 3 6  0.0000000012
0 7 5 6  0.0000000012
1 0 0 1  0.2488206253
1 0 2 1  0.0000000003
1 0 4 1  0.0000000002
1 1 1 1  0.2488206253
1 1 3 1  0.0000000003
1 1 5 1  0.0000000002
1 2 0 1  0.0000000003
1 2 2 1  0.2054422493
1 2 4 1  0.0000583554
1 2 6 1  0.0000000003
1 3 1 1  0.0000000003
1 3 3 1  0.2054422493
1 3 5 1  0.0000583554
1 3 7 1  0.0000000003
1 4 0 1  0.0000000002
1 4 2 1  0.0000583554
1 4 4 1  0.2054422493
1 4 6 1  -0.0000000004
1 5 1 1  0.0000000002
1 5 3 1  0.0000583554
1 5 5 1  0.2054422493
1 5 7 1  -0.0000000004
1 6 2 1  0.0000000003
1 6 4 1  -0.0000000004
1 6 6 1  0.2497498912
1 7 3 1  0.0000000003
1 7 5 1  -0.0000000004
1 7 7 1  0.2497498912
1 0 0 3  0.0000000003
1 0 2 3  0.0138181333
1 0 4 3  0.0014077005
1 0 6 3  0.0000000015
1 1 1 3  0.0000000003
1 1 3 3  0.0138181333
1 1 5 3  0.0014077005
1 1 7 3  0.0000000015
1 2 0 3  0.0138181333
1 2 2 3  -0.0000000013
1 2 4 3  0.0000000003
1 2 6 3  -0.0147718863
1 3 1 3  0.0138181333
1 3 3 3  -0.0000000013
1 3 5 3  0.0000000003
1 3 7 3  -0.0147718863
1 4 0 3  0.0014077005
1 4 2 3  0.0000000003
1 4 4 3  0.0000000017
1 4 6 3  0.0010809180
1 5 1 3  0.0014077005
1 5 3 3  0.0000000003
1 5 5 3  0.0000000017
1 5 7 3  0.0010809180
1 6 0 3  0.0000000015
1 6 2 3  -0.0147718863
1 6 4 3  0.0010809180
1 6 6 3  0.0000000006
1 7 1 3  0.0000000015
1 7 3 3  -0.0147718863
1 7 5 3  0.0010809180
1 7 7 3  0.0000000006
1 0 0 5  0.0000000002
1 0 2 5  0.0014077005
1 0 4 5  0.0138181333
1 0 6 5  -0.0000000018
1 1 1 5  0.0000000002
1 1 3 5  0.0014077005
1 1 5 5  0.0138181333
1 1 7 5  -0.0000000018
1 2 0 5  0.0014077005
1 2 2 5  0.0000000018
1 2 4 5  0.0000000002
1 2 6 5  -0.0010809180
1 3 1 5  0.0014077005
1 3 3 5  0.0000000018
1 3 5 5  0.0000000002
1 3 7 5  -0.0010809180
1 4 0 5  0.0138181333
1 4 2 5  0.0000000002
1 4 4 5  -0.0000000014
1 4 6 5  0.0147718863
1 5 1 5  0.0138181333
1 5 3 5  0.0000000002
1 5 5 5  -0.0000000014
1 5 7 5  0.0147718863
1 6 0 5  -0.0000000018
1 6 2 5  -0.0010809180
1 6 4 5  0.0147718863
1 6 6 5  0.0000000005
1 7 1 5  -0.0000000018
1 7 3 5  -0.0010809180
1 7 5 5  0.0147718863
1 7 7 5  0.0000000005
1 0 2 7  0.0000000015
1 0 4 7  -0.0000000018
1 0 6 7  0.1061061097
1 1 3 7  0.0000000015
1 1 5 7  -0.0000000018
1 1 7 7  0.1061061097
1 2 0 7  0.0000000015
1 2 2 7  -0.0899856973
1 2 6 7  0.0000000012
1 3 1 7  0.0000000015
1 3 3 7  -0.0899856973
1 3 7 7  0.0000000012
1 4 0 7  -0.0000000018
1 4 4 7  0.0899856973
1 4 6 7  0.0000000012
1 5 1 7  -0.0000000018
1 5 5 7  0.0899856973
1 5 7 7  0.0000000012
1 6 0 7  0.1061061097
1 6 2 7  0.0000000012
1 6 4 7  0.0000000012
1 7 1 7  0.1061061097
1 7 3 7  0.0000000012
1 7 5 7  0.0000000012
2 0 0 0  0.0000000003
2 0 2 0  0.0138181333
2 0 4 0  0.0014077005
2 0 6 0  0.0000000015
2 1 1 0  0.0000000003
2 1 3 0  0.0138181333
2 1 5 0  0.0014077005
2 1 7 0  0.0000000015
2 2 0 0  0.0138181333
2 2 2 0  -0.0000000013
2 2 4 0  0.0000000003
2 2 6 0  -0.0147718863
2 3 1 0  0.0138181333
2 3 3 0  -0.0000000013
2 3 5 0  0.0000000003
2 3 7 0  -0.0147718863
2 4 0 0  0.0014077005
2 4 2 0  0.0000000003
2 4 4 0  0.0000000017
2 4 6 0  0.0010809180
2 5 1 0  0.0014077005
2 5 3 0  0.0000000003
2 5 5 0  0.0000000017
2 5 7 0  0.0010809180
2 6 0 0  0.0000000015
2 6 2 0  -0.0147718863
2 6 4 0  0.0010809180
2 6 6 0  0.0000000006
2 7 1 0  0.0000000015
2 7 3 0  -0.0147718863
2 7 5 0  0.0010809180
2 7 7 0  0.0000000006
2 0 0 2  0.2054422493
2 0 2 2  -0.0000000013
2 0 4 2  0.0000000018
2 0 6 2  -0.0899856973
2 1 1 2  0.2054422493
2 1 3 2  -0.0000000013
2 1 5 2  0.0000000018
2 1 7 2  -0.0899856973
2 2 0 2  -0.0000000013
2 2 2 2  0.3366959787
2 2 4 2  -0.0008207186
2 2 6 2  -0.0000000018
2 3 1 2  -0.0000000013
2 3 3 2  0.3366959787
2 3 5 2  -0.0008207186
2 3 7 2  -0.0000000018
2 4 0 2  0.0000000018
2 4 2 2  -0.0008207186
2 4 4 2  0.1014941607
2 4 6 2  -0.0000000011
2 5 1 2  0.0000000018
2 5 3 2  -0.0008207186
2 5 5 2  0.1014941607
2 5 7 2  -0.0000000011
2 6 0 2  -0.0899856973
2 6 2 2  -0.0000000018
2 6 4 2  -0.0000000011
2 6 6 2  0.2117216540
2 7 1 2  -0.0899856973
2 7 3 2  -0.0000000018
2 7 5 2  -0.0000000011
2 7 7 2  0.2117216540
2 0 0 4  0.0000583554
2 0 2 4  0.0000000003
2 0 4 4  0.0000000002
2 1 1 4  0.0000583554
2 1 3 4  0.0000000003
2 1 5 4  0.0000000002
2 2 0 4  0.0000000003
2 2 2 4  -0.0008207186
2 2 4 4  0.0000332305
2 2 6 4  -0.0000000003
2 3 1 4  0.0000000003
2 3 3 4  -0.0008207186
2 3 5 4  0.0000332305
2 3 7 4  -0.0000000003
2 4 0 4  0.0000000002
2 4 2 4  0.0000332305
2 4 4 4  -0.0008207186
2 4 6 4  0.0000000002
2 5 1 4  0.0000000002
2 5 3 4  0.0000332305
2 5 5 4  -0.0008207186
2 5 7 4  0.0000000002
2 6 2 4  -0.0000000003
2 6 4 4  0.0000000002
2 6 6 4  -0.0002047532
2 7 3 4  -0.0000000003
2 7 5 4  0.0000000002
2 7 7 4  -0.0002047532
2 0 0 6  0.0000000003
2 0 2 6  -0.0147718863
2 0 4 6  -0.0010809180
2 0 6 6  0.0000000012
2 1 1 6  0.0000000003
2 1 3 6  -0.0147718863
2 1 5 6  -0.0010809180
2 1 7 6  0.0000000012
2 2 0 6  -0.0147718863
2 2 2 6  -0.0000000018
2 2 4 6  -0.0000000003
2 2 6 6  0.0159529833
2 3 1 6  -0.0147718863
2 3 3 6  -0.0000000018
2 3 5 6  -0.0000000003
2 3 7 6  0.0159529833
2 4 0 6  -0.0010809180
2 4 2 6  -0.0000000003
2 4 4 6  0.0000000010
2 4 6 6  -0.0008269665
2 5 1 6  -0.0010809180
2 5 3 6  -0.0000000003
2 5 5 6  0.0000000010
2 5 7 6  -0.0008269665
2 6 0 6  0.0000000012
2 6 2 6  0.0159529833
2 6 4 6  -0.0008269665
2 6 6 6  -0.0000000001
2 7 1 6  0.0000000012
2 7 3 6  0.0159529833
2 7 5 6  -0.0008269665
2 7 7 6  -0.0000000001
3 0 0 1  0.0000000003
3 0 2 1  0.0138181333
3 0 4 1  0.0014077005
3 0 6 1  0.0000000015
3 1 1 1  0.0000000003
3 1 3 1  0.0138181333
3 1 5 1  0.0014077005
3 1 7 1  0.0000000015
3 2 0 1  0.0138181333
3 2 2 1  -0.0000000013
3 2 4 1  0.0000000003
3 2 6 1  -0.0147718863
3 3 1 1  0.0138181333
3 3 3 1  -0.0000000013
3 3 5 1  0.0000000003
3 3 7 1  -0.0147718863
3 4 0 1  0.0014077005
3 4 2 1  0.0000000003
3 4 4 1  0.0000000017
3 4 6 1  0.0010809180
3 5 1 1  0.0014077005
3 5 3 1  0.0000000003
3 5 5 1  0.0000000017
3 5 7 1  0.0010809180
3 6 0 1  0.0000000015
3 6 2 1  -0.0147718863
3 6 4 1  0.0010809180
3 6 6 1  0.0000000006
3 7 1 1  0.0000000015
3 7 3 1  -0.0147718863
3 7 5 1  0.0010809180
3 7 7 1  0.0000000006
3 0 0 3  0.2054422493
3 0 2 3  -0.0000000013
3 0 4 3  0.0000000018
3 0 6 3  -0.0899856973
3 1 1 3  0.2054422493
3 1 3 3  -0.0000000013
3 1 5 3  0.0000000018
3 1 7 3  -0.0899856973
3 2 0 3  -0.0000000013
3 2 2 3  0.3366959787
3 2 4 3  -0.0008207186
3 2 6 3  -0.0000000018
3 3 1 3  -0.0000000013
3 3 3 3  0.3366959787
3 3 5 3  -0.0008207186
3 3 7 3  -0.0000000018
3 4 0 3  0.0000000018
3 4 2 3  -0.0008207186
3 4 4 3  0.1014941607
3 4 6 3  -0.0000000011
3 5 1 3  0.0000000018
3 5 3 3  -0.0008207186
3 5 5 3  0.1014941607
3 5 7 3  -0.0000000011
3 6 0 3  -0.0899856973
3 6 2 3  -0.0000000018
3 6 4 3  -0.0000000011
3 6 6 3  0.2117216540
3 7 1 3  -0.0899856973
3 7 3 3  -0.0000000018
3 7 5 3  -0.0000000011
3 7 7 3  0.2117216540
3 0 0 5  0.0000583554
3 0 2 5  0.0000000003
3 0 4 5  0.0000000002
3 1 1 5  0.0000583554
3 1 3 5  0.0000000003
3 1 5 5  0.0000000002
3 2 0 5  0.0000000003
3 2 2 5  -0.0008207186
3 2 4 5  0.0000332305
3 2 6 5  -0.0000000003
3 3 1 5  0.0000000003
3 3 3 5  -0.0008207186
3 3 5 5  0.0000332305
3 3 7 5  -0.0000000003
3 4 0 5  0.0000000002
3 4 2 5  0.0000332305
3 4 4 5  -0.0008207186
3 4 6 5  0.0000000002
3 5 1 5  0.0000000002
3 5 3 5  0.0000332305
3 5 5 5  -0.0008207186
3 5 7 5  0.0000000002
3 6 2 5  -0.0000000003
3 6 4 5  0.0000000002
3 6 6 5  -0.0002047532
3 7 3 5  -0.0000000003
3 7 5 5  0.0000000002
3 7 7 5  -0.0002047532
3 0 0 7  0.0000000003
3 0 2 7  -0.0147718863
3 0 4 7  -0.0010809180
3 0 6 7  0.0000000012
3 1 1 7  0.0000000003
3 1 3 7  -0.0147718863
3 1 5 7  -0.0010809180
3 1 7 7  0.0000000012
3 2 0 7  -0.0147718863
3 2 2 7  -0.0000000018
3 2 4 7  -0.0000000003
3 2 6 7  0.0159529833
3 3 1 7  -0.0147718863
3 3 3 7  -0.0000000018
3 3 5 7  -0.0000000003
3 3 7 7  0.0159529833
3 4 0 7  -0.0010809180
3 4 2 7  -0.0000000003
3 4 4 7  0.0000000010
3 4 6 7  -0.0008269665
3 5 1 7  -0.0010809180
3 5 3 7  -0.0000000003
3 5 5 7  0.0000000010
3 5 7 7  -0.0008269665
3 6 0 7  0.0000000012
3 6 2 7  0.0159529833
3 6 4 7  -0.0008269665
3 6 6 7  -0.0000000001
3 7 1 7  0.0000000012
3 7 3 7  0.0159529833
3 7 5 7  -0.0008269665
3 7 7 7  -0.0000000001
4 0 0 0  0.0000000002
4 0 2 0  0.0014077005
4 0 4 0  0.0138181333
4 0 6 0  -0.0000000018
4 1 1 0  0.0000000002
4 1 3 0  0.0014077005
4 1 5 0  0.0138181333
4 1 7 0  -0.0000000018
4 2 0 0  0.0014077005
4 2 2 0  0.0000000018
4 2 4 0  0.0000000002
4 2 6 0  -0.0010809180
4 3 1 0  0.0014077005
4 3 3 0  0.0000000018
4 3 5 0  0.0000000002
4 3 7 0  -0.0010809180
4 4 0 0  0.0138181333
4 4 2 0  0.0000000002
4 4 4 0  -0.0000000014
4 4 6 0  0.0147718863
4 5 1 0  0.0138181333
4 5 3 0  0.0000000002
4 5 5 0  -0.0000000014
4 5 7 0  0.0147718863
4 6 0 0  -0.0000000018
4 6 2 0  -0.0010809180
4 6 4 0  0.0147718863
4 6 6 0  0.0000000005
4 7 1 0  -0.0000000018
4 7 3 0  -0.0010809180
4 7 5 0  0.0147718863
4 7 7 0  0.0000000005
4 0 0 2  0.0000583554
4 0 2 2  0.0000000003
4 0 4 2  0.0000000002
4 1 1 2  0.0000583554
4 1 3 2  0.0000000003
4 1 5 2  0.0000000002
4 2 0 2  0.0000000003
4 2 2 2  -0.0008207186
4 2 4 2  0.0000332305
4 2 6 2  -0.0000000003
4 3 1 2  0.0000000003
4 3 3 2  -0.0008207186
4 3 5 2  0.0000332305
4 3 7 2  -0.0000000003
4 4 0 2  0.0000000002
4 4 2 2  0.0000332305
4 4 4 2  -0.0008207186
4 4 6 2  0.0000000002
4 5 1 2  0.0000000002
4 5 3 2  0.0000332305
4 5 5 2  -0.0008207186
4 5 7 2  0.0000000002
4 6 2 2  -0.0000000003
4 6 4 2  0.0000000002
4 6 6 2  -0.0002047532
4 7 3 2  -0.0000000003
4 7 5 2  0.0000000002
4 7 7 2  -0.0002047532
4 0 0 4  0.2054422493
4 0 2 4  0.0000000017
4 0 4 4  -0.0000000014
4 0 6 4  0.0899856973
4 1 1 4  0.2054422493
4 1 3 4  0.0000000017
4 1 5 4  -0.0000000014
4 1 7 4  0.0899856973
4 2 0 4  0.0000000017
4 2 2 4  0.1014941607
4 2 4 4  -0.0008207186
4 2 6 4  0.0000000010
4 3 1 4  0.0000000017
4 3 3 4  0.1014941607
4 3 5 4  -0.0008207186
4 3 7 4  0.0000000010
4 4 0 4  -0.0000000014
4 4 2 4  -0.0008207186
4 4 4 4  0.3366959787
4 4 6 4  0.0000000023
4 5 1 4  -0.0000000014
4 5 3 4  -0.0008207186
4 5 5 4  0.3366959787
4 5 7 4  0.0000000023
4 6 0 4  0.0899856973
4 6 2 4  0.0000000010
4 6 4 4  0.0000000023
4 6 6 4  0.2117216540
4 7 1 4  0.0899856973
4 7 3 4  0.0000000010
4 7 5 4  0.0000000023
4 7 7 4  0.2117216540
4 0 0 6  -0.0000000004
4 0 2 6  0.0010809180
4 0 4 6  0.0147718863
4 0 6 6  0.0000000012
4 1 1 6  -0.0000000004
4 1 3 6  0.0010809180
4 1 5 6  0.0147718863
4 1 7 6  0.0000000012
4 2 0 6  0.0010809180
4 2 2 6  -0.0000000011
4 2 4 6  0.0000000002
4 2 6 6  -0.0008269665
4 3 1 6  0.0010809180
4 3 3 6  -0.0000000011
4 3 5 6  0.0000000002
4 3 7 6  -0.0008269665
4 4 0 6  0.0147718863
4 4 2 6  0.0000000002
4 4 4 6  0.0000000023
4 4 6 6  0.0159529833
4 5 1 6  0.0147718863
4 5 3 6  0.0000000002
4 5 5 6  0.0000000023
4 5 7 6  0.0159529833
4 6 0 6  0.0000000012
4 6 2 6  -0.0008269665
4 6 4 6  0.0159529833
4 6 6 6  0.0000000001
4 7 1 6  0.0000000012
4 7 3 6  -0.0008269665
4 7 5 6  0.0159529833
4 7 7 6  0.0000000001
5 0 0 1  0.0000000002
5 0 2 1  0.0014077005
5 0 4 1  0.0138181333
5 0 6 1  -0.0000000018
5 1 1 1  0.0000000002
5 1 3 1  0.0014077005
5 1 5 1  0.0138181333
5 1 7 1  -0.0000000018
5 2 0 1  0.0014077005
5 2 2 1  0.0000000018
5 2 4 1  0.0000000002
5 2 6 1  -0.0010809180
5 3 1 1  0.0014077005
5 3 3 1  0.0000000018
5 3 5 1  0.0000000002
5 3 7 1  -0.0010809180
5 4 0 1  0.0138181333
5 4 2 1  0.0000000002
5 4 4 1  -0.0000000014
5 4 6 1  0.0147718863
5 5 1 1  0.0138181333
5 5 3 1  0.0000000002
5 5 5 1  -0.0000000014
5 5 7 1  0.0147718863
5 6 0 1  -0.0000000018
5 6 2 1  -0.0010809180
5 6 4 1  0.0147718863
5 6 6 1  0.0000000005
5 7 1 1  -0.0000000018
5 7 3 1  -0.0010809180
5 7 5 1  0.0147718863
5 7 7 1  0.0000000005
5 0 0 3  0.0000583554
5 0 2 3  0.0000000003
5 0 4 3  0.0000000002
5 1 1 3  0.0000583554
5 1 3 3  0.0000000003
5 1 5 3  0.0000000002
5 2 0 3  0.0000000003
5 2 2 3  -0.0008207186
5 2 4 3  0.0000332305
5 2 6 3  -0.0000000003
5 3 1 3  0.0000000003
5 3 3 3  -0.0008207186
5 3 5 3  0.0000332305
5 3 7 3  -0.0000000003
5 4 0 3  0.0000000002
5 4 2 3  0.0000332305
5 4 4 3  -0.0008207186
5 4 6 3  0.0000000002
5 5 1 3  0.0000000002
5 5 3 3  0.0000332305
5 5 5 3  -0.0008207186
5 5 7 3  0.0000000002
5 6 2 3  -0.0000000003
5 6 4 3  0.0000000002
5 6 6 3  -0.0002047532
5 7 3 3  -0.0000000003
5 7 5 3  0.0000000002
5 7 7 3  -0.0002047532
5 0 0 5  0.2054422493
5 0 2 5  0.0000000017
5 0 4 5  -0.0000000014
5 0 6 5  0.0899856973
5 1 1 5  0.2054422493
5 1 3 5  0.0000000017
5 1 5 5  -0.0000000014
5 1 7 5  0.0899856973
5 2 0 5  0.0000000017
5 2 2 5  0.1014941607
5 2 4 5  -0.0008207186
5 2 6 5  0.0000000010
5 3 1 5  0.0000000017
5 3 3 5  0.1014941607
5 3 5 5  -0.0008207186
5 3 7 5  0.0000000010
5 4 0 5  -0.0000000014
5 4 2 5  -0.0008207186
5 4 4 5  0.3366959787
5 4 6 5  0.0000000023
5 5 1 5  -0.0000000014
5 5 3 5  -0.0008207186
5 5 5 5  0.3366959787
5 5 7 5  0.0000000023
5 6 0 5  0.0899856973
5 6 2 5  0.0000000010
5 6 4 5  0.0000000023
5 6 6 5  0.2117216540
5 7 1 5  0.0899856973
5 7 3 5  0.0000000010
5 7 5 5  0.0000000023
5 7 7 5  0.2117216540
5 0 0 7  -0.0000000004
5 0 2 7  0.0010809180
5 0 4 7  0.0147718863
5 0 6 7  0.0000000012
5 1 1 7  -0.0000000004
5 1 3 7  0.0010809180
5 1 5 7  0.0147718863
5 1 7 7  0.0000000012
5 2 0 7  0.0010809180
5 2 2 7  -0.0000000011
5 2 4 7  0.0000000002
5 2 6 7  -0.0008269665
5 3 1 7  0.0010809180
5 3 3 7  -0.0000000011
5 3 5 7  0.0000000002
5 3 7 7  -0.0008269665
5 4 0 7  0.0147718863
5 4 2 7  0.0000000002
5 4 4 7  0.0000000023
5 4 6 7  0.0159529833
5 5 1 7  0.0147718863
5 5 3 7  0.0000000002
5 5 5 7  0.0000000023
5 5 7 7  0.0159529833
5 6 0 7  0.0000000012
5 6 2 7  -0.0008269665
5 6 4 7  0.0159529833
5 6 6 7  0.0000000001
5 7 1 7  0.0000000012
5 7 3 7  -0.0008269665
5 7 5 7  0.0159529833
5 7 7 7  0.0000000001
6 0 2 0  0.0000000015
6 0 4 0  -0.0000000018
6 0 6 0  0.1061061097
6 1 3 0  0.0000000015
6 1 5 0  -0.0000000018
6 1 7 0  0.1061061097
6 2 0 0  0.0000000015
6 2 2 0  -0.0899856973
6 2 6 0  0.0000000012
6 3 1 0  0.0000000015
6 3 3 0  -0.0899856973
6 3 7 0  0.0000000012
6 4 0 0  -0.0000000018
6 4 4 0  0.0899856973
6 4 6 0  0.0000000012
6 5 1 0  -0.0000000018
6 5 5 0  0.0899856973
6 5 7 0  0.0000000012
6 6 0 0  0.1061061097
6 6 2 0  0.0000000012
6 6 4 0  0.0000000012
6 7 1 0  0.1061061097
6 7 3 0  0.0000000012
6 7 5 0  0.0000000012
6 0 0 2  0.0000000003
6 0 2 2  -0.0147718863
6 0 4 2  -0.0010809180
6 0 6 2  0.0000000012
6 1 1 2  0.0000000003
6 1 3 2  -0.0147718863
6 1 5 2  -0.0010809180
6 1 7 2  0.0000000012
6 2 0 2  -0.0147718863
6 2 2 2  -0.0000000018
6 2 4 2  -0.0000000003
6 2 6 2  0.0159529833
6 3 1 2  -0.0147718863
6 3 3 2  -0.0000000018
6 3 5 2  -0.0000000003
6 3 7 2  0.0159529833
6 4 0 2  -0.0010809180
6 4 2 2  -0.0000000003
6 4 4 2  0.0000000010
6 4 6 2  -0.0008269665
6 5 1 2  -0.0010809180
6 5 3 2  -0.0000000003
6 5 5 2  0.0000000010
6 5 7 2  -0.0008269665
6 6 0 2  0.0000000012
6 6 2 2  0.0159529833
6 6 4 2  -0.0008269665
6 6 6 2  -0.0000000001
6 7 1 2  0.0000000012
6 7 3 2  0.0159529833
6 7 5 2  -0.0008269665
6 7 7 2  -0.0000000001
6 0 0 4  -0.0000000004
6 0 2 4  0.0010809180
6 0 4 4  0.0147718863
6 0 6 4  0.0000000012
6 1 1 4  -0.0000000004
6 1 3 4  0.0010809180
6 1 5 4  0.0147718863
6 1 7 4  0.0000000012
6 2 0 4  0.0010809180
6 2 2 4  -0.0000000011
6 2 4 4  0.0000000002
6 2 6 4  -0.0008269665
6 3 1 4  0.0010809180
6 3 3 4  -0.0000000011
6 3 5 4  0.0000000002
6 3 7 4  -0.0008269665
6 4 0 4  0.0147718863
6 4 2 4  0.0000000002
6 4 4 4  0.0000000023
6 4 6 4  0.0159529833
6 5 1 4  0.0147718863
6 5 3 4  0.0000000002
6 5 5 4  0.0000000023
6 5 7 4  0.0159529833
6 6 0 4  0.0000000012
6 6 2 4  -0.0008269665
6 6 4 4  0.0159529833
6 6 6 4  0.0000000001
6 7 1 4  0.0000000012
6 7 3 4  -0.0008269665
6 7 5 4  0.0159529833
6 7 7 4  0.0000000001
6 0 0 6  0.2497498912
6 0 2 6  0.0000000006
6 0 4 6  0.0000000005
6 1 1 6  0.2497498912
6 1 3 6  0.0000000006
6 1 5 6  0.0000000005
6 2 0 6  0.0000000006
6 2 2 6  0.2117216540
6 2 4 6  -0.0002047532
6 2 6 6  -0.0000000001
6 3 1 6  0.0000000006
6 3 3 6  0.2117216540
6 3 5 6  -0.0002047532
6 3 7 6  -0.0000000001
6 4 0 6  0.0000000005
6 4 2 6  -0.0002047532
6 4 4 6  0.2117216540
6 4 6 6  0.0000000001
6 5 1 6  0.0000000005
6 5 3 6  -0.0002047532
6 5 5 6  0.2117216540
6 5 7 6  0.0000000001
6 6 2 6  -0.0000000001
6 6 4 6  0.0000000001
6 6 6 6  0.2546509618
6 7 3 6  -0.0000000001
6 7 5 6  0.0000000001
6 7 7 6  0.2546509618
7 0 2 1  0.0000000015
7 0 4 1  -0.0000000018
7 0 6 1  0.1061061097
7 1 3 1  0.0000000015
7 1 5 1  -0.0000000018
7 1 7 1  0.1061061097
7 2 0 1  0.0000000015
7 2 2 1  -0.0899856973
7 2 6 1  0.0000000012
7 3 1 1  0.0000000015
7 3 3 1  -0.0899856973
7 3 7 1  0.0000000012
7 4 0 1  -0.0000000018
7 4 4 1  0.0899856973
7 4 6 1  0.0000000012
7 5 1 1  -0.0000000018
7 5 5 1  0.0899856973
7 5 7 1  0.0000000012
7 6 0 1  0.1061061097
7 6 2 1  0.0000000012
7 6 4 1  0.0000000012
7 7 1 1  0.1061061097
7 7 3 1  0.0000000012
7 7 5 1  0.0000000012
7 0 0 3  0.0000000003
7 0 2 3  -0.0147718863
7 0 4 3  -0.0010809180
7 0 6 3  0.0000000012
7 1 1 3  0.0000000003
7 1 3 3  -0.0147718863
7 1 5 3  -0.0010809180
7 1 7 3  0.0000000012
7 2 0 3  -0.0147718863
7 2 2 3  -0.0000000018
7 2 4 3  -0.0000000003
7 2 6 3  0.0159529833
7 3 1 3  -0.0147718863
7 3 3 3  -0.0000000018
7 3 5 3  -0.0000000003
7 3 7 3  0.0159529833
7 4 0 3  -0.0010809180
7 4 2 3  -0.0000000003
7 4 4 3  0.0000000010
7 4 6 3  -0.0008269665
7 5 1 3  -0.0010809180
7 5 3 3  -0.0000000003
7 5 5 3  0.0000000010
7 5 7 3  -0.0008269665
7 6 0 3  0.0000000012
7 6 2 3  0.0159529833
7 6 4 3  -0.0008269665
7 6 6 3  -0.0000000001
7 7 1 3  0.0000000012
7 7 3 3  0.0159529833
7 7 5 3  -0.0008269665
7 7 7 3  -0.0000000001
7 0 0 5  -0.0000000004
7 0 2 5  0.0010809180
7 0 4 5  0.0147718863
7 0 6 5  0.0000000012
7 1 1 5  -0.0000000004
7 1 3 5  0.0010809180
7 1 5 5  0.0147718863
7 1 7 5  0.0000000012
7 2 0 5  0.0010809180
7 2 2 5  -0.0000000011
7 2 4 5  0.0000000002
7 2 6 5  -0.0008269665
7 3 1 5  0.0010809180
7 3 3 5  -0.0000000011
7 3 5 5  0.0000000002
7 3 7 5  -0.0008269665
7 4 0 5  0.0147718863
7 4 2 5  0.0000000002
7 4 4 5  0.0000000023
7 4 6 5  0.0159529833
7 5 1 5  0.0147718863
7 5 3 5  0.0000000002
7 5 5 5  0.0000000023
7 5 7 5  0.0159529833
7 6 0 5  0.0000000012
7 6 2 5  -0.0008269665
7 6 4 5  0.0159529833
7 6 6 5  0.0000000001
7 7 1 5  0.0000000012
7 7 3 5  -0.0008269665
7 7 5 5  0.0159529833
7 7 7 5  0.0000000001
7 0 0 7  0.2497498912
7 0 2 7  0.0000000006
7 0 4 7  0.0000000005
7 1 1 7  0.2497498912
7 1 3 7  0.0000000006
7 1 5 7  0.0000000005
7 2 0 7  0.0000000006
7 2 2 7  0.2117216540
7 2 4 7  -0.0002047532
7 2 6 7  -0.0000000001
7 3 1 7  0.0000000006
7 3 3 7  0.2117216540
7 3 5 7  -0.0002047532
7 3 7 7  -0.0000000001
7 4 0 7  0.0000000005
7 4 2 7  -0.0002047532
7 4 4 7  0.2117216540
7 4 6 7  0.0000000001
7 5 1 7  0.0000000005
7 5 3 7  -0.0002047532
7 5 5 7  0.2117216540
7 5 7 7  0.0000000001
7 6 2 7  -0.0000000001
7 6 4 7  0.0000000001
7 6 6 7  0.2546509618
7 7 3 7  -0.0000000001
7 7 5 7  0.0000000001
7 7 7 7  0.2546509618

 E(Ref) = -77.5066982466 Hartree, <S**2> = 1.0000
 E(FCI) = -77.6478984062 Hartree, <S**2> = -0.0000
