 MO Integrals with frozen core/virtual approximation

-73.73878652093818
0 0  -1.7366739105
0 2  0.0000000003
0 4  -0.0000000034
0 6  0.0000000004
1 1  -1.7366739105
1 3  0.0000000003
1 5  -0.0000000034
1 7  0.0000000004
2 0  0.0000000003
2 2  -1.4021495298
2 4  -0.0249772512
2 6  0.0000000011
3 1  0.0000000003
3 3  -1.4021495298
3 5  -0.0249772512
3 7  0.0000000011
4 0  -0.0000000034
4 2  -0.0249772512
4 4  -1.4021495290
4 6  -0.0000000024
5 1  -0.0000000034
5 3  -0.0249772512
5 5  -1.4021495290
5 7  -0.0000000024
6 0  0.0000000004
6 2  0.0000000011
6 4  -0.0000000024
6 6  -1.4697915815
7 1  0.0000000004
7 3  0.0000000011
7 5  -0.0000000024
7 7  -1.4697915815
0 0 0 0  0.2669992493
0 0 2 0  -0.0000000001
0 0 4 0  0.0000000002
0 1 1 0  0.2669992493
0 1 3 0  -0.0000000001
0 1 5 0  0.0000000002
0 2 0 0  -0.0000000001
0 2 2 0  0.2146852690
0 2 4 0  0.0004616073
0 2 6 0  -0.0000000002
0 3 1 0  -0.0000000001
0 3 3 0  0.2146852690
0 3 5 0  0.0004616073
0 3 7 0  -0.0000000002
0 4 0 0  0.0000000002
0 4 2 0  0.0004616073
0 4 4 0  0.2146852690
0 4 6 0  0.0000000012
0 5 1 0  0.0000000002
0 5 3 0  0.0004616073
0 5 5 0  0.2146852690
0 5 7 0  0.0000000012
0 6 2 0  -0.0000000002
0 6 4 0  0.0000000012
0 6 6 0  0.2640784594
0 7 3 0  -0.0000000002
0 7 5 0  0.0000000012
0 7 7 0  0.2640784594
0 0 0 2  -0.0000000001
0 0 2 2  0.0141866442
0 0 4 2  0.0024119165
0 0 6 2  -0.0000000005
0 1 1 2  -0.0000000001
0 1 3 2  0.0141866442
0 1 5 2  0.0024119165
0 1 7 2  -0.0000000005
0 2 0 2  0.0141866442
0 2 2 2  0.0000000005
0 2 4 2  -0.0000000003
0 2 6 2  -0.0152757822
0 3 1 2  0.0141866442
0 3 3 2  0.0000000005
0 3 5 2  -0.0000000003
0 3 7 2  -0.0152757822
0 4 0 2  0.0024119165
0 4 2 2  -0.0000000003
0 4 4 2  -0.0000000002
0 4 6 2  0.0016761076
0 5 1 2  0.0024119165
0 5 3 2  -0.0000000003
0 5 5 2  -0.0000000002
0 5 7 2  0.0016761076
0 6 0 2  -0.0000000005
0 6 2 2  -0.0152757822
0 6 4 2  0.0016761076
0 6 6 2  -0.0000000002
0 7 1 2  -0.0000000005
0 7 3 2  -0.0152757822
0 7 5 2  0.0016761076
0 7 7 2  -0.0000000002
0 0 0 4  0.0000000002
0 0 2 4  0.0024119165
0 0 4 4  0.0141866442
0 0 6 4  0.0000000014
0 1 1 4  0.0000000002
0 1 3 4  0.0024119165
0 1 5 4  0.0141866442
0 1 7 4  0.0000000014
0 2 0 4  0.0024119165
0 2 2 4  -0.0000000015
0 2 4 4  -0.0000000001
0 2 6 4  -0.0016761076
0 3 1 4  0.0024119165
0 3 3 4  -0.0000000015
0 3 5 4  -0.0000000001
0 3 7 4  -0.0016761076
0 4 0 4  0.0141866442
0 4 2 4  -0.0000000001
0 4 4 4  0.0000000024
0 4 6 4  0.0152757822
0 5 1 4  0.0141866442
0 5 3 4  -0.0000000001
0 5 5 4  0.0000000024
0 5 7 4  0.0152757822
0 6 0 4  0.0000000014
0 6 2 4  -0.0016761076
0 6 4 4  0.0152757822
0 6 6 4  -0.0000000006
0 7 1 4  0.0000000014
0 7 3 4  -0.0016761076
0 7 5 4  0.0152757822
0 7 7 4  -0.0000000006
0 0 2 6  -0.0000000005
0 0 4 6  0.0000000014
0 0 6 6  0.0966828288
0 1 3 6  -0.0000000005
0 1 5 6  0.0000000014
0 1 7 6  0.0966828288
0 2 0 6  -0.0000000005
0 2 2 6  -0.0829543196
0 2 6 6  -0.0000000004
0 3 1 6  -0.0000000005
0 3 3 6  -0.0829543196
0 3 7 6  -0.0000000004
0 4 0 6  0.0000000014
0 4 4 6  0.0829543196
0 4 6 6  -0.0000000021
0 5 1 6  0.0000000014
0 5 5 6  0.0829543196
0 5 7 6  -0.0000000021
0 6 0 6  0.0966828288
0 6 2 6  -0.0000000004
0 6 4 6  -0.0000000021
0 7 1 6  0.0966828288
0 7 3 6  -0.0000000004
0 7 5 6  -0.0000000021
1 0 0 1  0.2669992493
1 0 2 1  -0.0000000001
1 0 4 1  0.0000000002
1 1 1 1  0.2669992493
1 1 3 1  -0.0000000001
1 1 5 1  0.0000000002
1 2 0 1  -0.0000000001
1 2 2 1  0.2146852690
1 2 4 1  0.0004616073
1 2 6 1  -0.0000000002
1 3 1 1  -0.0000000001
1 3 3 1  0.2146852690
1 3 5 1  0.0004616073
1 3 7 1  -0.0000000002
1 4 0 1  0.0000000002
1 4 2 1  0.0004616073
1 4 4 1  0.2146852690
1 4 6 1  0.0000000012
1 5 1 1  0.0000000002
1 5 3 1  0.0004616073
1 5 5 1  0.2146852690
1 5 7 1  0.0000000012
1 6 2 1  -0.0000000002
1 6 4 1  0.0000000012
1 6 6 1  0.2640784594
1 7 3 1  -0.0000000002
1 7 5 1  0.0000000012
1 7 7 1  0.2640784594
1 0 0 3  -0.0000000001
1 0 2 3  0.0141866442
1 0 4 3  0.0024119165
1 0 6 3  -0.0000000005
1 1 1 3  -0.0000000001
1 1 3 3  0.0141866442
1 1 5 3  0.0024119165
1 1 7 3  -0.0000000005
1 2 0 3  0.0141866442
1 2 2 3  0.0000000005
1 2 4 3  -0.0000000003
1 2 6 3  -0.0152757822
1 3 1 3  0.0141866442
1 3 3 3  0.0000000005
1 3 5 3  -0.0000000003
1 3 7 3  -0.0152757822
1 4 0 3  0.0024119165
1 4 2 3  -0.0000000003
1 4 4 3  -0.0000000002
1 4 6 3  0.0016761076
1 5 1 3  0.0024119165
1 5 3 3  -0.0000000003
1 5 5 3  -0.0000000002
1 5 7 3  0.0016761076
1 6 0 3  -0.0000000005
1 6 2 3  -0.0152757822
1 6 4 3  0.0016761076
1 6 6 3  -0.0000000002
1 7 1 3  -0.0000000005
1 7 3 3  -0.0152757822
1 7 5 3  0.0016761076
1 7 7 3  -0.0000000002
1 0 0 5  0.0000000002
1 0 2 5  0.0024119165
1 0 4 5  0.0141866442
1 0 6 5  0.0000000014
1 1 1 5  0.0000000002
1 1 3 5  0.0024119165
1 1 5 5  0.0141866442
1 1 7 5  0.0000000014
1 2 0 5  0.0024119165
1 2 2 5  -0.0000000015
1 2 4 5  -0.0000000001
1 2 6 5  -0.0016761076
1 3 1 5  0.0024119165
1 3 3 5  -0.0000000015
1 3 5 5  -0.0000000001
1 3 7 5  -0.0016761076
1 4 0 5  0.0141866442
1 4 2 5  -0.0000000001
1 4 4 5  0.0000000024
1 4 6 5  0.0152757822
1 5 1 5  0.0141866442
1 5 3 5  -0.0000000001
1 5 5 5  0.0000000024
1 5 7 5  0.0152757822
1 6 0 5  0.0000000014
1 6 2 5  -0.0016761076
1 6 4 5  0.0152757822
1 6 6 5  -0.0000000006
1 7 1 5  0.0000000014
1 7 3 5  -0.0016761076
1 7 5 5  0.0152757822
1 7 7 5  -0.0000000006
1 0 2 7  -0.0000000005
1 0 4 7  0.0000000014
1 0 6 7  0.0966828288
1 1 3 7  -0.0000000005
1 1 5 7  0.0000000014
1 1 7 7  0.0966828288
1 2 0 7  -0.0000000005
1 2 2 7  -0.0829543196
1 2 6 7  -0.0000000004
1 3 1 7  -0.0000000005
1 3 3 7  -0.0829543196
1 3 7 7  -0.0000000004
1 4 0 7  0.0000000014
1 4 4 7  0.0829543196
1 4 6 7  -0.0000000021
1 5 1 7  0.0000000014
1 5 5 7  0.0829543196
1 5 7 7  -0.0000000021
1 6 0 7  0.0966828288
1 6 2 7  -0.0000000004
1 6 4 7  -0.0000000021
1 7 1 7  0.0966828288
1 7 3 7  -0.0000000004
1 7 5 7  -0.0000000021
2 0 0 0  -0.0000000001
2 0 2 0  0.0141866442
2 0 4 0  0.0024119165
2 0 6 0  -0.0000000005
2 1 1 0  -0.0000000001
2 1 3 0  0.0141866442
2 1 5 0  0.0024119165
2 1 7 0  -0.0000000005
2 2 0 0  0.0141866442
2 2 2 0  0.0000000005
2 2 4 0  -0.0000000003
2 2 6 0  -0.0152757822
2 3 1 0  0.0141866442
2 3 3 0  0.0000000005
2 3 5 0  -0.0000000003
2 3 7 0  -0.0152757822
2 4 0 0  0.0024119165
2 4 2 0  -0.0000000003
2 4 4 0  -0.0000000002
2 4 6 0  0.0016761076
2 5 1 0  0.0024119165
2 5 3 0  -0.0000000003
2 5 5 0  -0.0000000002
2 5 7 0  0.0016761076
2 6 0 0  -0.0000000005
2 6 2 0  -0.0152757822
2 6 4 0  0.0016761076
2 6 6 0  -0.0000000002
2 7 1 0  -0.0000000005
2 7 3 0  -0.0152757822
2 7 5 0  0.0016761076
2 7 7 0  -0.0000000002
2 0 0 2  0.2146852690
2 0 2 2  0.0000000005
2 0 4 2  -0.0000000015
2 0 6 2  -0.0829543196
2 1 1 2  0.2146852690
2 1 3 2  0.0000000005
2 1 5 2  -0.0000000015
2 1 7 2  -0.0829543196
2 2 0 2  0.0000000005
2 2 2 2  0.3369072430
2 2 4 2  -0.0012762094
2 2 6 2  0.0000000004
2 3 1 2  0.0000000005
2 3 3 2  0.3369072430
2 3 5 2  -0.0012762094
2 3 7 2  0.0000000004
2 4 0 2  -0.0000000015
2 4 2 2  -0.0012762094
2 4 4 2  0.1140237956
2 4 6 2  0.0000000024
2 5 1 2  -0.0000000015
2 5 3 2  -0.0012762094
2 5 5 2  0.1140237956
2 5 7 2  0.0000000024
2 6 0 2  -0.0829543196
2 6 2 2  0.0000000004
2 6 4 2  0.0000000024
2 6 6 2  0.2221187403
2 7 1 2  -0.0829543196
2 7 3 2  0.0000000004
2 7 5 2  0.0000000024
2 7 7 2  0.2221187403
2 0 0 4  0.0004616073
2 0 2 4  -0.0000000003
2 0 4 4  -0.0000000001
2 1 1 4  0.0004616073
2 1 3 4  -0.0000000003
2 1 5 4  -0.0000000001
2 2 0 4  -0.0000000003
2 2 2 4  -0.0012762094
2 2 4 4  0.0001101225
2 2 6 4  0.0000000003
2 3 1 4  -0.0000000003
2 3 3 4  -0.0012762094
2 3 5 4  0.0001101225
2 3 7 4  0.0000000003
2 4 0 4  -0.0000000001
2 4 2 4  0.0001101225
2 4 4 4  -0.0012762094
2 4 6 4  -0.0000000001
2 5 1 4  -0.0000000001
2 5 3 4  0.0001101225
2 5 5 4  -0.0012762094
2 5 7 4  -0.0000000001
2 6 2 4  0.0000000003
2 6 4 4  -0.0000000001
2 6 6 4  -0.0002164417
2 7 3 4  0.0000000003
2 7 5 4  -0.0000000001
2 7 7 4  -0.0002164417
2 0 0 6  -0.0000000002
2 0 2 6  -0.0152757822
2 0 4 6  -0.0016761076
2 0 6 6  -0.0000000004
2 1 1 6  -0.0000000002
2 1 3 6  -0.0152757822
2 1 5 6  -0.0016761076
2 1 7 6  -0.0000000004
2 2 0 6  -0.0152757822
2 2 2 6  0.0000000004
2 2 4 6  0.0000000003
2 2 6 6  0.0168969583
2 3 1 6  -0.0152757822
2 3 3 6  0.0000000004
2 3 5 6  0.0000000003
2 3 7 6  0.0168969583
2 4 0 6  -0.0016761076
2 4 2 6  0.0000000003
2 4 4 6  -0.0000000006
2 4 6 6  -0.0011413135
2 5 1 6  -0.0016761076
2 5 3 6  0.0000000003
2 5 5 6  -0.0000000006
2 5 7 6  -0.0011413135
2 6 0 6  -0.0000000004
2 6 2 6  0.0168969583
2 6 4 6  -0.0011413135
2 7 1 6  -0.0000000004
2 7 3 6  0.0168969583
2 7 5 6  -0.0011413135
3 0 0 1  -0.0000000001
3 0 2 1  0.0141866442
3 0 4 1  0.0024119165
3 0 6 1  -0.0000000005
3 1 1 1  -0.0000000001
3 1 3 1  0.0141866442
3 1 5 1  0.0024119165
3 1 7 1  -0.0000000005
3 2 0 1  0.0141866442
3 2 2 1  0.0000000005
3 2 4 1  -0.0000000003
3 2 6 1  -0.0152757822
3 3 1 1  0.0141866442
3 3 3 1  0.0000000005
3 3 5 1  -0.0000000003
3 3 7 1  -0.0152757822
3 4 0 1  0.0024119165
3 4 2 1  -0.0000000003
3 4 4 1  -0.0000000002
3 4 6 1  0.0016761076
3 5 1 1  0.0024119165
3 5 3 1  -0.0000000003
3 5 5 1  -0.0000000002
3 5 7 1  0.0016761076
3 6 0 1  -0.0000000005
3 6 2 1  -0.0152757822
3 6 4 1  0.0016761076
3 6 6 1  -0.0000000002
3 7 1 1  -0.0000000005
3 7 3 1  -0.0152757822
3 7 5 1  0.0016761076
3 7 7 1  -0.0000000002
3 0 0 3  0.2146852690
3 0 2 3  0.0000000005
3 0 4 3  -0.0000000015
3 0 6 3  -0.0829543196
3 1 1 3  0.2146852690
3 1 3 3  0.0000000005
3 1 5 3  -0.0000000015
3 1 7 3  -0.0829543196
3 2 0 3  0.0000000005
3 2 2 3  0.3369072430
3 2 4 3  -0.0012762094
3 2 6 3  0.0000000004
3 3 1 3  0.0000000005
3 3 3 3  0.3369072430
3 3 5 3  -0.0012762094
3 3 7 3  0.0000000004
3 4 0 3  -0.0000000015
3 4 2 3  -0.0012762094
3 4 4 3  0.1140237956
3 4 6 3  0.0000000024
3 5 1 3  -0.0000000015
3 5 3 3  -0.0012762094
3 5 5 3  0.1140237956
3 5 7 3  0.0000000024
3 6 0 3  -0.0829543196
3 6 2 3  0.0000000004
3 6 4 3  0.0000000024
3 6 6 3  0.2221187403
3 7 1 3  -0.0829543196
3 7 3 3  0.0000000004
3 7 5 3  0.0000000024
3 7 7 3  0.2221187403
3 0 0 5  0.0004616073
3 0 2 5  -0.0000000003
3 0 4 5  -0.0000000001
3 1 1 5  0.0004616073
3 1 3 5  -0.0000000003
3 1 5 5  -0.0000000001
3 2 0 5  -0.0000000003
3 2 2 5  -0.0012762094
3 2 4 5  0.0001101225
3 2 6 5  0.0000000003
3 3 1 5  -0.0000000003
3 3 3 5  -0.0012762094
3 3 5 5  0.0001101225
3 3 7 5  0.0000000003
3 4 0 5  -0.0000000001
3 4 2 5  0.0001101225
3 4 4 5  -0.0012762094
3 4 6 5  -0.0000000001
3 5 1 5  -0.0000000001
3 5 3 5  0.0001101225
3 5 5 5  -0.0012762094
3 5 7 5  -0.0000000001
3 6 2 5  0.0000000003
3 6 4 5  -0.0000000001
3 6 6 5  -0.0002164417
3 7 3 5  0.0000000003
3 7 5 5  -0.0000000001
3 7 7 5  -0.0002164417
3 0 0 7  -0.0000000002
3 0 2 7  -0.0152757822
3 0 4 7  -0.0016761076
3 0 6 7  -0.0000000004
3 1 1 7  -0.0000000002
3 1 3 7  -0.0152757822
3 1 5 7  -0.0016761076
3 1 7 7  -0.0000000004
3 2 0 7  -0.0152757822
3 2 2 7  0.0000000004
3 2 4 7  0.0000000003
3 2 6 7  0.0168969583
3 3 1 7  -0.0152757822
3 3 3 7  0.0000000004
3 3 5 7  0.0000000003
3 3 7 7  0.0168969583
3 4 0 7  -0.0016761076
3 4 2 7  0.0000000003
3 4 4 7  -0.0000000006
3 4 6 7  -0.0011413135
3 5 1 7  -0.0016761076
3 5 3 7  0.0000000003
3 5 5 7  -0.0000000006
3 5 7 7  -0.0011413135
3 6 0 7  -0.0000000004
3 6 2 7  0.0168969583
3 6 4 7  -0.0011413135
3 7 1 7  -0.0000000004
3 7 3 7  0.0168969583
3 7 5 7  -0.0011413135
4 0 0 0  0.0000000002
4 0 2 0  0.0024119165
4 0 4 0  0.0141866442
4 0 6 0  0.0000000014
4 1 1 0  0.0000000002
4 1 3 0  0.0024119165
4 1 5 0  0.0141866442
4 1 7 0  0.0000000014
4 2 0 0  0.0024119165
4 2 2 0  -0.0000000015
4 2 4 0  -0.0000000001
4 2 6 0  -0.0016761076
4 3 1 0  0.0024119165
4 3 3 0  -0.0000000015
4 3 5 0  -0.0000000001
4 3 7 0  -0.0016761076
4 4 0 0  0.0141866442
4 4 2 0  -0.0000000001
4 4 4 0  0.0000000024
4 4 6 0  0.0152757822
4 5 1 0  0.0141866442
4 5 3 0  -0.0000000001
4 5 5 0  0.0000000024
4 5 7 0  0.0152757822
4 6 0 0  0.0000000014
4 6 2 0  -0.0016761076
4 6 4 0  0.0152757822
4 6 6 0  -0.0000000006
4 7 1 0  0.0000000014
4 7 3 0  -0.0016761076
4 7 5 0  0.0152757822
4 7 7 0  -0.0000000006
4 0 0 2  0.0004616073
4 0 2 2  -0.0000000003
4 0 4 2  -0.0000000001
4 1 1 2  0.0004616073
4 1 3 2  -0.0000000003
4 1 5 2  -0.0000000001
4 2 0 2  -0.0000000003
4 2 2 2  -0.0012762094
4 2 4 2  0.0001101225
4 2 6 2  0.0000000003
4 3 1 2  -0.0000000003
4 3 3 2  -0.0012762094
4 3 5 2  0.0001101225
4 3 7 2  0.0000000003
4 4 0 2  -0.0000000001
4 4 2 2  0.0001101225
4 4 4 2  -0.0012762094
4 4 6 2  -0.0000000001
4 5 1 2  -0.0000000001
4 5 3 2  0.0001101225
4 5 5 2  -0.0012762094
4 5 7 2  -0.0000000001
4 6 2 2  0.0000000003
4 6 4 2  -0.0000000001
4 6 6 2  -0.0002164417
4 7 3 2  0.0000000003
4 7 5 2  -0.0000000001
4 7 7 2  -0.0002164417
4 0 0 4  0.2146852690
4 0 2 4  -0.0000000002
4 0 4 4  0.0000000024
4 0 6 4  0.0829543196
4 1 1 4  0.2146852690
4 1 3 4  -0.0000000002
4 1 5 4  0.0000000024
4 1 7 4  0.0829543196
4 2 0 4  -0.0000000002
4 2 2 4  0.1140237956
4 2 4 4  -0.0012762094
4 2 6 4  -0.0000000006
4 3 1 4  -0.0000000002
4 3 3 4  0.1140237956
4 3 5 4  -0.0012762094
4 3 7 4  -0.0000000006
4 4 0 4  0.0000000024
4 4 2 4  -0.0012762094
4 4 4 4  0.3369072430
4 4 6 4  -0.0000000011
4 5 1 4  0.0000000024
4 5 3 4  -0.0012762094
4 5 5 4  0.3369072430
4 5 7 4  -0.0000000011
4 6 0 4  0.0829543196
4 6 2 4  -0.0000000006
4 6 4 4  -0.0000000011
4 6 6 4  0.2221187403
4 7 1 4  0.0829543196
4 7 3 4  -0.0000000006
4 7 5 4  -0.0000000011
4 7 7 4  0.2221187403
4 0 0 6  0.0000000012
4 0 2 6  0.0016761076
4 0 4 6  0.0152757822
4 0 6 6  -0.0000000021
4 1 1 6  0.0000000012
4 1 3 6  0.0016761076
4 1 5 6  0.0152757822
4 1 7 6  -0.0000000021
4 2 0 6  0.0016761076
4 2 2 6  0.0000000024
4 2 4 6  -0.0000000001
4 2 6 6  -0.0011413135
4 3 1 6  0.0016761076
4 3 3 6  0.0000000024
4 3 5 6  -0.0000000001
4 3 7 6  -0.0011413135
4 4 0 6  0.0152757822
4 4 2 6  -0.0000000001
4 4 4 6  -0.0000000011
4 4 6 6  0.0168969583
4 5 1 6  0.0152757822
4 5 3 6  -0.0000000001
4 5 5 6  -0.0000000011
4 5 7 6  0.0168969583
4 6 0 6  -0.0000000021
4 6 2 6  -0.0011413135
4 6 4 6  0.0168969583
4 6 6 6  0.0000000004
4 7 1 6  -0.0000000021
4 7 3 6  -0.0011413135
4 7 5 6  0.0168969583
4 7 7 6  0.0000000004
5 0 0 1  0.0000000002
5 0 2 1  0.0024119165
5 0 4 1  0.0141866442
5 0 6 1  0.0000000014
5 1 1 1  0.0000000002
5 1 3 1  0.0024119165
5 1 5 1  0.0141866442
5 1 7 1  0.0000000014
5 2 0 1  0.0024119165
5 2 2 1  -0.0000000015
5 2 4 1  -0.0000000001
5 2 6 1  -0.0016761076
5 3 1 1  0.0024119165
5 3 3 1  -0.0000000015
5 3 5 1  -0.0000000001
5 3 7 1  -0.0016761076
5 4 0 1  0.0141866442
5 4 2 1  -0.0000000001
5 4 4 1  0.0000000024
5 4 6 1  0.0152757822
5 5 1 1  0.0141866442
5 5 3 1  -0.0000000001
5 5 5 1  0.0000000024
5 5 7 1  0.0152757822
5 6 0 1  0.0000000014
5 6 2 1  -0.0016761076
5 6 4 1  0.0152757822
5 6 6 1  -0.0000000006
5 7 1 1  0.0000000014
5 7 3 1  -0.0016761076
5 7 5 1  0.0152757822
5 7 7 1  -0.0000000006
5 0 0 3  0.0004616073
5 0 2 3  -0.0000000003
5 0 4 3  -0.0000000001
5 1 1 3  0.0004616073
5 1 3 3  -0.0000000003
5 1 5 3  -0.0000000001
5 2 0 3  -0.0000000003
5 2 2 3  -0.0012762094
5 2 4 3  0.0001101225
5 2 6 3  0.0000000003
5 3 1 3  -0.0000000003
5 3 3 3  -0.0012762094
5 3 5 3  0.0001101225
5 3 7 3  0.0000000003
5 4 0 3  -0.0000000001
5 4 2 3  0.0001101225
5 4 4 3  -0.0012762094
5 4 6 3  -0.0000000001
5 5 1 3  -0.0000000001
5 5 3 3  0.0001101225
5 5 5 3  -0.0012762094
5 5 7 3  -0.0000000001
5 6 2 3  0.0000000003
5 6 4 3  -0.0000000001
5 6 6 3  -0.0002164417
5 7 3 3  0.0000000003
5 7 5 3  -0.0000000001
5 7 7 3  -0.0002164417
5 0 0 5  0.2146852690
5 0 2 5  -0.0000000002
5 0 4 5  0.0000000024
5 0 6 5  0.0829543196
5 1 1 5  0.2146852690
5 1 3 5  -0.0000000002
5 1 5 5  0.0000000024
5 1 7 5  0.0829543196
5 2 0 5  -0.0000000002
5 2 2 5  0.1140237956
5 2 4 5  -0.0012762094
5 2 6 5  -0.0000000006
5 3 1 5  -0.0000000002
5 3 3 5  0.1140237956
5 3 5 5  -0.0012762094
5 3 7 5  -0.0000000006
5 4 0 5  0.0000000024
5 4 2 5  -0.0012762094
5 4 4 5  0.3369072430
5 4 6 5  -0.0000000011
5 5 1 5  0.0000000024
5 5 3 5  -0.0012762094
5 5 5 5  0.3369072430
5 5 7 5  -0.0000000011
5 6 0 5  0.0829543196
5 6 2 5  -0.0000000006
5 6 4 5  -0.0000000011
5 6 6 5  0.2221187403
5 7 1 5  0.0829543196
5 7 3 5  -0.0000000006
5 7 5 5  -0.0000000011
5 7 7 5  0.2221187403
5 0 0 7  0.0000000012
5 0 2 7  0.0016761076
5 0 4 7  0.0152757822
5 0 6 7  -0.0000000021
5 1 1 7  0.0000000012
5 1 3 7  0.0016761076
5 1 5 7  0.0152757822
5 1 7 7  -0.0000000021
5 2 0 7  0.0016761076
5 2 2 7  0.0000000024
5 2 4 7  -0.0000000001
5 2 6 7  -0.0011413135
5 3 1 7  0.0016761076
5 3 3 7  0.0000000024
5 3 5 7  -0.0000000001
5 3 7 7  -0.0011413135
5 4 0 7  0.0152757822
5 4 2 7  -0.0000000001
5 4 4 7  -0.0000000011
5 4 6 7  0.0168969583
5 5 1 7  0.0152757822
5 5 3 7  -0.0000000001
5 5 5 7  -0.0000000011
5 5 7 7  0.0168969583
5 6 0 7  -0.0000000021
5 6 2 7  -0.0011413135
5 6 4 7  0.0168969583
5 6 6 7  0.0000000004
5 7 1 7  -0.0000000021
5 7 3 7  -0.0011413135
5 7 5 7  0.0168969583
5 7 7 7  0.0000000004
6 0 2 0  -0.0000000005
6 0 4 0  0.0000000014
6 0 6 0  0.0966828288
6 1 3 0  -0.0000000005
6 1 5 0  0.0000000014
6 1 7 0  0.0966828288
6 2 0 0  -0.0000000005
6 2 2 0  -0.0829543196
6 2 6 0  -0.0000000004
6 3 1 0  -0.0000000005
6 3 3 0  -0.0829543196
6 3 7 0  -0.0000000004
6 4 0 0  0.0000000014
6 4 4 0  0.0829543196
6 4 6 0  -0.0000000021
6 5 1 0  0.0000000014
6 5 5 0  0.0829543196
6 5 7 0  -0.0000000021
6 6 0 0  0.0966828288
6 6 2 0  -0.0000000004
6 6 4 0  -0.0000000021
6 7 1 0  0.0966828288
6 7 3 0  -0.0000000004
6 7 5 0  -0.0000000021
6 0 0 2  -0.0000000002
6 0 2 2  -0.0152757822
6 0 4 2  -0.0016761076
6 0 6 2  -0.0000000004
6 1 1 2  -0.0000000002
6 1 3 2  -0.0152757822
6 1 5 2  -0.0016761076
6 1 7 2  -0.0000000004
6 2 0 2  -0.0152757822
6 2 2 2  0.0000000004
6 2 4 2  0.0000000003
6 2 6 2  0.0168969583
6 3 1 2  -0.0152757822
6 3 3 2  0.0000000004
6 3 5 2  0.0000000003
6 3 7 2  0.0168969583
6 4 0 2  -0.0016761076
6 4 2 2  0.0000000003
6 4 4 2  -0.0000000006
6 4 6 2  -0.0011413135
6 5 1 2  -0.0016761076
6 5 3 2  0.0000000003
6 5 5 2  -0.0000000006
6 5 7 2  -0.0011413135
6 6 0 2  -0.0000000004
6 6 2 2  0.0168969583
6 6 4 2  -0.0011413135
6 7 1 2  -0.0000000004
6 7 3 2  0.0168969583
6 7 5 2  -0.0011413135
6 0 0 4  0.0000000012
6 0 2 4  0.0016761076
6 0 4 4  0.0152757822
6 0 6 4  -0.0000000021
6 1 1 4  0.0000000012
6 1 3 4  0.0016761076
6 1 5 4  0.0152757822
6 1 7 4  -0.0000000021
6 2 0 4  0.0016761076
6 2 2 4  0.0000000024
6 2 4 4  -0.0000000001
6 2 6 4  -0.0011413135
6 3 1 4  0.0016761076
6 3 3 4  0.0000000024
6 3 5 4  -0.0000000001
6 3 7 4  -0.0011413135
6 4 0 4  0.0152757822
6 4 2 4  -0.0000000001
6 4 4 4  -0.0000000011
6 4 6 4  0.0168969583
6 5 1 4  0.0152757822
6 5 3 4  -0.0000000001
6 5 5 4  -0.0000000011
6 5 7 4  0.0168969583
6 6 0 4  -0.0000000021
6 6 2 4  -0.0011413135
6 6 4 4  0.0168969583
6 6 6 4  0.0000000004
6 7 1 4  -0.0000000021
6 7 3 4  -0.0011413135
6 7 5 4  0.0168969583
6 7 7 4  0.0000000004
6 0 0 6  0.2640784594
6 0 2 6  -0.0000000002
6 0 4 6  -0.0000000006
6 1 1 6  0.2640784594
6 1 3 6  -0.0000000002
6 1 5 6  -0.0000000006
6 2 0 6  -0.0000000002
6 2 2 6  0.2221187403
6 2 4 6  -0.0002164417
6 3 1 6  -0.0000000002
6 3 3 6  0.2221187403
6 3 5 6  -0.0002164417
6 4 0 6  -0.0000000006
6 4 2 6  -0.0002164417
6 4 4 6  0.2221187403
6 4 6 6  0.0000000004
6 5 1 6  -0.0000000006
6 5 3 6  -0.0002164417
6 5 5 6  0.2221187403
6 5 7 6  0.0000000004
6 6 4 6  0.0000000004
6 6 6 6  0.2692342292
6 7 5 6  0.0000000004
6 7 7 6  0.2692342292
7 0 2 1  -0.0000000005
7 0 4 1  0.0000000014
7 0 6 1  0.0966828288
7 1 3 1  -0.0000000005
7 1 5 1  0.0000000014
7 1 7 1  0.0966828288
7 2 0 1  -0.0000000005
7 2 2 1  -0.0829543196
7 2 6 1  -0.0000000004
7 3 1 1  -0.0000000005
7 3 3 1  -0.0829543196
7 3 7 1  -0.0000000004
7 4 0 1  0.0000000014
7 4 4 1  0.0829543196
7 4 6 1  -0.0000000021
7 5 1 1  0.0000000014
7 5 5 1  0.0829543196
7 5 7 1  -0.0000000021
7 6 0 1  0.0966828288
7 6 2 1  -0.0000000004
7 6 4 1  -0.0000000021
7 7 1 1  0.0966828288
7 7 3 1  -0.0000000004
7 7 5 1  -0.0000000021
7 0 0 3  -0.0000000002
7 0 2 3  -0.0152757822
7 0 4 3  -0.0016761076
7 0 6 3  -0.0000000004
7 1 1 3  -0.0000000002
7 1 3 3  -0.0152757822
7 1 5 3  -0.0016761076
7 1 7 3  -0.0000000004
7 2 0 3  -0.0152757822
7 2 2 3  0.0000000004
7 2 4 3  0.0000000003
7 2 6 3  0.0168969583
7 3 1 3  -0.0152757822
7 3 3 3  0.0000000004
7 3 5 3  0.0000000003
7 3 7 3  0.0168969583
7 4 0 3  -0.0016761076
7 4 2 3  0.0000000003
7 4 4 3  -0.0000000006
7 4 6 3  -0.0011413135
7 5 1 3  -0.0016761076
7 5 3 3  0.0000000003
7 5 5 3  -0.0000000006
7 5 7 3  -0.0011413135
7 6 0 3  -0.0000000004
7 6 2 3  0.0168969583
7 6 4 3  -0.0011413135
7 7 1 3  -0.0000000004
7 7 3 3  0.0168969583
7 7 5 3  -0.0011413135
7 0 0 5  0.0000000012
7 0 2 5  0.0016761076
7 0 4 5  0.0152757822
7 0 6 5  -0.0000000021
7 1 1 5  0.0000000012
7 1 3 5  0.0016761076
7 1 5 5  0.0152757822
7 1 7 5  -0.0000000021
7 2 0 5  0.0016761076
7 2 2 5  0.0000000024
7 2 4 5  -0.0000000001
7 2 6 5  -0.0011413135
7 3 1 5  0.0016761076
7 3 3 5  0.0000000024
7 3 5 5  -0.0000000001
7 3 7 5  -0.0011413135
7 4 0 5  0.0152757822
7 4 2 5  -0.0000000001
7 4 4 5  -0.0000000011
7 4 6 5  0.0168969583
7 5 1 5  0.0152757822
7 5 3 5  -0.0000000001
7 5 5 5  -0.0000000011
7 5 7 5  0.0168969583
7 6 0 5  -0.0000000021
7 6 2 5  -0.0011413135
7 6 4 5  0.0168969583
7 6 6 5  0.0000000004
7 7 1 5  -0.0000000021
7 7 3 5  -0.0011413135
7 7 5 5  0.0168969583
7 7 7 5  0.0000000004
7 0 0 7  0.2640784594
7 0 2 7  -0.0000000002
7 0 4 7  -0.0000000006
7 1 1 7  0.2640784594
7 1 3 7  -0.0000000002
7 1 5 7  -0.0000000006
7 2 0 7  -0.0000000002
7 2 2 7  0.2221187403
7 2 4 7  -0.0002164417
7 3 1 7  -0.0000000002
7 3 3 7  0.2221187403
7 3 5 7  -0.0002164417
7 4 0 7  -0.0000000006
7 4 2 7  -0.0002164417
7 4 4 7  0.2221187403
7 4 6 7  0.0000000004
7 5 1 7  -0.0000000006
7 5 3 7  -0.0002164417
7 5 5 7  0.2221187403
7 5 7 7  0.0000000004
7 6 4 7  0.0000000004
7 6 6 7  0.2692342292
7 7 5 7  0.0000000004
7 7 7 7  0.2692342292

 E(Ref) = -77.5936517358 Hartree, <S**2> = 1.0000
 E(FCI) = -77.6891097289 Hartree, <S**2> = 0.0000
