 MO Integrals with frozen core/virtual approximation

-73.86374527896986
0 0  -1.6399956592
0 2  0.0000000020
0 4  -0.0000000031
1 1  -1.6399956592
1 3  0.0000000020
1 5  -0.0000000031
2 0  0.0000000020
2 2  -1.3596097846
2 4  -0.0158535526
2 6  0.0000000012
3 1  0.0000000020
3 3  -1.3596097846
3 5  -0.0158535526
3 7  0.0000000012
4 0  -0.0000000031
4 2  -0.0158535526
4 4  -1.3596097846
4 6  -0.0000000007
5 1  -0.0000000031
5 3  -0.0158535526
5 5  -1.3596097846
5 7  -0.0000000007
6 2  0.0000000012
6 4  -0.0000000007
6 6  -1.4538975067
7 3  0.0000000012
7 5  -0.0000000007
7 7  -1.4538975067
0 0 0 0  0.2540065683
0 0 2 0  -0.0000000001
0 0 4 0  0.0000000004
0 1 1 0  0.2540065683
0 1 3 0  -0.0000000001
0 1 5 0  0.0000000004
0 2 0 0  -0.0000000001
0 2 2 0  0.2081455104
0 2 4 0  0.0001498797
0 2 6 0  -0.0000000005
0 3 1 0  -0.0000000001
0 3 3 0  0.2081455104
0 3 5 0  0.0001498797
0 3 7 0  -0.0000000005
0 4 0 0  0.0000000004
0 4 2 0  0.0001498797
0 4 4 0  0.2081455104
0 4 6 0  0.0000000005
0 5 1 0  0.0000000004
0 5 3 0  0.0001498797
0 5 5 0  0.2081455104
0 5 7 0  0.0000000005
0 6 2 0  -0.0000000005
0 6 4 0  0.0000000005
0 6 6 0  0.2540135269
0 7 3 0  -0.0000000005
0 7 5 0  0.0000000005
0 7 7 0  0.2540135269
0 0 0 2  -0.0000000001
0 0 2 2  0.0138605655
0 0 4 2  0.0016774112
0 0 6 2  -0.0000000004
0 1 1 2  -0.0000000001
0 1 3 2  0.0138605655
0 1 5 2  0.0016774112
0 1 7 2  -0.0000000004
0 2 0 2  0.0138605655
0 2 2 2  -0.0000000005
0 2 4 2  0.0000000003
0 2 6 2  0.0148874362
0 3 1 2  0.0138605655
0 3 3 2  -0.0000000005
0 3 5 2  0.0000000003
0 3 7 2  0.0148874362
0 4 0 2  0.0016774112
0 4 2 2  0.0000000003
0 4 4 2  0.0000000003
0 4 6 2  -0.0012468744
0 5 1 2  0.0016774112
0 5 3 2  0.0000000003
0 5 5 2  0.0000000003
0 5 7 2  -0.0012468744
0 6 0 2  -0.0000000004
0 6 2 2  0.0148874362
0 6 4 2  -0.0012468744
0 6 6 2  0.0000000002
0 7 1 2  -0.0000000004
0 7 3 2  0.0148874362
0 7 5 2  -0.0012468744
0 7 7 2  0.0000000002
0 0 0 4  0.0000000004
0 0 2 4  0.0016774112
0 0 4 4  0.0138605655
0 0 6 4  0.0000000012
0 1 1 4  0.0000000004
0 1 3 4  0.0016774112
0 1 5 4  0.0138605655
0 1 7 4  0.0000000012
0 2 0 4  0.0016774112
0 2 2 4  0.0000000013
0 2 4 4  0.0000000003
0 2 6 4  0.0012468744
0 3 1 4  0.0016774112
0 3 3 4  0.0000000013
0 3 5 4  0.0000000003
0 3 7 4  0.0012468744
0 4 0 4  0.0138605655
0 4 2 4  0.0000000003
0 4 4 4  -0.0000000012
0 4 6 4  -0.0148874362
0 5 1 4  0.0138605655
0 5 3 4  0.0000000003
0 5 5 4  -0.0000000012
0 5 7 4  -0.0148874362
0 6 0 4  0.0000000012
0 6 2 4  0.0012468744
0 6 4 4  -0.0148874362
0 6 6 4  0.0000000008
0 7 1 4  0.0000000012
0 7 3 4  0.0012468744
0 7 5 4  -0.0148874362
0 7 7 4  0.0000000008
0 0 2 6  -0.0000000004
0 0 4 6  0.0000000012
0 0 6 6  0.1030302213
0 1 3 6  -0.0000000004
0 1 5 6  0.0000000012
0 1 7 6  0.1030302213
0 2 0 6  -0.0000000004
0 2 2 6  0.0877265059
0 2 6 6  0.0000000008
0 3 1 6  -0.0000000004
0 3 3 6  0.0877265059
0 3 7 6  0.0000000008
0 4 0 6  0.0000000012
0 4 4 6  -0.0877265059
0 4 6 6  0.0000000014
0 5 1 6  0.0000000012
0 5 5 6  -0.0877265059
0 5 7 6  0.0000000014
0 6 0 6  0.1030302213
0 6 2 6  0.0000000008
0 6 4 6  0.0000000014
0 7 1 6  0.1030302213
0 7 3 6  0.0000000008
0 7 5 6  0.0000000014
1 0 0 1  0.2540065683
1 0 2 1  -0.0000000001
1 0 4 1  0.0000000004
1 1 1 1  0.2540065683
1 1 3 1  -0.0000000001
1 1 5 1  0.0000000004
1 2 0 1  -0.0000000001
1 2 2 1  0.2081455104
1 2 4 1  0.0001498797
1 2 6 1  -0.0000000005
1 3 1 1  -0.0000000001
1 3 3 1  0.2081455104
1 3 5 1  0.0001498797
1 3 7 1  -0.0000000005
1 4 0 1  0.0000000004
1 4 2 1  0.0001498797
1 4 4 1  0.2081455104
1 4 6 1  0.0000000005
1 5 1 1  0.0000000004
1 5 3 1  0.0001498797
1 5 5 1  0.2081455104
1 5 7 1  0.0000000005
1 6 2 1  -0.0000000005
1 6 4 1  0.0000000005
1 6 6 1  0.2540135269
1 7 3 1  -0.0000000005
1 7 5 1  0.0000000005
1 7 7 1  0.2540135269
1 0 0 3  -0.0000000001
1 0 2 3  0.0138605655
1 0 4 3  0.0016774112
1 0 6 3  -0.0000000004
1 1 1 3  -0.0000000001
1 1 3 3  0.0138605655
1 1 5 3  0.0016774112
1 1 7 3  -0.0000000004
1 2 0 3  0.0138605655
1 2 2 3  -0.0000000005
1 2 4 3  0.0000000003
1 2 6 3  0.0148874362
1 3 1 3  0.0138605655
1 3 3 3  -0.0000000005
1 3 5 3  0.0000000003
1 3 7 3  0.0148874362
1 4 0 3  0.0016774112
1 4 2 3  0.0000000003
1 4 4 3  0.0000000003
1 4 6 3  -0.0012468744
1 5 1 3  0.0016774112
1 5 3 3  0.0000000003
1 5 5 3  0.0000000003
1 5 7 3  -0.0012468744
1 6 0 3  -0.0000000004
1 6 2 3  0.0148874362
1 6 4 3  -0.0012468744
1 6 6 3  0.0000000002
1 7 1 3  -0.0000000004
1 7 3 3  0.0148874362
1 7 5 3  -0.0012468744
1 7 7 3  0.0000000002
1 0 0 5  0.0000000004
1 0 2 5  0.0016774112
1 0 4 5  0.0138605655
1 0 6 5  0.0000000012
1 1 1 5  0.0000000004
1 1 3 5  0.0016774112
1 1 5 5  0.0138605655
1 1 7 5  0.0000000012
1 2 0 5  0.0016774112
1 2 2 5  0.0000000013
1 2 4 5  0.0000000003
1 2 6 5  0.0012468744
1 3 1 5  0.0016774112
1 3 3 5  0.0000000013
1 3 5 5  0.0000000003
1 3 7 5  0.0012468744
1 4 0 5  0.0138605655
1 4 2 5  0.0000000003
1 4 4 5  -0.0000000012
1 4 6 5  -0.0148874362
1 5 1 5  0.0138605655
1 5 3 5  0.0000000003
1 5 5 5  -0.0000000012
1 5 7 5  -0.0148874362
1 6 0 5  0.0000000012
1 6 2 5  0.0012468744
1 6 4 5  -0.0148874362
1 6 6 5  0.0000000008
1 7 1 5  0.0000000012
1 7 3 5  0.0012468744
1 7 5 5  -0.0148874362
1 7 7 5  0.0000000008
1 0 2 7  -0.0000000004
1 0 4 7  0.0000000012
1 0 6 7  0.1030302213
1 1 3 7  -0.0000000004
1 1 5 7  0.0000000012
1 1 7 7  0.1030302213
1 2 0 7  -0.0000000004
1 2 2 7  0.0877265059
1 2 6 7  0.0000000008
1 3 1 7  -0.0000000004
1 3 3 7  0.0877265059
1 3 7 7  0.0000000008
1 4 0 7  0.0000000012
1 4 4 7  -0.0877265059
1 4 6 7  0.0000000014
1 5 1 7  0.0000000012
1 5 5 7  -0.0877265059
1 5 7 7  0.0000000014
1 6 0 7  0.1030302213
1 6 2 7  0.0000000008
1 6 4 7  0.0000000014
1 7 1 7  0.1030302213
1 7 3 7  0.0000000008
1 7 5 7  0.0000000014
2 0 0 0  -0.0000000001
2 0 2 0  0.0138605655
2 0 4 0  0.0016774112
2 0 6 0  -0.0000000004
2 1 1 0  -0.0000000001
2 1 3 0  0.0138605655
2 1 5 0  0.0016774112
2 1 7 0  -0.0000000004
2 2 0 0  0.0138605655
2 2 2 0  -0.0000000005
2 2 4 0  0.0000000003
2 2 6 0  0.0148874362
2 3 1 0  0.0138605655
2 3 3 0  -0.0000000005
2 3 5 0  0.0000000003
2 3 7 0  0.0148874362
2 4 0 0  0.0016774112
2 4 2 0  0.0000000003
2 4 4 0  0.0000000003
2 4 6 0  -0.0012468744
2 5 1 0  0.0016774112
2 5 3 0  0.0000000003
2 5 5 0  0.0000000003
2 5 7 0  -0.0012468744
2 6 0 0  -0.0000000004
2 6 2 0  0.0148874362
2 6 4 0  -0.0012468744
2 6 6 0  0.0000000002
2 7 1 0  -0.0000000004
2 7 3 0  0.0148874362
2 7 5 0  -0.0012468744
2 7 7 0  0.0000000002
2 0 0 2  0.2081455104
2 0 2 2  -0.0000000005
2 0 4 2  0.0000000013
2 0 6 2  0.0877265059
2 1 1 2  0.2081455104
2 1 3 2  -0.0000000005
2 1 5 2  0.0000000013
2 1 7 2  0.0877265059
2 2 0 2  -0.0000000005
2 2 2 2  0.3367413841
2 2 4 2  -0.0009611413
2 2 6 2  0.0000000006
2 3 1 2  -0.0000000005
2 3 3 2  0.3367413841
2 3 5 2  -0.0009611413
2 3 7 2  0.0000000006
2 4 0 2  0.0000000013
2 4 2 2  -0.0009611413
2 4 4 2  0.1053714734
2 4 6 2  0.0000000015
2 5 1 2  0.0000000013
2 5 3 2  -0.0009611413
2 5 5 2  0.1053714734
2 5 7 2  0.0000000015
2 6 0 2  0.0877265059
2 6 2 2  0.0000000006
2 6 4 2  0.0000000015
2 6 6 2  0.2149173937
2 7 1 2  0.0877265059
2 7 3 2  0.0000000006
2 7 5 2  0.0000000015
2 7 7 2  0.2149173937
2 0 0 4  0.0001498797
2 0 2 4  0.0000000003
2 0 4 4  0.0000000003
2 1 1 4  0.0001498797
2 1 3 4  0.0000000003
2 1 5 4  0.0000000003
2 2 0 4  0.0000000003
2 2 2 4  -0.0009611413
2 2 4 4  0.0000500798
2 2 6 4  0.0000000003
2 3 1 4  0.0000000003
2 3 3 4  -0.0009611413
2 3 5 4  0.0000500798
2 3 7 4  0.0000000003
2 4 0 4  0.0000000003
2 4 2 4  0.0000500798
2 4 4 4  -0.0009611413
2 4 6 4  -0.0000000003
2 5 1 4  0.0000000003
2 5 3 4  0.0000500798
2 5 5 4  -0.0009611413
2 5 7 4  -0.0000000003
2 6 2 4  0.0000000003
2 6 4 4  -0.0000000003
2 6 6 4  -0.0002155978
2 7 3 4  0.0000000003
2 7 5 4  -0.0000000003
2 7 7 4  -0.0002155978
2 0 0 6  -0.0000000005
2 0 2 6  0.0148874362
2 0 4 6  0.0012468744
2 0 6 6  0.0000000008
2 1 1 6  -0.0000000005
2 1 3 6  0.0148874362
2 1 5 6  0.0012468744
2 1 7 6  0.0000000008
2 2 0 6  0.0148874362
2 2 2 6  0.0000000006
2 2 4 6  0.0000000003
2 2 6 6  0.0162218331
2 3 1 6  0.0148874362
2 3 3 6  0.0000000006
2 3 5 6  0.0000000003
2 3 7 6  0.0162218331
2 4 0 6  0.0012468744
2 4 2 6  0.0000000003
2 4 4 6  -0.0000000009
2 4 6 6  -0.0009193042
2 5 1 6  0.0012468744
2 5 3 6  0.0000000003
2 5 5 6  -0.0000000009
2 5 7 6  -0.0009193042
2 6 0 6  0.0000000008
2 6 2 6  0.0162218331
2 6 4 6  -0.0009193042
2 6 6 6  -0.0000000002
2 7 1 6  0.0000000008
2 7 3 6  0.0162218331
2 7 5 6  -0.0009193042
2 7 7 6  -0.0000000002
3 0 0 1  -0.0000000001
3 0 2 1  0.0138605655
3 0 4 1  0.0016774112
3 0 6 1  -0.0000000004
3 1 1 1  -0.0000000001
3 1 3 1  0.0138605655
3 1 5 1  0.0016774112
3 1 7 1  -0.0000000004
3 2 0 1  0.0138605655
3 2 2 1  -0.0000000005
3 2 4 1  0.0000000003
3 2 6 1  0.0148874362
3 3 1 1  0.0138605655
3 3 3 1  -0.0000000005
3 3 5 1  0.0000000003
3 3 7 1  0.0148874362
3 4 0 1  0.0016774112
3 4 2 1  0.0000000003
3 4 4 1  0.0000000003
3 4 6 1  -0.0012468744
3 5 1 1  0.0016774112
3 5 3 1  0.0000000003
3 5 5 1  0.0000000003
3 5 7 1  -0.0012468744
3 6 0 1  -0.0000000004
3 6 2 1  0.0148874362
3 6 4 1  -0.0012468744
3 6 6 1  0.0000000002
3 7 1 1  -0.0000000004
3 7 3 1  0.0148874362
3 7 5 1  -0.0012468744
3 7 7 1  0.0000000002
3 0 0 3  0.2081455104
3 0 2 3  -0.0000000005
3 0 4 3  0.0000000013
3 0 6 3  0.0877265059
3 1 1 3  0.2081455104
3 1 3 3  -0.0000000005
3 1 5 3  0.0000000013
3 1 7 3  0.0877265059
3 2 0 3  -0.0000000005
3 2 2 3  0.3367413841
3 2 4 3  -0.0009611413
3 2 6 3  0.0000000006
3 3 1 3  -0.0000000005
3 3 3 3  0.3367413841
3 3 5 3  -0.0009611413
3 3 7 3  0.0000000006
3 4 0 3  0.0000000013
3 4 2 3  -0.0009611413
3 4 4 3  0.1053714734
3 4 6 3  0.0000000015
3 5 1 3  0.0000000013
3 5 3 3  -0.0009611413
3 5 5 3  0.1053714734
3 5 7 3  0.0000000015
3 6 0 3  0.0877265059
3 6 2 3  0.0000000006
3 6 4 3  0.0000000015
3 6 6 3  0.2149173937
3 7 1 3  0.0877265059
3 7 3 3  0.0000000006
3 7 5 3  0.0000000015
3 7 7 3  0.2149173937
3 0 0 5  0.0001498797
3 0 2 5  0.0000000003
3 0 4 5  0.0000000003
3 1 1 5  0.0001498797
3 1 3 5  0.0000000003
3 1 5 5  0.0000000003
3 2 0 5  0.0000000003
3 2 2 5  -0.0009611413
3 2 4 5  0.0000500798
3 2 6 5  0.0000000003
3 3 1 5  0.0000000003
3 3 3 5  -0.0009611413
3 3 5 5  0.0000500798
3 3 7 5  0.0000000003
3 4 0 5  0.0000000003
3 4 2 5  0.0000500798
3 4 4 5  -0.0009611413
3 4 6 5  -0.0000000003
3 5 1 5  0.0000000003
3 5 3 5  0.0000500798
3 5 5 5  -0.0009611413
3 5 7 5  -0.0000000003
3 6 2 5  0.0000000003
3 6 4 5  -0.0000000003
3 6 6 5  -0.0002155978
3 7 3 5  0.0000000003
3 7 5 5  -0.0000000003
3 7 7 5  -0.0002155978
3 0 0 7  -0.0000000005
3 0 2 7  0.0148874362
3 0 4 7  0.0012468744
3 0 6 7  0.0000000008
3 1 1 7  -0.0000000005
3 1 3 7  0.0148874362
3 1 5 7  0.0012468744
3 1 7 7  0.0000000008
3 2 0 7  0.0148874362
3 2 2 7  0.0000000006
3 2 4 7  0.0000000003
3 2 6 7  0.0162218331
3 3 1 7  0.0148874362
3 3 3 7  0.0000000006
3 3 5 7  0.0000000003
3 3 7 7  0.0162218331
3 4 0 7  0.0012468744
3 4 2 7  0.0000000003
3 4 4 7  -0.0000000009
3 4 6 7  -0.0009193042
3 5 1 7  0.0012468744
3 5 3 7  0.0000000003
3 5 5 7  -0.0000000009
3 5 7 7  -0.0009193042
3 6 0 7  0.0000000008
3 6 2 7  0.0162218331
3 6 4 7  -0.0009193042
3 6 6 7  -0.0000000002
3 7 1 7  0.0000000008
3 7 3 7  0.0162218331
3 7 5 7  -0.0009193042
3 7 7 7  -0.0000000002
4 0 0 0  0.0000000004
4 0 2 0  0.0016774112
4 0 4 0  0.0138605655
4 0 6 0  0.0000000012
4 1 1 0  0.0000000004
4 1 3 0  0.0016774112
4 1 5 0  0.0138605655
4 1 7 0  0.0000000012
4 2 0 0  0.0016774112
4 2 2 0  0.0000000013
4 2 4 0  0.0000000003
4 2 6 0  0.0012468744
4 3 1 0  0.0016774112
4 3 3 0  0.0000000013
4 3 5 0  0.0000000003
4 3 7 0  0.0012468744
4 4 0 0  0.0138605655
4 4 2 0  0.0000000003
4 4 4 0  -0.0000000012
4 4 6 0  -0.0148874362
4 5 1 0  0.0138605655
4 5 3 0  0.0000000003
4 5 5 0  -0.0000000012
4 5 7 0  -0.0148874362
4 6 0 0  0.0000000012
4 6 2 0  0.0012468744
4 6 4 0  -0.0148874362
4 6 6 0  0.0000000008
4 7 1 0  0.0000000012
4 7 3 0  0.0012468744
4 7 5 0  -0.0148874362
4 7 7 0  0.0000000008
4 0 0 2  0.0001498797
4 0 2 2  0.0000000003
4 0 4 2  0.0000000003
4 1 1 2  0.0001498797
4 1 3 2  0.0000000003
4 1 5 2  0.0000000003
4 2 0 2  0.0000000003
4 2 2 2  -0.0009611413
4 2 4 2  0.0000500798
4 2 6 2  0.0000000003
4 3 1 2  0.0000000003
4 3 3 2  -0.0009611413
4 3 5 2  0.0000500798
4 3 7 2  0.0000000003
4 4 0 2  0.0000000003
4 4 2 2  0.0000500798
4 4 4 2  -0.0009611413
4 4 6 2  -0.0000000003
4 5 1 2  0.0000000003
4 5 3 2  0.0000500798
4 5 5 2  -0.0009611413
4 5 7 2  -0.0000000003
4 6 2 2  0.0000000003
4 6 4 2  -0.0000000003
4 6 6 2  -0.0002155978
4 7 3 2  0.0000000003
4 7 5 2  -0.0000000003
4 7 7 2  -0.0002155978
4 0 0 4  0.2081455104
4 0 2 4  0.0000000003
4 0 4 4  -0.0000000012
4 0 6 4  -0.0877265059
4 1 1 4  0.2081455104
4 1 3 4  0.0000000003
4 1 5 4  -0.0000000012
4 1 7 4  -0.0877265059
4 2 0 4  0.0000000003
4 2 2 4  0.1053714734
4 2 4 4  -0.0009611413
4 2 6 4  -0.0000000009
4 3 1 4  0.0000000003
4 3 3 4  0.1053714734
4 3 5 4  -0.0009611413
4 3 7 4  -0.0000000009
4 4 0 4  -0.0000000012
4 4 2 4  -0.0009611413
4 4 4 4  0.3367413841
4 4 6 4  -0.0000000014
4 5 1 4  -0.0000000012
4 5 3 4  -0.0009611413
4 5 5 4  0.3367413841
4 5 7 4  -0.0000000014
4 6 0 4  -0.0877265059
4 6 2 4  -0.0000000009
4 6 4 4  -0.0000000014
4 6 6 4  0.2149173937
4 7 1 4  -0.0877265059
4 7 3 4  -0.0000000009
4 7 5 4  -0.0000000014
4 7 7 4  0.2149173937
4 0 0 6  0.0000000005
4 0 2 6  -0.0012468744
4 0 4 6  -0.0148874362
4 0 6 6  0.0000000014
4 1 1 6  0.0000000005
4 1 3 6  -0.0012468744
4 1 5 6  -0.0148874362
4 1 7 6  0.0000000014
4 2 0 6  -0.0012468744
4 2 2 6  0.0000000015
4 2 4 6  -0.0000000003
4 2 6 6  -0.0009193042
4 3 1 6  -0.0012468744
4 3 3 6  0.0000000015
4 3 5 6  -0.0000000003
4 3 7 6  -0.0009193042
4 4 0 6  -0.0148874362
4 4 2 6  -0.0000000003
4 4 4 6  -0.0000000014
4 4 6 6  0.0162218331
4 5 1 6  -0.0148874362
4 5 3 6  -0.0000000003
4 5 5 6  -0.0000000014
4 5 7 6  0.0162218331
4 6 0 6  0.0000000014
4 6 2 6  -0.0009193042
4 6 4 6  0.0162218331
4 6 6 6  0.0000000001
4 7 1 6  0.0000000014
4 7 3 6  -0.0009193042
4 7 5 6  0.0162218331
4 7 7 6  0.0000000001
5 0 0 1  0.0000000004
5 0 2 1  0.0016774112
5 0 4 1  0.0138605655
5 0 6 1  0.0000000012
5 1 1 1  0.0000000004
5 1 3 1  0.0016774112
5 1 5 1  0.0138605655
5 1 7 1  0.0000000012
5 2 0 1  0.0016774112
5 2 2 1  0.0000000013
5 2 4 1  0.0000000003
5 2 6 1  0.0012468744
5 3 1 1  0.0016774112
5 3 3 1  0.0000000013
5 3 5 1  0.0000000003
5 3 7 1  0.0012468744
5 4 0 1  0.0138605655
5 4 2 1  0.0000000003
5 4 4 1  -0.0000000012
5 4 6 1  -0.0148874362
5 5 1 1  0.0138605655
5 5 3 1  0.0000000003
5 5 5 1  -0.0000000012
5 5 7 1  -0.0148874362
5 6 0 1  0.0000000012
5 6 2 1  0.0012468744
5 6 4 1  -0.0148874362
5 6 6 1  0.0000000008
5 7 1 1  0.0000000012
5 7 3 1  0.0012468744
5 7 5 1  -0.0148874362
5 7 7 1  0.0000000008
5 0 0 3  0.0001498797
5 0 2 3  0.0000000003
5 0 4 3  0.0000000003
5 1 1 3  0.0001498797
5 1 3 3  0.0000000003
5 1 5 3  0.0000000003
5 2 0 3  0.0000000003
5 2 2 3  -0.0009611413
5 2 4 3  0.0000500798
5 2 6 3  0.0000000003
5 3 1 3  0.0000000003
5 3 3 3  -0.0009611413
5 3 5 3  0.0000500798
5 3 7 3  0.0000000003
5 4 0 3  0.0000000003
5 4 2 3  0.0000500798
5 4 4 3  -0.0009611413
5 4 6 3  -0.0000000003
5 5 1 3  0.0000000003
5 5 3 3  0.0000500798
5 5 5 3  -0.0009611413
5 5 7 3  -0.0000000003
5 6 2 3  0.0000000003
5 6 4 3  -0.0000000003
5 6 6 3  -0.0002155978
5 7 3 3  0.0000000003
5 7 5 3  -0.0000000003
5 7 7 3  -0.0002155978
5 0 0 5  0.2081455104
5 0 2 5  0.0000000003
5 0 4 5  -0.0000000012
5 0 6 5  -0.0877265059
5 1 1 5  0.2081455104
5 1 3 5  0.0000000003
5 1 5 5  -0.0000000012
5 1 7 5  -0.0877265059
5 2 0 5  0.0000000003
5 2 2 5  0.1053714734
5 2 4 5  -0.0009611413
5 2 6 5  -0.0000000009
5 3 1 5  0.0000000003
5 3 3 5  0.1053714734
5 3 5 5  -0.0009611413
5 3 7 5  -0.0000000009
5 4 0 5  -0.0000000012
5 4 2 5  -0.0009611413
5 4 4 5  0.3367413841
5 4 6 5  -0.0000000014
5 5 1 5  -0.0000000012
5 5 3 5  -0.0009611413
5 5 5 5  0.3367413841
5 5 7 5  -0.0000000014
5 6 0 5  -0.0877265059
5 6 2 5  -0.0000000009
5 6 4 5  -0.0000000014
5 6 6 5  0.2149173937
5 7 1 5  -0.0877265059
5 7 3 5  -0.0000000009
5 7 5 5  -0.0000000014
5 7 7 5  0.2149173937
5 0 0 7  0.0000000005
5 0 2 7  -0.0012468744
5 0 4 7  -0.0148874362
5 0 6 7  0.0000000014
5 1 1 7  0.0000000005
5 1 3 7  -0.0012468744
5 1 5 7  -0.0148874362
5 1 7 7  0.0000000014
5 2 0 7  -0.0012468744
5 2 2 7  0.0000000015
5 2 4 7  -0.0000000003
5 2 6 7  -0.0009193042
5 3 1 7  -0.0012468744
5 3 3 7  0.0000000015
5 3 5 7  -0.0000000003
5 3 7 7  -0.0009193042
5 4 0 7  -0.0148874362
5 4 2 7  -0.0000000003
5 4 4 7  -0.0000000014
5 4 6 7  0.0162218331
5 5 1 7  -0.0148874362
5 5 3 7  -0.0000000003
5 5 5 7  -0.0000000014
5 5 7 7  0.0162218331
5 6 0 7  0.0000000014
5 6 2 7  -0.0009193042
5 6 4 7  0.0162218331
5 6 6 7  0.0000000001
5 7 1 7  0.0000000014
5 7 3 7  -0.0009193042
5 7 5 7  0.0162218331
5 7 7 7  0.0000000001
6 0 2 0  -0.0000000004
6 0 4 0  0.0000000012
6 0 6 0  0.1030302213
6 1 3 0  -0.0000000004
6 1 5 0  0.0000000012
6 1 7 0  0.1030302213
6 2 0 0  -0.0000000004
6 2 2 0  0.0877265059
6 2 6 0  0.0000000008
6 3 1 0  -0.0000000004
6 3 3 0  0.0877265059
6 3 7 0  0.0000000008
6 4 0 0  0.0000000012
6 4 4 0  -0.0877265059
6 4 6 0  0.0000000014
6 5 1 0  0.0000000012
6 5 5 0  -0.0877265059
6 5 7 0  0.0000000014
6 6 0 0  0.1030302213
6 6 2 0  0.0000000008
6 6 4 0  0.0000000014
6 7 1 0  0.1030302213
6 7 3 0  0.0000000008
6 7 5 0  0.0000000014
6 0 0 2  -0.0000000005
6 0 2 2  0.0148874362
6 0 4 2  0.0012468744
6 0 6 2  0.0000000008
6 1 1 2  -0.0000000005
6 1 3 2  0.0148874362
6 1 5 2  0.0012468744
6 1 7 2  0.0000000008
6 2 0 2  0.0148874362
6 2 2 2  0.0000000006
6 2 4 2  0.0000000003
6 2 6 2  0.0162218331
6 3 1 2  0.0148874362
6 3 3 2  0.0000000006
6 3 5 2  0.0000000003
6 3 7 2  0.0162218331
6 4 0 2  0.0012468744
6 4 2 2  0.0000000003
6 4 4 2  -0.0000000009
6 4 6 2  -0.0009193042
6 5 1 2  0.0012468744
6 5 3 2  0.0000000003
6 5 5 2  -0.0000000009
6 5 7 2  -0.0009193042
6 6 0 2  0.0000000008
6 6 2 2  0.0162218331
6 6 4 2  -0.0009193042
6 6 6 2  -0.0000000002
6 7 1 2  0.0000000008
6 7 3 2  0.0162218331
6 7 5 2  -0.0009193042
6 7 7 2  -0.0000000002
6 0 0 4  0.0000000005
6 0 2 4  -0.0012468744
6 0 4 4  -0.0148874362
6 0 6 4  0.0000000014
6 1 1 4  0.0000000005
6 1 3 4  -0.0012468744
6 1 5 4  -0.0148874362
6 1 7 4  0.0000000014
6 2 0 4  -0.0012468744
6 2 2 4  0.0000000015
6 2 4 4  -0.0000000003
6 2 6 4  -0.0009193042
6 3 1 4  -0.0012468744
6 3 3 4  0.0000000015
6 3 5 4  -0.0000000003
6 3 7 4  -0.0009193042
6 4 0 4  -0.0148874362
6 4 2 4  -0.0000000003
6 4 4 4  -0.0000000014
6 4 6 4  0.0162218331
6 5 1 4  -0.0148874362
6 5 3 4  -0.0000000003
6 5 5 4  -0.0000000014
6 5 7 4  0.0162218331
6 6 0 4  0.0000000014
6 6 2 4  -0.0009193042
6 6 4 4  0.0162218331
6 6 6 4  0.0000000001
6 7 1 4  0.0000000014
6 7 3 4  -0.0009193042
6 7 5 4  0.0162218331
6 7 7 4  0.0000000001
6 0 0 6  0.2540135269
6 0 2 6  0.0000000002
6 0 4 6  0.0000000008
6 1 1 6  0.2540135269
6 1 3 6  0.0000000002
6 1 5 6  0.0000000008
6 2 0 6  0.0000000002
6 2 2 6  0.2149173937
6 2 4 6  -0.0002155978
6 2 6 6  -0.0000000002
6 3 1 6  0.0000000002
6 3 3 6  0.2149173937
6 3 5 6  -0.0002155978
6 3 7 6  -0.0000000002
6 4 0 6  0.0000000008
6 4 2 6  -0.0002155978
6 4 4 6  0.2149173937
6 4 6 6  0.0000000001
6 5 1 6  0.0000000008
6 5 3 6  -0.0002155978
6 5 5 6  0.2149173937
6 5 7 6  0.0000000001
6 6 2 6  -0.0000000002
6 6 4 6  0.0000000001
6 6 6 6  0.2591392479
6 7 3 6  -0.0000000002
6 7 5 6  0.0000000001
6 7 7 6  0.2591392479
7 0 2 1  -0.0000000004
7 0 4 1  0.0000000012
7 0 6 1  0.1030302213
7 1 3 1  -0.0000000004
7 1 5 1  0.0000000012
7 1 7 1  0.1030302213
7 2 0 1  -0.0000000004
7 2 2 1  0.0877265059
7 2 6 1  0.0000000008
7 3 1 1  -0.0000000004
7 3 3 1  0.0877265059
7 3 7 1  0.0000000008
7 4 0 1  0.0000000012
7 4 4 1  -0.0877265059
7 4 6 1  0.0000000014
7 5 1 1  0.0000000012
7 5 5 1  -0.0877265059
7 5 7 1  0.0000000014
7 6 0 1  0.1030302213
7 6 2 1  0.0000000008
7 6 4 1  0.0000000014
7 7 1 1  0.1030302213
7 7 3 1  0.0000000008
7 7 5 1  0.0000000014
7 0 0 3  -0.0000000005
7 0 2 3  0.0148874362
7 0 4 3  0.0012468744
7 0 6 3  0.0000000008
7 1 1 3  -0.0000000005
7 1 3 3  0.0148874362
7 1 5 3  0.0012468744
7 1 7 3  0.0000000008
7 2 0 3  0.0148874362
7 2 2 3  0.0000000006
7 2 4 3  0.0000000003
7 2 6 3  0.0162218331
7 3 1 3  0.0148874362
7 3 3 3  0.0000000006
7 3 5 3  0.0000000003
7 3 7 3  0.0162218331
7 4 0 3  0.0012468744
7 4 2 3  0.0000000003
7 4 4 3  -0.0000000009
7 4 6 3  -0.0009193042
7 5 1 3  0.0012468744
7 5 3 3  0.0000000003
7 5 5 3  -0.0000000009
7 5 7 3  -0.0009193042
7 6 0 3  0.0000000008
7 6 2 3  0.0162218331
7 6 4 3  -0.0009193042
7 6 6 3  -0.0000000002
7 7 1 3  0.0000000008
7 7 3 3  0.0162218331
7 7 5 3  -0.0009193042
7 7 7 3  -0.0000000002
7 0 0 5  0.0000000005
7 0 2 5  -0.0012468744
7 0 4 5  -0.0148874362
7 0 6 5  0.0000000014
7 1 1 5  0.0000000005
7 1 3 5  -0.0012468744
7 1 5 5  -0.0148874362
7 1 7 5  0.0000000014
7 2 0 5  -0.0012468744
7 2 2 5  0.0000000015
7 2 4 5  -0.0000000003
7 2 6 5  -0.0009193042
7 3 1 5  -0.0012468744
7 3 3 5  0.0000000015
7 3 5 5  -0.0000000003
7 3 7 5  -0.0009193042
7 4 0 5  -0.0148874362
7 4 2 5  -0.0000000003
7 4 4 5  -0.0000000014
7 4 6 5  0.0162218331
7 5 1 5  -0.0148874362
7 5 3 5  -0.0000000003
7 5 5 5  -0.0000000014
7 5 7 5  0.0162218331
7 6 0 5  0.0000000014
7 6 2 5  -0.0009193042
7 6 4 5  0.0162218331
7 6 6 5  0.0000000001
7 7 1 5  0.0000000014
7 7 3 5  -0.0009193042
7 7 5 5  0.0162218331
7 7 7 5  0.0000000001
7 0 0 7  0.2540135269
7 0 2 7  0.0000000002
7 0 4 7  0.0000000008
7 1 1 7  0.2540135269
7 1 3 7  0.0000000002
7 1 5 7  0.0000000008
7 2 0 7  0.0000000002
7 2 2 7  0.2149173937
7 2 4 7  -0.0002155978
7 2 6 7  -0.0000000002
7 3 1 7  0.0000000002
7 3 3 7  0.2149173937
7 3 5 7  -0.0002155978
7 3 7 7  -0.0000000002
7 4 0 7  0.0000000008
7 4 2 7  -0.0002155978
7 4 4 7  0.2149173937
7 4 6 7  0.0000000001
7 5 1 7  0.0000000008
7 5 3 7  -0.0002155978
7 5 5 7  0.2149173937
7 5 7 7  0.0000000001
7 6 2 7  -0.0000000002
7 6 4 7  0.0000000001
7 6 6 7  0.2591392479
7 7 3 7  -0.0000000002
7 7 5 7  0.0000000001
7 7 7 7  0.2591392479

 E(Ref) = -77.5344782624 Hartree, <S**2> = 1.0000
 E(FCI) = -77.6583071803 Hartree, <S**2> = 0.0000
