 MO Integrals with frozen core/virtual approximation

-73.03533640153611
0 0  -2.1881783898
0 2  -0.0000000029
0 4  0.0000000003
1 1  -2.1881783898
1 3  -0.0000000029
1 5  0.0000000003
2 0  -0.0000000029
2 2  -1.5568041947
2 4  -0.0724639023
2 6  -0.0000000002
3 1  -0.0000000029
3 3  -1.5568041947
3 5  -0.0724639023
3 7  -0.0000000002
4 0  0.0000000003
4 2  -0.0724639023
4 4  -1.5568041948
4 6  -0.0000000032
5 1  0.0000000003
5 3  -0.0724639023
5 5  -1.5568041948
5 7  -0.0000000032
6 2  -0.0000000002
6 4  -0.0000000032
6 6  -1.4702525396
7 3  -0.0000000002
7 5  -0.0000000032
7 7  -1.4702525396
0 0 0 0  0.3266837912
0 1 1 0  0.3266837912
0 2 2 0  0.2427554794
0 2 4 0  0.0026825195
0 2 6 0  -0.0000000010
0 3 3 0  0.2427554794
0 3 5 0  0.0026825195
0 3 7 0  -0.0000000010
0 4 2 0  0.0026825195
0 4 4 0  0.2427554794
0 4 6 0  0.0000000013
0 5 3 0  0.0026825195
0 5 5 0  0.2427554794
0 5 7 0  0.0000000013
0 6 2 0  -0.0000000010
0 6 4 0  0.0000000013
0 6 6 0  0.3011627923
0 7 3 0  -0.0000000010
0 7 5 0  0.0000000013
0 7 7 0  0.3011627923
0 0 2 2  0.0205539255
0 0 4 2  0.0068151498
0 0 6 2  -0.0000000009
0 1 3 2  0.0205539255
0 1 5 2  0.0068151498
0 1 7 2  -0.0000000009
0 2 0 2  0.0205539255
0 2 2 2  -0.0000000007
0 2 4 2  0.0000000005
0 2 6 2  0.0197782198
0 3 1 2  0.0205539255
0 3 3 2  -0.0000000007
0 3 5 2  0.0000000005
0 3 7 2  0.0197782198
0 4 0 2  0.0068151498
0 4 2 2  0.0000000005
0 4 4 2  0.0000000008
0 4 6 2  -0.0039339499
0 5 1 2  0.0068151498
0 5 3 2  0.0000000005
0 5 5 2  0.0000000008
0 5 7 2  -0.0039339499
0 6 0 2  -0.0000000009
0 6 2 2  0.0197782198
0 6 4 2  -0.0039339499
0 6 6 2  0.0000000005
0 7 1 2  -0.0000000009
0 7 3 2  0.0197782198
0 7 5 2  -0.0039339499
0 7 7 2  0.0000000005
0 0 2 4  0.0068151498
0 0 4 4  0.0205539255
0 0 6 4  0.0000000010
0 1 3 4  0.0068151498
0 1 5 4  0.0205539255
0 1 7 4  0.0000000010
0 2 0 4  0.0068151498
0 2 2 4  0.0000000010
0 2 4 4  0.0000000005
0 2 6 4  0.0039339499
0 3 1 4  0.0068151498
0 3 3 4  0.0000000010
0 3 5 4  0.0000000005
0 3 7 4  0.0039339499
0 4 0 4  0.0205539255
0 4 2 4  0.0000000005
0 4 4 4  -0.0000000018
0 4 6 4  -0.0197782198
0 5 1 4  0.0205539255
0 5 3 4  0.0000000005
0 5 5 4  -0.0000000018
0 5 7 4  -0.0197782198
0 6 0 4  0.0000000010
0 6 2 4  0.0039339499
0 6 4 4  -0.0197782198
0 6 6 4  0.0000000005
0 7 1 4  0.0000000010
0 7 3 4  0.0039339499
0 7 5 4  -0.0197782198
0 7 7 4  0.0000000005
0 0 2 6  -0.0000000009
0 0 4 6  0.0000000010
0 0 6 6  0.0792602447
0 1 3 6  -0.0000000009
0 1 5 6  0.0000000010
0 1 7 6  0.0792602447
0 2 0 6  -0.0000000009
0 2 2 6  0.0688816987
0 2 6 6  0.0000000009
0 3 1 6  -0.0000000009
0 3 3 6  0.0688816987
0 3 7 6  0.0000000009
0 4 0 6  0.0000000010
0 4 4 6  -0.0688816987
0 4 6 6  0.0000000009
0 5 1 6  0.0000000010
0 5 5 6  -0.0688816987
0 5 7 6  0.0000000009
0 6 0 6  0.0792602447
0 6 2 6  0.0000000009
0 6 4 6  0.0000000009
0 7 1 6  0.0792602447
0 7 3 6  0.0000000009
0 7 5 6  0.0000000009
1 0 0 1  0.3266837912
1 1 1 1  0.3266837912
1 2 2 1  0.2427554794
1 2 4 1  0.0026825195
1 2 6 1  -0.0000000010
1 3 3 1  0.2427554794
1 3 5 1  0.0026825195
1 3 7 1  -0.0000000010
1 4 2 1  0.0026825195
1 4 4 1  0.2427554794
1 4 6 1  0.0000000013
1 5 3 1  0.0026825195
1 5 5 1  0.2427554794
1 5 7 1  0.0000000013
1 6 2 1  -0.0000000010
1 6 4 1  0.0000000013
1 6 6 1  0.3011627923
1 7 3 1  -0.0000000010
1 7 5 1  0.0000000013
1 7 7 1  0.3011627923
1 0 2 3  0.0205539255
1 0 4 3  0.0068151498
1 0 6 3  -0.0000000009
1 1 3 3  0.0205539255
1 1 5 3  0.0068151498
1 1 7 3  -0.0000000009
1 2 0 3  0.0205539255
1 2 2 3  -0.0000000007
1 2 4 3  0.0000000005
1 2 6 3  0.0197782198
1 3 1 3  0.0205539255
1 3 3 3  -0.0000000007
1 3 5 3  0.0000000005
1 3 7 3  0.0197782198
1 4 0 3  0.0068151498
1 4 2 3  0.0000000005
1 4 4 3  0.0000000008
1 4 6 3  -0.0039339499
1 5 1 3  0.0068151498
1 5 3 3  0.0000000005
1 5 5 3  0.0000000008
1 5 7 3  -0.0039339499
1 6 0 3  -0.0000000009
1 6 2 3  0.0197782198
1 6 4 3  -0.0039339499
1 6 6 3  0.0000000005
1 7 1 3  -0.0000000009
1 7 3 3  0.0197782198
1 7 5 3  -0.0039339499
1 7 7 3  0.0000000005
1 0 2 5  0.0068151498
1 0 4 5  0.0205539255
1 0 6 5  0.0000000010
1 1 3 5  0.0068151498
1 1 5 5  0.0205539255
1 1 7 5  0.0000000010
1 2 0 5  0.0068151498
1 2 2 5  0.0000000010
1 2 4 5  0.0000000005
1 2 6 5  0.0039339499
1 3 1 5  0.0068151498
1 3 3 5  0.0000000010
1 3 5 5  0.0000000005
1 3 7 5  0.0039339499
1 4 0 5  0.0205539255
1 4 2 5  0.0000000005
1 4 4 5  -0.0000000018
1 4 6 5  -0.0197782198
1 5 1 5  0.0205539255
1 5 3 5  0.0000000005
1 5 5 5  -0.0000000018
1 5 7 5  -0.0197782198
1 6 0 5  0.0000000010
1 6 2 5  0.0039339499
1 6 4 5  -0.0197782198
1 6 6 5  0.0000000005
1 7 1 5  0.0000000010
1 7 3 5  0.0039339499
1 7 5 5  -0.0197782198
1 7 7 5  0.0000000005
1 0 2 7  -0.0000000009
1 0 4 7  0.0000000010
1 0 6 7  0.0792602447
1 1 3 7  -0.0000000009
1 1 5 7  0.0000000010
1 1 7 7  0.0792602447
1 2 0 7  -0.0000000009
1 2 2 7  0.0688816987
1 2 6 7  0.0000000009
1 3 1 7  -0.0000000009
1 3 3 7  0.0688816987
1 3 7 7  0.0000000009
1 4 0 7  0.0000000010
1 4 4 7  -0.0688816987
1 4 6 7  0.0000000009
1 5 1 7  0.0000000010
1 5 5 7  -0.0688816987
1 5 7 7  0.0000000009
1 6 0 7  0.0792602447
1 6 2 7  0.0000000009
1 6 4 7  0.0000000009
1 7 1 7  0.0792602447
1 7 3 7  0.0000000009
1 7 5 7  0.0000000009
2 0 2 0  0.0205539255
2 0 4 0  0.0068151498
2 0 6 0  -0.0000000009
2 1 3 0  0.0205539255
2 1 5 0  0.0068151498
2 1 7 0  -0.0000000009
2 2 0 0  0.0205539255
2 2 2 0  -0.0000000007
2 2 4 0  0.0000000005
2 2 6 0  0.0197782198
2 3 1 0  0.0205539255
2 3 3 0  -0.0000000007
2 3 5 0  0.0000000005
2 3 7 0  0.0197782198
2 4 0 0  0.0068151498
2 4 2 0  0.0000000005
2 4 4 0  0.0000000008
2 4 6 0  -0.0039339499
2 5 1 0  0.0068151498
2 5 3 0  0.0000000005
2 5 5 0  0.0000000008
2 5 7 0  -0.0039339499
2 6 0 0  -0.0000000009
2 6 2 0  0.0197782198
2 6 4 0  -0.0039339499
2 6 6 0  0.0000000005
2 7 1 0  -0.0000000009
2 7 3 0  0.0197782198
2 7 5 0  -0.0039339499
2 7 7 0  0.0000000005
2 0 0 2  0.2427554794
2 0 2 2  -0.0000000007
2 0 4 2  0.0000000010
2 0 6 2  0.0688816987
2 1 1 2  0.2427554794
2 1 3 2  -0.0000000007
2 1 5 2  0.0000000010
2 1 7 2  0.0688816987
2 2 0 2  -0.0000000007
2 2 2 2  0.3384763739
2 2 4 2  -0.0019963573
2 2 6 2  0.0000000010
2 3 1 2  -0.0000000007
2 3 3 2  0.3384763739
2 3 5 2  -0.0019963573
2 3 7 2  0.0000000010
2 4 0 2  0.0000000010
2 4 2 2  -0.0019963573
2 4 4 2  0.1423275426
2 4 6 2  0.0000000014
2 5 1 2  0.0000000010
2 5 3 2  -0.0019963573
2 5 5 2  0.1423275426
2 5 7 2  0.0000000014
2 6 0 2  0.0688816987
2 6 2 2  0.0000000010
2 6 4 2  0.0000000014
2 6 6 2  0.2439594488
2 7 1 2  0.0688816987
2 7 3 2  0.0000000010
2 7 5 2  0.0000000014
2 7 7 2  0.2439594488
2 0 0 4  0.0026825195
2 0 2 4  0.0000000005
2 0 4 4  0.0000000005
2 1 1 4  0.0026825195
2 1 3 4  0.0000000005
2 1 5 4  0.0000000005
2 2 0 4  0.0000000005
2 2 2 4  -0.0019963573
2 2 4 4  0.0006238476
2 2 6 4  0.0000000004
2 3 1 4  0.0000000005
2 3 3 4  -0.0019963573
2 3 5 4  0.0006238476
2 3 7 4  0.0000000004
2 4 0 4  0.0000000005
2 4 2 4  0.0006238476
2 4 4 4  -0.0019963573
2 4 6 4  -0.0000000004
2 5 1 4  0.0000000005
2 5 3 4  0.0006238476
2 5 5 4  -0.0019963573
2 5 7 4  -0.0000000004
2 6 2 4  0.0000000004
2 6 4 4  -0.0000000004
2 6 6 4  0.0000595427
2 7 3 4  0.0000000004
2 7 5 4  -0.0000000004
2 7 7 4  0.0000595427
2 0 0 6  -0.0000000010
2 0 2 6  0.0197782198
2 0 4 6  0.0039339499
2 0 6 6  0.0000000009
2 1 1 6  -0.0000000010
2 1 3 6  0.0197782198
2 1 5 6  0.0039339499
2 1 7 6  0.0000000009
2 2 0 6  0.0197782198
2 2 2 6  0.0000000010
2 2 4 6  0.0000000004
2 2 6 6  0.0205913557
2 3 1 6  0.0197782198
2 3 3 6  0.0000000010
2 3 5 6  0.0000000004
2 3 7 6  0.0205913557
2 4 0 6  0.0039339499
2 4 2 6  0.0000000004
2 4 4 6  -0.0000000013
2 4 6 6  -0.0022063723
2 5 1 6  0.0039339499
2 5 3 6  0.0000000004
2 5 5 6  -0.0000000013
2 5 7 6  -0.0022063723
2 6 0 6  0.0000000009
2 6 2 6  0.0205913557
2 6 4 6  -0.0022063723
2 6 6 6  -0.0000000003
2 7 1 6  0.0000000009
2 7 3 6  0.0205913557
2 7 5 6  -0.0022063723
2 7 7 6  -0.0000000003
3 0 2 1  0.0205539255
3 0 4 1  0.0068151498
3 0 6 1  -0.0000000009
3 1 3 1  0.0205539255
3 1 5 1  0.0068151498
3 1 7 1  -0.0000000009
3 2 0 1  0.0205539255
3 2 2 1  -0.0000000007
3 2 4 1  0.0000000005
3 2 6 1  0.0197782198
3 3 1 1  0.0205539255
3 3 3 1  -0.0000000007
3 3 5 1  0.0000000005
3 3 7 1  0.0197782198
3 4 0 1  0.0068151498
3 4 2 1  0.0000000005
3 4 4 1  0.0000000008
3 4 6 1  -0.0039339499
3 5 1 1  0.0068151498
3 5 3 1  0.0000000005
3 5 5 1  0.0000000008
3 5 7 1  -0.0039339499
3 6 0 1  -0.0000000009
3 6 2 1  0.0197782198
3 6 4 1  -0.0039339499
3 6 6 1  0.0000000005
3 7 1 1  -0.0000000009
3 7 3 1  0.0197782198
3 7 5 1  -0.0039339499
3 7 7 1  0.0000000005
3 0 0 3  0.2427554794
3 0 2 3  -0.0000000007
3 0 4 3  0.0000000010
3 0 6 3  0.0688816987
3 1 1 3  0.2427554794
3 1 3 3  -0.0000000007
3 1 5 3  0.0000000010
3 1 7 3  0.0688816987
3 2 0 3  -0.0000000007
3 2 2 3  0.3384763739
3 2 4 3  -0.0019963573
3 2 6 3  0.0000000010
3 3 1 3  -0.0000000007
3 3 3 3  0.3384763739
3 3 5 3  -0.0019963573
3 3 7 3  0.0000000010
3 4 0 3  0.0000000010
3 4 2 3  -0.0019963573
3 4 4 3  0.1423275426
3 4 6 3  0.0000000014
3 5 1 3  0.0000000010
3 5 3 3  -0.0019963573
3 5 5 3  0.1423275426
3 5 7 3  0.0000000014
3 6 0 3  0.0688816987
3 6 2 3  0.0000000010
3 6 4 3  0.0000000014
3 6 6 3  0.2439594488
3 7 1 3  0.0688816987
3 7 3 3  0.0000000010
3 7 5 3  0.0000000014
3 7 7 3  0.2439594488
3 0 0 5  0.0026825195
3 0 2 5  0.0000000005
3 0 4 5  0.0000000005
3 1 1 5  0.0026825195
3 1 3 5  0.0000000005
3 1 5 5  0.0000000005
3 2 0 5  0.0000000005
3 2 2 5  -0.0019963573
3 2 4 5  0.0006238476
3 2 6 5  0.0000000004
3 3 1 5  0.0000000005
3 3 3 5  -0.0019963573
3 3 5 5  0.0006238476
3 3 7 5  0.0000000004
3 4 0 5  0.0000000005
3 4 2 5  0.0006238476
3 4 4 5  -0.0019963573
3 4 6 5  -0.0000000004
3 5 1 5  0.0000000005
3 5 3 5  0.0006238476
3 5 5 5  -0.0019963573
3 5 7 5  -0.0000000004
3 6 2 5  0.0000000004
3 6 4 5  -0.0000000004
3 6 6 5  0.0000595427
3 7 3 5  0.0000000004
3 7 5 5  -0.0000000004
3 7 7 5  0.0000595427
3 0 0 7  -0.0000000010
3 0 2 7  0.0197782198
3 0 4 7  0.0039339499
3 0 6 7  0.0000000009
3 1 1 7  -0.0000000010
3 1 3 7  0.0197782198
3 1 5 7  0.0039339499
3 1 7 7  0.0000000009
3 2 0 7  0.0197782198
3 2 2 7  0.0000000010
3 2 4 7  0.0000000004
3 2 6 7  0.0205913557
3 3 1 7  0.0197782198
3 3 3 7  0.0000000010
3 3 5 7  0.0000000004
3 3 7 7  0.0205913557
3 4 0 7  0.0039339499
3 4 2 7  0.0000000004
3 4 4 7  -0.0000000013
3 4 6 7  -0.0022063723
3 5 1 7  0.0039339499
3 5 3 7  0.0000000004
3 5 5 7  -0.0000000013
3 5 7 7  -0.0022063723
3 6 0 7  0.0000000009
3 6 2 7  0.0205913557
3 6 4 7  -0.0022063723
3 6 6 7  -0.0000000003
3 7 1 7  0.0000000009
3 7 3 7  0.0205913557
3 7 5 7  -0.0022063723
3 7 7 7  -0.0000000003
4 0 2 0  0.0068151498
4 0 4 0  0.0205539255
4 0 6 0  0.0000000010
4 1 3 0  0.0068151498
4 1 5 0  0.0205539255
4 1 7 0  0.0000000010
4 2 0 0  0.0068151498
4 2 2 0  0.0000000010
4 2 4 0  0.0000000005
4 2 6 0  0.0039339499
4 3 1 0  0.0068151498
4 3 3 0  0.0000000010
4 3 5 0  0.0000000005
4 3 7 0  0.0039339499
4 4 0 0  0.0205539255
4 4 2 0  0.0000000005
4 4 4 0  -0.0000000018
4 4 6 0  -0.0197782198
4 5 1 0  0.0205539255
4 5 3 0  0.0000000005
4 5 5 0  -0.0000000018
4 5 7 0  -0.0197782198
4 6 0 0  0.0000000010
4 6 2 0  0.0039339499
4 6 4 0  -0.0197782198
4 6 6 0  0.0000000005
4 7 1 0  0.0000000010
4 7 3 0  0.0039339499
4 7 5 0  -0.0197782198
4 7 7 0  0.0000000005
4 0 0 2  0.0026825195
4 0 2 2  0.0000000005
4 0 4 2  0.0000000005
4 1 1 2  0.0026825195
4 1 3 2  0.0000000005
4 1 5 2  0.0000000005
4 2 0 2  0.0000000005
4 2 2 2  -0.0019963573
4 2 4 2  0.0006238476
4 2 6 2  0.0000000004
4 3 1 2  0.0000000005
4 3 3 2  -0.0019963573
4 3 5 2  0.0006238476
4 3 7 2  0.0000000004
4 4 0 2  0.0000000005
4 4 2 2  0.0006238476
4 4 4 2  -0.0019963573
4 4 6 2  -0.0000000004
4 5 1 2  0.0000000005
4 5 3 2  0.0006238476
4 5 5 2  -0.0019963573
4 5 7 2  -0.0000000004
4 6 2 2  0.0000000004
4 6 4 2  -0.0000000004
4 6 6 2  0.0000595427
4 7 3 2  0.0000000004
4 7 5 2  -0.0000000004
4 7 7 2  0.0000595427
4 0 0 4  0.2427554794
4 0 2 4  0.0000000008
4 0 4 4  -0.0000000018
4 0 6 4  -0.0688816987
4 1 1 4  0.2427554794
4 1 3 4  0.0000000008
4 1 5 4  -0.0000000018
4 1 7 4  -0.0688816987
4 2 0 4  0.0000000008
4 2 2 4  0.1423275426
4 2 4 4  -0.0019963573
4 2 6 4  -0.0000000013
4 3 1 4  0.0000000008
4 3 3 4  0.1423275426
4 3 5 4  -0.0019963573
4 3 7 4  -0.0000000013
4 4 0 4  -0.0000000018
4 4 2 4  -0.0019963573
4 4 4 4  0.3384763739
4 4 6 4  0.0000000002
4 5 1 4  -0.0000000018
4 5 3 4  -0.0019963573
4 5 5 4  0.3384763739
4 5 7 4  0.0000000002
4 6 0 4  -0.0688816987
4 6 2 4  -0.0000000013
4 6 4 4  0.0000000002
4 6 6 4  0.2439594488
4 7 1 4  -0.0688816987
4 7 3 4  -0.0000000013
4 7 5 4  0.0000000002
4 7 7 4  0.2439594488
4 0 0 6  0.0000000013
4 0 2 6  -0.0039339499
4 0 4 6  -0.0197782198
4 0 6 6  0.0000000009
4 1 1 6  0.0000000013
4 1 3 6  -0.0039339499
4 1 5 6  -0.0197782198
4 1 7 6  0.0000000009
4 2 0 6  -0.0039339499
4 2 2 6  0.0000000014
4 2 4 6  -0.0000000004
4 2 6 6  -0.0022063723
4 3 1 6  -0.0039339499
4 3 3 6  0.0000000014
4 3 5 6  -0.0000000004
4 3 7 6  -0.0022063723
4 4 0 6  -0.0197782198
4 4 2 6  -0.0000000004
4 4 4 6  0.0000000002
4 4 6 6  0.0205913557
4 5 1 6  -0.0197782198
4 5 3 6  -0.0000000004
4 5 5 6  0.0000000002
4 5 7 6  0.0205913557
4 6 0 6  0.0000000009
4 6 2 6  -0.0022063723
4 6 4 6  0.0205913557
4 6 6 6  0.0000000006
4 7 1 6  0.0000000009
4 7 3 6  -0.0022063723
4 7 5 6  0.0205913557
4 7 7 6  0.0000000006
5 0 2 1  0.0068151498
5 0 4 1  0.0205539255
5 0 6 1  0.0000000010
5 1 3 1  0.0068151498
5 1 5 1  0.0205539255
5 1 7 1  0.0000000010
5 2 0 1  0.0068151498
5 2 2 1  0.0000000010
5 2 4 1  0.0000000005
5 2 6 1  0.0039339499
5 3 1 1  0.0068151498
5 3 3 1  0.0000000010
5 3 5 1  0.0000000005
5 3 7 1  0.0039339499
5 4 0 1  0.0205539255
5 4 2 1  0.0000000005
5 4 4 1  -0.0000000018
5 4 6 1  -0.0197782198
5 5 1 1  0.0205539255
5 5 3 1  0.0000000005
5 5 5 1  -0.0000000018
5 5 7 1  -0.0197782198
5 6 0 1  0.0000000010
5 6 2 1  0.0039339499
5 6 4 1  -0.0197782198
5 6 6 1  0.0000000005
5 7 1 1  0.0000000010
5 7 3 1  0.0039339499
5 7 5 1  -0.0197782198
5 7 7 1  0.0000000005
5 0 0 3  0.0026825195
5 0 2 3  0.0000000005
5 0 4 3  0.0000000005
5 1 1 3  0.0026825195
5 1 3 3  0.0000000005
5 1 5 3  0.0000000005
5 2 0 3  0.0000000005
5 2 2 3  -0.0019963573
5 2 4 3  0.0006238476
5 2 6 3  0.0000000004
5 3 1 3  0.0000000005
5 3 3 3  -0.0019963573
5 3 5 3  0.0006238476
5 3 7 3  0.0000000004
5 4 0 3  0.0000000005
5 4 2 3  0.0006238476
5 4 4 3  -0.0019963573
5 4 6 3  -0.0000000004
5 5 1 3  0.0000000005
5 5 3 3  0.0006238476
5 5 5 3  -0.0019963573
5 5 7 3  -0.0000000004
5 6 2 3  0.0000000004
5 6 4 3  -0.0000000004
5 6 6 3  0.0000595427
5 7 3 3  0.0000000004
5 7 5 3  -0.0000000004
5 7 7 3  0.0000595427
5 0 0 5  0.2427554794
5 0 2 5  0.0000000008
5 0 4 5  -0.0000000018
5 0 6 5  -0.0688816987
5 1 1 5  0.2427554794
5 1 3 5  0.0000000008
5 1 5 5  -0.0000000018
5 1 7 5  -0.0688816987
5 2 0 5  0.0000000008
5 2 2 5  0.1423275426
5 2 4 5  -0.0019963573
5 2 6 5  -0.0000000013
5 3 1 5  0.0000000008
5 3 3 5  0.1423275426
5 3 5 5  -0.0019963573
5 3 7 5  -0.0000000013
5 4 0 5  -0.0000000018
5 4 2 5  -0.0019963573
5 4 4 5  0.3384763739
5 4 6 5  0.0000000002
5 5 1 5  -0.0000000018
5 5 3 5  -0.0019963573
5 5 5 5  0.3384763739
5 5 7 5  0.0000000002
5 6 0 5  -0.0688816987
5 6 2 5  -0.0000000013
5 6 4 5  0.0000000002
5 6 6 5  0.2439594488
5 7 1 5  -0.0688816987
5 7 3 5  -0.0000000013
5 7 5 5  0.0000000002
5 7 7 5  0.2439594488
5 0 0 7  0.0000000013
5 0 2 7  -0.0039339499
5 0 4 7  -0.0197782198
5 0 6 7  0.0000000009
5 1 1 7  0.0000000013
5 1 3 7  -0.0039339499
5 1 5 7  -0.0197782198
5 1 7 7  0.0000000009
5 2 0 7  -0.0039339499
5 2 2 7  0.0000000014
5 2 4 7  -0.0000000004
5 2 6 7  -0.0022063723
5 3 1 7  -0.0039339499
5 3 3 7  0.0000000014
5 3 5 7  -0.0000000004
5 3 7 7  -0.0022063723
5 4 0 7  -0.0197782198
5 4 2 7  -0.0000000004
5 4 4 7  0.0000000002
5 4 6 7  0.0205913557
5 5 1 7  -0.0197782198
5 5 3 7  -0.0000000004
5 5 5 7  0.0000000002
5 5 7 7  0.0205913557
5 6 0 7  0.0000000009
5 6 2 7  -0.0022063723
5 6 4 7  0.0205913557
5 6 6 7  0.0000000006
5 7 1 7  0.0000000009
5 7 3 7  -0.0022063723
5 7 5 7  0.0205913557
5 7 7 7  0.0000000006
6 0 2 0  -0.0000000009
6 0 4 0  0.0000000010
6 0 6 0  0.0792602447
6 1 3 0  -0.0000000009
6 1 5 0  0.0000000010
6 1 7 0  0.0792602447
6 2 0 0  -0.0000000009
6 2 2 0  0.0688816987
6 2 6 0  0.0000000009
6 3 1 0  -0.0000000009
6 3 3 0  0.0688816987
6 3 7 0  0.0000000009
6 4 0 0  0.0000000010
6 4 4 0  -0.0688816987
6 4 6 0  0.0000000009
6 5 1 0  0.0000000010
6 5 5 0  -0.0688816987
6 5 7 0  0.0000000009
6 6 0 0  0.0792602447
6 6 2 0  0.0000000009
6 6 4 0  0.0000000009
6 7 1 0  0.0792602447
6 7 3 0  0.0000000009
6 7 5 0  0.0000000009
6 0 0 2  -0.0000000010
6 0 2 2  0.0197782198
6 0 4 2  0.0039339499
6 0 6 2  0.0000000009
6 1 1 2  -0.0000000010
6 1 3 2  0.0197782198
6 1 5 2  0.0039339499
6 1 7 2  0.0000000009
6 2 0 2  0.0197782198
6 2 2 2  0.0000000010
6 2 4 2  0.0000000004
6 2 6 2  0.0205913557
6 3 1 2  0.0197782198
6 3 3 2  0.0000000010
6 3 5 2  0.0000000004
6 3 7 2  0.0205913557
6 4 0 2  0.0039339499
6 4 2 2  0.0000000004
6 4 4 2  -0.0000000013
6 4 6 2  -0.0022063723
6 5 1 2  0.0039339499
6 5 3 2  0.0000000004
6 5 5 2  -0.0000000013
6 5 7 2  -0.0022063723
6 6 0 2  0.0000000009
6 6 2 2  0.0205913557
6 6 4 2  -0.0022063723
6 6 6 2  -0.0000000003
6 7 1 2  0.0000000009
6 7 3 2  0.0205913557
6 7 5 2  -0.0022063723
6 7 7 2  -0.0000000003
6 0 0 4  0.0000000013
6 0 2 4  -0.0039339499
6 0 4 4  -0.0197782198
6 0 6 4  0.0000000009
6 1 1 4  0.0000000013
6 1 3 4  -0.0039339499
6 1 5 4  -0.0197782198
6 1 7 4  0.0000000009
6 2 0 4  -0.0039339499
6 2 2 4  0.0000000014
6 2 4 4  -0.0000000004
6 2 6 4  -0.0022063723
6 3 1 4  -0.0039339499
6 3 3 4  0.0000000014
6 3 5 4  -0.0000000004
6 3 7 4  -0.0022063723
6 4 0 4  -0.0197782198
6 4 2 4  -0.0000000004
6 4 4 4  0.0000000002
6 4 6 4  0.0205913557
6 5 1 4  -0.0197782198
6 5 3 4  -0.0000000004
6 5 5 4  0.0000000002
6 5 7 4  0.0205913557
6 6 0 4  0.0000000009
6 6 2 4  -0.0022063723
6 6 4 4  0.0205913557
6 6 6 4  0.0000000006
6 7 1 4  0.0000000009
6 7 3 4  -0.0022063723
6 7 5 4  0.0205913557
6 7 7 4  0.0000000006
6 0 0 6  0.3011627923
6 0 2 6  0.0000000005
6 0 4 6  0.0000000005
6 1 1 6  0.3011627923
6 1 3 6  0.0000000005
6 1 5 6  0.0000000005
6 2 0 6  0.0000000005
6 2 2 6  0.2439594488
6 2 4 6  0.0000595427
6 2 6 6  -0.0000000003
6 3 1 6  0.0000000005
6 3 3 6  0.2439594488
6 3 5 6  0.0000595427
6 3 7 6  -0.0000000003
6 4 0 6  0.0000000005
6 4 2 6  0.0000595427
6 4 4 6  0.2439594488
6 4 6 6  0.0000000006
6 5 1 6  0.0000000005
6 5 3 6  0.0000595427
6 5 5 6  0.2439594488
6 5 7 6  0.0000000006
6 6 2 6  -0.0000000003
6 6 4 6  0.0000000006
6 6 6 6  0.2961467476
6 7 3 6  -0.0000000003
6 7 5 6  0.0000000006
6 7 7 6  0.2961467476
7 0 2 1  -0.0000000009
7 0 4 1  0.0000000010
7 0 6 1  0.0792602447
7 1 3 1  -0.0000000009
7 1 5 1  0.0000000010
7 1 7 1  0.0792602447
7 2 0 1  -0.0000000009
7 2 2 1  0.0688816987
7 2 6 1  0.0000000009
7 3 1 1  -0.0000000009
7 3 3 1  0.0688816987
7 3 7 1  0.0000000009
7 4 0 1  0.0000000010
7 4 4 1  -0.0688816987
7 4 6 1  0.0000000009
7 5 1 1  0.0000000010
7 5 5 1  -0.0688816987
7 5 7 1  0.0000000009
7 6 0 1  0.0792602447
7 6 2 1  0.0000000009
7 6 4 1  0.0000000009
7 7 1 1  0.0792602447
7 7 3 1  0.0000000009
7 7 5 1  0.0000000009
7 0 0 3  -0.0000000010
7 0 2 3  0.0197782198
7 0 4 3  0.0039339499
7 0 6 3  0.0000000009
7 1 1 3  -0.0000000010
7 1 3 3  0.0197782198
7 1 5 3  0.0039339499
7 1 7 3  0.0000000009
7 2 0 3  0.0197782198
7 2 2 3  0.0000000010
7 2 4 3  0.0000000004
7 2 6 3  0.0205913557
7 3 1 3  0.0197782198
7 3 3 3  0.0000000010
7 3 5 3  0.0000000004
7 3 7 3  0.0205913557
7 4 0 3  0.0039339499
7 4 2 3  0.0000000004
7 4 4 3  -0.0000000013
7 4 6 3  -0.0022063723
7 5 1 3  0.0039339499
7 5 3 3  0.0000000004
7 5 5 3  -0.0000000013
7 5 7 3  -0.0022063723
7 6 0 3  0.0000000009
7 6 2 3  0.0205913557
7 6 4 3  -0.0022063723
7 6 6 3  -0.0000000003
7 7 1 3  0.0000000009
7 7 3 3  0.0205913557
7 7 5 3  -0.0022063723
7 7 7 3  -0.0000000003
7 0 0 5  0.0000000013
7 0 2 5  -0.0039339499
7 0 4 5  -0.0197782198
7 0 6 5  0.0000000009
7 1 1 5  0.0000000013
7 1 3 5  -0.0039339499
7 1 5 5  -0.0197782198
7 1 7 5  0.0000000009
7 2 0 5  -0.0039339499
7 2 2 5  0.0000000014
7 2 4 5  -0.0000000004
7 2 6 5  -0.0022063723
7 3 1 5  -0.0039339499
7 3 3 5  0.0000000014
7 3 5 5  -0.0000000004
7 3 7 5  -0.0022063723
7 4 0 5  -0.0197782198
7 4 2 5  -0.0000000004
7 4 4 5  0.0000000002
7 4 6 5  0.0205913557
7 5 1 5  -0.0197782198
7 5 3 5  -0.0000000004
7 5 5 5  0.0000000002
7 5 7 5  0.0205913557
7 6 0 5  0.0000000009
7 6 2 5  -0.0022063723
7 6 4 5  0.0205913557
7 6 6 5  0.0000000006
7 7 1 5  0.0000000009
7 7 3 5  -0.0022063723
7 7 5 5  0.0205913557
7 7 7 5  0.0000000006
7 0 0 7  0.3011627923
7 0 2 7  0.0000000005
7 0 4 7  0.0000000005
7 1 1 7  0.3011627923
7 1 3 7  0.0000000005
7 1 5 7  0.0000000005
7 2 0 7  0.0000000005
7 2 2 7  0.2439594488
7 2 4 7  0.0000595427
7 2 6 7  -0.0000000003
7 3 1 7  0.0000000005
7 3 3 7  0.2439594488
7 3 5 7  0.0000595427
7 3 7 7  -0.0000000003
7 4 0 7  0.0000000005
7 4 2 7  0.0000595427
7 4 4 7  0.2439594488
7 4 6 7  0.0000000006
7 5 1 7  0.0000000005
7 5 3 7  0.0000595427
7 5 5 7  0.2439594488
7 5 7 7  0.0000000006
7 6 2 7  -0.0000000003
7 6 4 7  0.0000000006
7 6 6 7  0.2961467476
7 7 3 7  -0.0000000003
7 7 5 7  0.0000000006
7 7 7 7  0.2961467476

 E(Ref) = -77.7274507695 Hartree, <S**2> = 1.0000
 E(FCI) = -77.8224112719 Hartree, <S**2> = 0.0000
