-74.10295395942782
0 0  -1.4510694035
0 2  0.0000000838
0 4  0.0000000734
0 6  -0.0000000007
1 1  -1.4510694035
1 3  0.0000000838
1 5  0.0000000734
1 7  -0.0000000007
2 0  0.0000000838
2 2  -1.2665069014
2 4  -0.0037951387
2 6  0.0000000674
3 1  0.0000000838
3 3  -1.2665069014
3 5  -0.0037951387
3 7  0.0000000674
4 0  0.0000000734
4 2  -0.0037951387
4 4  -1.2665068999
4 6  -0.0000000615
5 1  0.0000000734
5 3  -0.0037951387
5 5  -1.2665068999
5 7  -0.0000000615
6 0  -0.0000000007
6 2  0.0000000674
6 4  -0.0000000615
6 6  -1.3923945524
7 1  -0.0000000007
7 3  0.0000000674
7 5  -0.0000000615
7 7  -1.3923945524
0 0 0 0  0.2314560298
0 0 2 0  -0.0000000032
0 0 4 0  -0.0000000027
0 1 1 0  0.2314560298
0 1 3 0  -0.0000000032
0 1 5 0  -0.0000000027
0 2 0 0  -0.0000000032
0 2 2 0  0.1954927554
0 2 4 0  -0.0000761309
0 2 6 0  -0.0000000061
0 3 1 0  -0.0000000032
0 3 3 0  0.1954927554
0 3 5 0  -0.0000761309
0 3 7 0  -0.0000000061
0 4 0 0  -0.0000000027
0 4 2 0  -0.0000761309
0 4 4 0  0.1954927554
0 4 6 0  0.0000000057
0 5 1 0  -0.0000000027
0 5 3 0  -0.0000761309
0 5 5 0  0.1954927554
0 5 7 0  0.0000000057
0 6 2 0  -0.0000000061
0 6 4 0  0.0000000057
0 6 6 0  0.2337236674
0 7 3 0  -0.0000000061
0 7 5 0  0.0000000057
0 7 7 0  0.2337236674
0 0 0 2  -0.0000000032
0 0 2 2  0.0140212532
0 0 4 2  0.0006328349
0 0 6 2  -0.0000000030
0 1 1 2  -0.0000000032
0 1 3 2  0.0140212532
0 1 5 2  0.0006328349
0 1 7 2  -0.0000000030
0 2 0 2  0.0140212532
0 2 2 2  -0.0000000154
0 2 4 2  0.0000000012
0 2 6 2  0.0145366795
0 3 1 2  0.0140212532
0 3 3 2  -0.0000000154
0 3 5 2  0.0000000012
0 3 7 2  0.0145366795
0 4 0 2  0.0006328349
0 4 2 2  0.0000000012
0 4 4 2  0.0000000003
0 4 6 2  -0.0005573606
0 5 1 2  0.0006328349
0 5 3 2  0.0000000012
0 5 5 2  0.0000000003
0 5 7 2  -0.0005573606
0 6 0 2  -0.0000000030
0 6 2 2  0.0145366795
0 6 4 2  -0.0005573606
0 6 6 2  -0.0000000004
0 7 1 2  -0.0000000030
0 7 3 2  0.0145366795
0 7 5 2  -0.0005573606
0 7 7 2  -0.0000000004
0 0 0 4  -0.0000000027
0 0 2 4  0.0006328349
0 0 4 4  0.0140212532
0 0 6 4  0.0000000043
0 1 1 4  -0.0000000027
0 1 3 4  0.0006328349
0 1 5 4  0.0140212532
0 1 7 4  0.0000000043
0 2 0 4  0.0006328349
0 2 2 4  0.0000000015
0 2 4 4  0.0000000011
0 2 6 4  0.0005573606
0 3 1 4  0.0006328349
0 3 3 4  0.0000000015
0 3 5 4  0.0000000011
0 3 7 4  0.0005573606
0 4 0 4  0.0140212532
0 4 2 4  0.0000000011
0 4 4 4  -0.0000000156
0 4 6 4  -0.0145366795
0 5 1 4  0.0140212532
0 5 3 4  0.0000000011
0 5 5 4  -0.0000000156
0 5 7 4  -0.0145366795
0 6 0 4  0.0000000043
0 6 2 4  0.0005573606
0 6 4 4  -0.0145366795
0 6 6 4  0.0000000003
0 7 1 4  0.0000000043
0 7 3 4  0.0005573606
0 7 5 4  -0.0145366795
0 7 7 4  0.0000000003
0 0 2 6  -0.0000000030
0 0 4 6  0.0000000043
0 0 6 6  0.1195603632
0 1 3 6  -0.0000000030
0 1 5 6  0.0000000043
0 1 7 6  0.1195603632
0 2 0 6  -0.0000000030
0 2 2 6  0.0997679907
0 2 6 6  0.0000000111
0 3 1 6  -0.0000000030
0 3 3 6  0.0997679907
0 3 7 6  0.0000000111
0 4 0 6  0.0000000043
0 4 4 6  -0.0997679907
0 4 6 6  0.0000000115
0 5 1 6  0.0000000043
0 5 5 6  -0.0997679907
0 5 7 6  0.0000000115
0 6 0 6  0.1195603632
0 6 2 6  0.0000000111
0 6 4 6  0.0000000115
0 7 1 6  0.1195603632
0 7 3 6  0.0000000111
0 7 5 6  0.0000000115
1 0 0 1  0.2314560298
1 0 2 1  -0.0000000032
1 0 4 1  -0.0000000027
1 1 1 1  0.2314560298
1 1 3 1  -0.0000000032
1 1 5 1  -0.0000000027
1 2 0 1  -0.0000000032
1 2 2 1  0.1954927554
1 2 4 1  -0.0000761309
1 2 6 1  -0.0000000061
1 3 1 1  -0.0000000032
1 3 3 1  0.1954927554
1 3 5 1  -0.0000761309
1 3 7 1  -0.0000000061
1 4 0 1  -0.0000000027
1 4 2 1  -0.0000761309
1 4 4 1  0.1954927554
1 4 6 1  0.0000000057
1 5 1 1  -0.0000000027
1 5 3 1  -0.0000761309
1 5 5 1  0.1954927554
1 5 7 1  0.0000000057
1 6 2 1  -0.0000000061
1 6 4 1  0.0000000057
1 6 6 1  0.2337236674
1 7 3 1  -0.0000000061
1 7 5 1  0.0000000057
1 7 7 1  0.2337236674
1 0 0 3  -0.0000000032
1 0 2 3  0.0140212532
1 0 4 3  0.0006328349
1 0 6 3  -0.0000000030
1 1 1 3  -0.0000000032
1 1 3 3  0.0140212532
1 1 5 3  0.0006328349
1 1 7 3  -0.0000000030
1 2 0 3  0.0140212532
1 2 2 3  -0.0000000154
1 2 4 3  0.0000000012
1 2 6 3  0.0145366795
1 3 1 3  0.0140212532
1 3 3 3  -0.0000000154
1 3 5 3  0.0000000012
1 3 7 3  0.0145366795
1 4 0 3  0.0006328349
1 4 2 3  0.0000000012
1 4 4 3  0.0000000003
1 4 6 3  -0.0005573606
1 5 1 3  0.0006328349
1 5 3 3  0.0000000012
1 5 5 3  0.0000000003
1 5 7 3  -0.0005573606
1 6 0 3  -0.0000000030
1 6 2 3  0.0145366795
1 6 4 3  -0.0005573606
1 6 6 3  -0.0000000004
1 7 1 3  -0.0000000030
1 7 3 3  0.0145366795
1 7 5 3  -0.0005573606
1 7 7 3  -0.0000000004
1 0 0 5  -0.0000000027
1 0 2 5  0.0006328349
1 0 4 5  0.0140212532
1 0 6 5  0.0000000043
1 1 1 5  -0.0000000027
1 1 3 5  0.0006328349
1 1 5 5  0.0140212532
1 1 7 5  0.0000000043
1 2 0 5  0.0006328349
1 2 2 5  0.0000000015
1 2 4 5  0.0000000011
1 2 6 5  0.0005573606
1 3 1 5  0.0006328349
1 3 3 5  0.0000000015
1 3 5 5  0.0000000011
1 3 7 5  0.0005573606
1 4 0 5  0.0140212532
1 4 2 5  0.0000000011
1 4 4 5  -0.0000000156
1 4 6 5  -0.0145366795
1 5 1 5  0.0140212532
1 5 3 5  0.0000000011
1 5 5 5  -0.0000000156
1 5 7 5  -0.0145366795
1 6 0 5  0.0000000043
1 6 2 5  0.0005573606
1 6 4 5  -0.0145366795
1 6 6 5  0.0000000003
1 7 1 5  0.0000000043
1 7 3 5  0.0005573606
1 7 5 5  -0.0145366795
1 7 7 5  0.0000000003
1 0 2 7  -0.0000000030
1 0 4 7  0.0000000043
1 0 6 7  0.1195603632
1 1 3 7  -0.0000000030
1 1 5 7  0.0000000043
1 1 7 7  0.1195603632
1 2 0 7  -0.0000000030
1 2 2 7  0.0997679907
1 2 6 7  0.0000000111
1 3 1 7  -0.0000000030
1 3 3 7  0.0997679907
1 3 7 7  0.0000000111
1 4 0 7  0.0000000043
1 4 4 7  -0.0997679907
1 4 6 7  0.0000000115
1 5 1 7  0.0000000043
1 5 5 7  -0.0997679907
1 5 7 7  0.0000000115
1 6 0 7  0.1195603632
1 6 2 7  0.0000000111
1 6 4 7  0.0000000115
1 7 1 7  0.1195603632
1 7 3 7  0.0000000111
1 7 5 7  0.0000000115
2 0 0 0  -0.0000000032
2 0 2 0  0.0140212532
2 0 4 0  0.0006328349
2 0 6 0  -0.0000000030
2 1 1 0  -0.0000000032
2 1 3 0  0.0140212532
2 1 5 0  0.0006328349
2 1 7 0  -0.0000000030
2 2 0 0  0.0140212532
2 2 2 0  -0.0000000154
2 2 4 0  0.0000000012
2 2 6 0  0.0145366795
2 3 1 0  0.0140212532
2 3 3 0  -0.0000000154
2 3 5 0  0.0000000012
2 3 7 0  0.0145366795
2 4 0 0  0.0006328349
2 4 2 0  0.0000000012
2 4 4 0  0.0000000003
2 4 6 0  -0.0005573606
2 5 1 0  0.0006328349
2 5 3 0  0.0000000012
2 5 5 0  0.0000000003
2 5 7 0  -0.0005573606
2 6 0 0  -0.0000000030
2 6 2 0  0.0145366795
2 6 4 0  -0.0005573606
2 6 6 0  -0.0000000004
2 7 1 0  -0.0000000030
2 7 3 0  0.0145366795
2 7 5 0  -0.0005573606
2 7 7 0  -0.0000000004
2 0 0 2  0.1954927554
2 0 2 2  -0.0000000154
2 0 4 2  0.0000000015
2 0 6 2  0.0997679907
2 1 1 2  0.1954927554
2 1 3 2  -0.0000000154
2 1 5 2  0.0000000015
2 1 7 2  0.0997679907
2 2 0 2  -0.0000000154
2 2 2 2  0.3366184236
2 2 4 2  -0.0003301544
2 2 6 2  -0.0000000030
2 3 1 2  -0.0000000154
2 3 3 2  0.3366184236
2 3 5 2  -0.0003301544
2 3 7 2  -0.0000000030
2 4 0 2  0.0000000015
2 4 2 2  -0.0003301544
2 4 4 2  0.0856095792
2 4 6 2  0.0000000143
2 5 1 2  0.0000000015
2 5 3 2  -0.0003301544
2 5 5 2  0.0856095792
2 5 7 2  0.0000000143
2 6 0 2  0.0997679907
2 6 2 2  -0.0000000030
2 6 4 2  0.0000000143
2 6 6 2  0.1990561252
2 7 1 2  0.0997679907
2 7 3 2  -0.0000000030
2 7 5 2  0.0000000143
2 7 7 2  0.1990561252
2 0 0 4  -0.0000761309
2 0 2 4  0.0000000012
2 0 4 4  0.0000000011
2 1 1 4  -0.0000761309
2 1 3 4  0.0000000012
2 1 5 4  0.0000000011
2 2 0 4  0.0000000012
2 2 2 4  -0.0003301544
2 2 4 4  0.0000037626
2 2 6 4  0.0000000012
2 3 1 4  0.0000000012
2 3 3 4  -0.0003301544
2 3 5 4  0.0000037626
2 3 7 4  0.0000000012
2 4 0 4  0.0000000011
2 4 2 4  0.0000037626
2 4 4 4  -0.0003301544
2 4 6 4  -0.0000000012
2 5 1 4  0.0000000011
2 5 3 4  0.0000037626
2 5 5 4  -0.0003301544
2 5 7 4  -0.0000000012
2 6 2 4  0.0000000012
2 6 4 4  -0.0000000012
2 6 6 4  -0.0001184215
2 7 3 4  0.0000000012
2 7 5 4  -0.0000000012
2 7 7 4  -0.0001184215
2 0 0 6  -0.0000000061
2 0 2 6  0.0145366795
2 0 4 6  0.0005573606
2 0 6 6  0.0000000111
2 1 1 6  -0.0000000061
2 1 3 6  0.0145366795
2 1 5 6  0.0005573606
2 1 7 6  0.0000000111
2 2 0 6  0.0145366795
2 2 2 6  -0.0000000030
2 2 4 6  0.0000000012
2 2 6 6  0.0150929818
2 3 1 6  0.0145366795
2 3 3 6  -0.0000000030
2 3 5 6  0.0000000012
2 3 7 6  0.0150929818
2 4 0 6  0.0005573606
2 4 2 6  0.0000000012
2 4 4 6  -0.0000000141
2 4 6 6  -0.0004928695
2 5 1 6  0.0005573606
2 5 3 6  0.0000000012
2 5 5 6  -0.0000000141
2 5 7 6  -0.0004928695
2 6 0 6  0.0000000111
2 6 2 6  0.0150929818
2 6 4 6  -0.0004928695
2 6 6 6  -0.0000000034
2 7 1 6  0.0000000111
2 7 3 6  0.0150929818
2 7 5 6  -0.0004928695
2 7 7 6  -0.0000000034
3 0 0 1  -0.0000000032
3 0 2 1  0.0140212532
3 0 4 1  0.0006328349
3 0 6 1  -0.0000000030
3 1 1 1  -0.0000000032
3 1 3 1  0.0140212532
3 1 5 1  0.0006328349
3 1 7 1  -0.0000000030
3 2 0 1  0.0140212532
3 2 2 1  -0.0000000154
3 2 4 1  0.0000000012
3 2 6 1  0.0145366795
3 3 1 1  0.0140212532
3 3 3 1  -0.0000000154
3 3 5 1  0.0000000012
3 3 7 1  0.0145366795
3 4 0 1  0.0006328349
3 4 2 1  0.0000000012
3 4 4 1  0.0000000003
3 4 6 1  -0.0005573606
3 5 1 1  0.0006328349
3 5 3 1  0.0000000012
3 5 5 1  0.0000000003
3 5 7 1  -0.0005573606
3 6 0 1  -0.0000000030
3 6 2 1  0.0145366795
3 6 4 1  -0.0005573606
3 6 6 1  -0.0000000004
3 7 1 1  -0.0000000030
3 7 3 1  0.0145366795
3 7 5 1  -0.0005573606
3 7 7 1  -0.0000000004
3 0 0 3  0.1954927554
3 0 2 3  -0.0000000154
3 0 4 3  0.0000000015
3 0 6 3  0.0997679907
3 1 1 3  0.1954927554
3 1 3 3  -0.0000000154
3 1 5 3  0.0000000015
3 1 7 3  0.0997679907
3 2 0 3  -0.0000000154
3 2 2 3  0.3366184236
3 2 4 3  -0.0003301544
3 2 6 3  -0.0000000030
3 3 1 3  -0.0000000154
3 3 3 3  0.3366184236
3 3 5 3  -0.0003301544
3 3 7 3  -0.0000000030
3 4 0 3  0.0000000015
3 4 2 3  -0.0003301544
3 4 4 3  0.0856095792
3 4 6 3  0.0000000143
3 5 1 3  0.0000000015
3 5 3 3  -0.0003301544
3 5 5 3  0.0856095792
3 5 7 3  0.0000000143
3 6 0 3  0.0997679907
3 6 2 3  -0.0000000030
3 6 4 3  0.0000000143
3 6 6 3  0.1990561252
3 7 1 3  0.0997679907
3 7 3 3  -0.0000000030
3 7 5 3  0.0000000143
3 7 7 3  0.1990561252
3 0 0 5  -0.0000761309
3 0 2 5  0.0000000012
3 0 4 5  0.0000000011
3 1 1 5  -0.0000761309
3 1 3 5  0.0000000012
3 1 5 5  0.0000000011
3 2 0 5  0.0000000012
3 2 2 5  -0.0003301544
3 2 4 5  0.0000037626
3 2 6 5  0.0000000012
3 3 1 5  0.0000000012
3 3 3 5  -0.0003301544
3 3 5 5  0.0000037626
3 3 7 5  0.0000000012
3 4 0 5  0.0000000011
3 4 2 5  0.0000037626
3 4 4 5  -0.0003301544
3 4 6 5  -0.0000000012
3 5 1 5  0.0000000011
3 5 3 5  0.0000037626
3 5 5 5  -0.0003301544
3 5 7 5  -0.0000000012
3 6 2 5  0.0000000012
3 6 4 5  -0.0000000012
3 6 6 5  -0.0001184215
3 7 3 5  0.0000000012
3 7 5 5  -0.0000000012
3 7 7 5  -0.0001184215
3 0 0 7  -0.0000000061
3 0 2 7  0.0145366795
3 0 4 7  0.0005573606
3 0 6 7  0.0000000111
3 1 1 7  -0.0000000061
3 1 3 7  0.0145366795
3 1 5 7  0.0005573606
3 1 7 7  0.0000000111
3 2 0 7  0.0145366795
3 2 2 7  -0.0000000030
3 2 4 7  0.0000000012
3 2 6 7  0.0150929818
3 3 1 7  0.0145366795
3 3 3 7  -0.0000000030
3 3 5 7  0.0000000012
3 3 7 7  0.0150929818
3 4 0 7  0.0005573606
3 4 2 7  0.0000000012
3 4 4 7  -0.0000000141
3 4 6 7  -0.0004928695
3 5 1 7  0.0005573606
3 5 3 7  0.0000000012
3 5 5 7  -0.0000000141
3 5 7 7  -0.0004928695
3 6 0 7  0.0000000111
3 6 2 7  0.0150929818
3 6 4 7  -0.0004928695
3 6 6 7  -0.0000000034
3 7 1 7  0.0000000111
3 7 3 7  0.0150929818
3 7 5 7  -0.0004928695
3 7 7 7  -0.0000000034
4 0 0 0  -0.0000000027
4 0 2 0  0.0006328349
4 0 4 0  0.0140212532
4 0 6 0  0.0000000043
4 1 1 0  -0.0000000027
4 1 3 0  0.0006328349
4 1 5 0  0.0140212532
4 1 7 0  0.0000000043
4 2 0 0  0.0006328349
4 2 2 0  0.0000000015
4 2 4 0  0.0000000011
4 2 6 0  0.0005573606
4 3 1 0  0.0006328349
4 3 3 0  0.0000000015
4 3 5 0  0.0000000011
4 3 7 0  0.0005573606
4 4 0 0  0.0140212532
4 4 2 0  0.0000000011
4 4 4 0  -0.0000000156
4 4 6 0  -0.0145366795
4 5 1 0  0.0140212532
4 5 3 0  0.0000000011
4 5 5 0  -0.0000000156
4 5 7 0  -0.0145366795
4 6 0 0  0.0000000043
4 6 2 0  0.0005573606
4 6 4 0  -0.0145366795
4 6 6 0  0.0000000003
4 7 1 0  0.0000000043
4 7 3 0  0.0005573606
4 7 5 0  -0.0145366795
4 7 7 0  0.0000000003
4 0 0 2  -0.0000761309
4 0 2 2  0.0000000012
4 0 4 2  0.0000000011
4 1 1 2  -0.0000761309
4 1 3 2  0.0000000012
4 1 5 2  0.0000000011
4 2 0 2  0.0000000012
4 2 2 2  -0.0003301544
4 2 4 2  0.0000037626
4 2 6 2  0.0000000012
4 3 1 2  0.0000000012
4 3 3 2  -0.0003301544
4 3 5 2  0.0000037626
4 3 7 2  0.0000000012
4 4 0 2  0.0000000011
4 4 2 2  0.0000037626
4 4 4 2  -0.0003301544
4 4 6 2  -0.0000000012
4 5 1 2  0.0000000011
4 5 3 2  0.0000037626
4 5 5 2  -0.0003301544
4 5 7 2  -0.0000000012
4 6 2 2  0.0000000012
4 6 4 2  -0.0000000012
4 6 6 2  -0.0001184215
4 7 3 2  0.0000000012
4 7 5 2  -0.0000000012
4 7 7 2  -0.0001184215
4 0 0 4  0.1954927554
4 0 2 4  0.0000000003
4 0 4 4  -0.0000000156
4 0 6 4  -0.0997679907
4 1 1 4  0.1954927554
4 1 3 4  0.0000000003
4 1 5 4  -0.0000000156
4 1 7 4  -0.0997679907
4 2 0 4  0.0000000003
4 2 2 4  0.0856095792
4 2 4 4  -0.0003301544
4 2 6 4  -0.0000000141
4 3 1 4  0.0000000003
4 3 3 4  0.0856095792
4 3 5 4  -0.0003301544
4 3 7 4  -0.0000000141
4 4 0 4  -0.0000000156
4 4 2 4  -0.0003301544
4 4 4 4  0.3366184236
4 4 6 4  0.0000000011
4 5 1 4  -0.0000000156
4 5 3 4  -0.0003301544
4 5 5 4  0.3366184236
4 5 7 4  0.0000000011
4 6 0 4  -0.0997679907
4 6 2 4  -0.0000000141
4 6 4 4  0.0000000011
4 6 6 4  0.1990561252
4 7 1 4  -0.0997679907
4 7 3 4  -0.0000000141
4 7 5 4  0.0000000011
4 7 7 4  0.1990561252
4 0 0 6  0.0000000057
4 0 2 6  -0.0005573606
4 0 4 6  -0.0145366795
4 0 6 6  0.0000000115
4 1 1 6  0.0000000057
4 1 3 6  -0.0005573606
4 1 5 6  -0.0145366795
4 1 7 6  0.0000000115
4 2 0 6  -0.0005573606
4 2 2 6  0.0000000143
4 2 4 6  -0.0000000012
4 2 6 6  -0.0004928695
4 3 1 6  -0.0005573606
4 3 3 6  0.0000000143
4 3 5 6  -0.0000000012
4 3 7 6  -0.0004928695
4 4 0 6  -0.0145366795
4 4 2 6  -0.0000000012
4 4 4 6  0.0000000011
4 4 6 6  0.0150929818
4 5 1 6  -0.0145366795
4 5 3 6  -0.0000000012
4 5 5 6  0.0000000011
4 5 7 6  0.0150929818
4 6 0 6  0.0000000115
4 6 2 6  -0.0004928695
4 6 4 6  0.0150929818
4 6 6 6  0.0000000029
4 7 1 6  0.0000000115
4 7 3 6  -0.0004928695
4 7 5 6  0.0150929818
4 7 7 6  0.0000000029
5 0 0 1  -0.0000000027
5 0 2 1  0.0006328349
5 0 4 1  0.0140212532
5 0 6 1  0.0000000043
5 1 1 1  -0.0000000027
5 1 3 1  0.0006328349
5 1 5 1  0.0140212532
5 1 7 1  0.0000000043
5 2 0 1  0.0006328349
5 2 2 1  0.0000000015
5 2 4 1  0.0000000011
5 2 6 1  0.0005573606
5 3 1 1  0.0006328349
5 3 3 1  0.0000000015
5 3 5 1  0.0000000011
5 3 7 1  0.0005573606
5 4 0 1  0.0140212532
5 4 2 1  0.0000000011
5 4 4 1  -0.0000000156
5 4 6 1  -0.0145366795
5 5 1 1  0.0140212532
5 5 3 1  0.0000000011
5 5 5 1  -0.0000000156
5 5 7 1  -0.0145366795
5 6 0 1  0.0000000043
5 6 2 1  0.0005573606
5 6 4 1  -0.0145366795
5 6 6 1  0.0000000003
5 7 1 1  0.0000000043
5 7 3 1  0.0005573606
5 7 5 1  -0.0145366795
5 7 7 1  0.0000000003
5 0 0 3  -0.0000761309
5 0 2 3  0.0000000012
5 0 4 3  0.0000000011
5 1 1 3  -0.0000761309
5 1 3 3  0.0000000012
5 1 5 3  0.0000000011
5 2 0 3  0.0000000012
5 2 2 3  -0.0003301544
5 2 4 3  0.0000037626
5 2 6 3  0.0000000012
5 3 1 3  0.0000000012
5 3 3 3  -0.0003301544
5 3 5 3  0.0000037626
5 3 7 3  0.0000000012
5 4 0 3  0.0000000011
5 4 2 3  0.0000037626
5 4 4 3  -0.0003301544
5 4 6 3  -0.0000000012
5 5 1 3  0.0000000011
5 5 3 3  0.0000037626
5 5 5 3  -0.0003301544
5 5 7 3  -0.0000000012
5 6 2 3  0.0000000012
5 6 4 3  -0.0000000012
5 6 6 3  -0.0001184215
5 7 3 3  0.0000000012
5 7 5 3  -0.0000000012
5 7 7 3  -0.0001184215
5 0 0 5  0.1954927554
5 0 2 5  0.0000000003
5 0 4 5  -0.0000000156
5 0 6 5  -0.0997679907
5 1 1 5  0.1954927554
5 1 3 5  0.0000000003
5 1 5 5  -0.0000000156
5 1 7 5  -0.0997679907
5 2 0 5  0.0000000003
5 2 2 5  0.0856095792
5 2 4 5  -0.0003301544
5 2 6 5  -0.0000000141
5 3 1 5  0.0000000003
5 3 3 5  0.0856095792
5 3 5 5  -0.0003301544
5 3 7 5  -0.0000000141
5 4 0 5  -0.0000000156
5 4 2 5  -0.0003301544
5 4 4 5  0.3366184236
5 4 6 5  0.0000000011
5 5 1 5  -0.0000000156
5 5 3 5  -0.0003301544
5 5 5 5  0.3366184236
5 5 7 5  0.0000000011
5 6 0 5  -0.0997679907
5 6 2 5  -0.0000000141
5 6 4 5  0.0000000011
5 6 6 5  0.1990561252
5 7 1 5  -0.0997679907
5 7 3 5  -0.0000000141
5 7 5 5  0.0000000011
5 7 7 5  0.1990561252
5 0 0 7  0.0000000057
5 0 2 7  -0.0005573606
5 0 4 7  -0.0145366795
5 0 6 7  0.0000000115
5 1 1 7  0.0000000057
5 1 3 7  -0.0005573606
5 1 5 7  -0.0145366795
5 1 7 7  0.0000000115
5 2 0 7  -0.0005573606
5 2 2 7  0.0000000143
5 2 4 7  -0.0000000012
5 2 6 7  -0.0004928695
5 3 1 7  -0.0005573606
5 3 3 7  0.0000000143
5 3 5 7  -0.0000000012
5 3 7 7  -0.0004928695
5 4 0 7  -0.0145366795
5 4 2 7  -0.0000000012
5 4 4 7  0.0000000011
5 4 6 7  0.0150929818
5 5 1 7  -0.0145366795
5 5 3 7  -0.0000000012
5 5 5 7  0.0000000011
5 5 7 7  0.0150929818
5 6 0 7  0.0000000115
5 6 2 7  -0.0004928695
5 6 4 7  0.0150929818
5 6 6 7  0.0000000029
5 7 1 7  0.0000000115
5 7 3 7  -0.0004928695
5 7 5 7  0.0150929818
5 7 7 7  0.0000000029
6 0 2 0  -0.0000000030
6 0 4 0  0.0000000043
6 0 6 0  0.1195603632
6 1 3 0  -0.0000000030
6 1 5 0  0.0000000043
6 1 7 0  0.1195603632
6 2 0 0  -0.0000000030
6 2 2 0  0.0997679907
6 2 6 0  0.0000000111
6 3 1 0  -0.0000000030
6 3 3 0  0.0997679907
6 3 7 0  0.0000000111
6 4 0 0  0.0000000043
6 4 4 0  -0.0997679907
6 4 6 0  0.0000000115
6 5 1 0  0.0000000043
6 5 5 0  -0.0997679907
6 5 7 0  0.0000000115
6 6 0 0  0.1195603632
6 6 2 0  0.0000000111
6 6 4 0  0.0000000115
6 7 1 0  0.1195603632
6 7 3 0  0.0000000111
6 7 5 0  0.0000000115
6 0 0 2  -0.0000000061
6 0 2 2  0.0145366795
6 0 4 2  0.0005573606
6 0 6 2  0.0000000111
6 1 1 2  -0.0000000061
6 1 3 2  0.0145366795
6 1 5 2  0.0005573606
6 1 7 2  0.0000000111
6 2 0 2  0.0145366795
6 2 2 2  -0.0000000030
6 2 4 2  0.0000000012
6 2 6 2  0.0150929818
6 3 1 2  0.0145366795
6 3 3 2  -0.0000000030
6 3 5 2  0.0000000012
6 3 7 2  0.0150929818
6 4 0 2  0.0005573606
6 4 2 2  0.0000000012
6 4 4 2  -0.0000000141
6 4 6 2  -0.0004928695
6 5 1 2  0.0005573606
6 5 3 2  0.0000000012
6 5 5 2  -0.0000000141
6 5 7 2  -0.0004928695
6 6 0 2  0.0000000111
6 6 2 2  0.0150929818
6 6 4 2  -0.0004928695
6 6 6 2  -0.0000000034
6 7 1 2  0.0000000111
6 7 3 2  0.0150929818
6 7 5 2  -0.0004928695
6 7 7 2  -0.0000000034
6 0 0 4  0.0000000057
6 0 2 4  -0.0005573606
6 0 4 4  -0.0145366795
6 0 6 4  0.0000000115
6 1 1 4  0.0000000057
6 1 3 4  -0.0005573606
6 1 5 4  -0.0145366795
6 1 7 4  0.0000000115
6 2 0 4  -0.0005573606
6 2 2 4  0.0000000143
6 2 4 4  -0.0000000012
6 2 6 4  -0.0004928695
6 3 1 4  -0.0005573606
6 3 3 4  0.0000000143
6 3 5 4  -0.0000000012
6 3 7 4  -0.0004928695
6 4 0 4  -0.0145366795
6 4 2 4  -0.0000000012
6 4 4 4  0.0000000011
6 4 6 4  0.0150929818
6 5 1 4  -0.0145366795
6 5 3 4  -0.0000000012
6 5 5 4  0.0000000011
6 5 7 4  0.0150929818
6 6 0 4  0.0000000115
6 6 2 4  -0.0004928695
6 6 4 4  0.0150929818
6 6 6 4  0.0000000029
6 7 1 4  0.0000000115
6 7 3 4  -0.0004928695
6 7 5 4  0.0150929818
6 7 7 4  0.0000000029
6 0 0 6  0.2337236674
6 0 2 6  -0.0000000004
6 0 4 6  0.0000000003
6 1 1 6  0.2337236674
6 1 3 6  -0.0000000004
6 1 5 6  0.0000000003
6 2 0 6  -0.0000000004
6 2 2 6  0.1990561252
6 2 4 6  -0.0001184215
6 2 6 6  -0.0000000034
6 3 1 6  -0.0000000004
6 3 3 6  0.1990561252
6 3 5 6  -0.0001184215
6 3 7 6  -0.0000000034
6 4 0 6  0.0000000003
6 4 2 6  -0.0001184215
6 4 4 6  0.1990561252
6 4 6 6  0.0000000029
6 5 1 6  0.0000000003
6 5 3 6  -0.0001184215
6 5 5 6  0.1990561252
6 5 7 6  0.0000000029
6 6 2 6  -0.0000000034
6 6 4 6  0.0000000029
6 6 6 6  0.2368645374
6 7 3 6  -0.0000000034
6 7 5 6  0.0000000029
6 7 7 6  0.2368645374
7 0 2 1  -0.0000000030
7 0 4 1  0.0000000043
7 0 6 1  0.1195603632
7 1 3 1  -0.0000000030
7 1 5 1  0.0000000043
7 1 7 1  0.1195603632
7 2 0 1  -0.0000000030
7 2 2 1  0.0997679907
7 2 6 1  0.0000000111
7 3 1 1  -0.0000000030
7 3 3 1  0.0997679907
7 3 7 1  0.0000000111
7 4 0 1  0.0000000043
7 4 4 1  -0.0997679907
7 4 6 1  0.0000000115
7 5 1 1  0.0000000043
7 5 5 1  -0.0997679907
7 5 7 1  0.0000000115
7 6 0 1  0.1195603632
7 6 2 1  0.0000000111
7 6 4 1  0.0000000115
7 7 1 1  0.1195603632
7 7 3 1  0.0000000111
7 7 5 1  0.0000000115
7 0 0 3  -0.0000000061
7 0 2 3  0.0145366795
7 0 4 3  0.0005573606
7 0 6 3  0.0000000111
7 1 1 3  -0.0000000061
7 1 3 3  0.0145366795
7 1 5 3  0.0005573606
7 1 7 3  0.0000000111
7 2 0 3  0.0145366795
7 2 2 3  -0.0000000030
7 2 4 3  0.0000000012
7 2 6 3  0.0150929818
7 3 1 3  0.0145366795
7 3 3 3  -0.0000000030
7 3 5 3  0.0000000012
7 3 7 3  0.0150929818
7 4 0 3  0.0005573606
7 4 2 3  0.0000000012
7 4 4 3  -0.0000000141
7 4 6 3  -0.0004928695
7 5 1 3  0.0005573606
7 5 3 3  0.0000000012
7 5 5 3  -0.0000000141
7 5 7 3  -0.0004928695
7 6 0 3  0.0000000111
7 6 2 3  0.0150929818
7 6 4 3  -0.0004928695
7 6 6 3  -0.0000000034
7 7 1 3  0.0000000111
7 7 3 3  0.0150929818
7 7 5 3  -0.0004928695
7 7 7 3  -0.0000000034
7 0 0 5  0.0000000057
7 0 2 5  -0.0005573606
7 0 4 5  -0.0145366795
7 0 6 5  0.0000000115
7 1 1 5  0.0000000057
7 1 3 5  -0.0005573606
7 1 5 5  -0.0145366795
7 1 7 5  0.0000000115
7 2 0 5  -0.0005573606
7 2 2 5  0.0000000143
7 2 4 5  -0.0000000012
7 2 6 5  -0.0004928695
7 3 1 5  -0.0005573606
7 3 3 5  0.0000000143
7 3 5 5  -0.0000000012
7 3 7 5  -0.0004928695
7 4 0 5  -0.0145366795
7 4 2 5  -0.0000000012
7 4 4 5  0.0000000011
7 4 6 5  0.0150929818
7 5 1 5  -0.0145366795
7 5 3 5  -0.0000000012
7 5 5 5  0.0000000011
7 5 7 5  0.0150929818
7 6 0 5  0.0000000115
7 6 2 5  -0.0004928695
7 6 4 5  0.0150929818
7 6 6 5  0.0000000029
7 7 1 5  0.0000000115
7 7 3 5  -0.0004928695
7 7 5 5  0.0150929818
7 7 7 5  0.0000000029
7 0 0 7  0.2337236674
7 0 2 7  -0.0000000004
7 0 4 7  0.0000000003
7 1 1 7  0.2337236674
7 1 3 7  -0.0000000004
7 1 5 7  0.0000000003
7 2 0 7  -0.0000000004
7 2 2 7  0.1990561252
7 2 4 7  -0.0001184215
7 2 6 7  -0.0000000034
7 3 1 7  -0.0000000004
7 3 3 7  0.1990561252
7 3 5 7  -0.0001184215
7 3 7 7  -0.0000000034
7 4 0 7  0.0000000003
7 4 2 7  -0.0001184215
7 4 4 7  0.1990561252
7 4 6 7  0.0000000029
7 5 1 7  0.0000000003
7 5 3 7  -0.0001184215
7 5 5 7  0.1990561252
7 5 7 7  0.0000000029
7 6 2 7  -0.0000000034
7 6 4 7  0.0000000029
7 6 6 7  0.2368645374
7 7 3 7  -0.0000000034
7 7 5 7  0.0000000029
7 7 7 7  0.2368645374
