 MO Integrals with frozen core/virtual approximation

-72.31055122945638
0 0  -2.4709853392
0 2  0.0000000052
0 4  0.0000000038
0 6  0.0092148038
1 1  -2.4709853392
1 3  0.0000000052
1 5  0.0000000038
1 7  0.0092148038
2 0  0.0000000052
2 2  -1.6275675876
2 4  -0.1502887068
2 6  0.0000000095
3 1  0.0000000052
3 3  -1.6275675876
3 5  -0.1502887068
3 7  0.0000000095
4 0  0.0000000038
4 2  -0.1502887068
4 4  -1.6275675873
4 6  -0.0000000074
5 1  0.0000000038
5 3  -0.1502887068
5 5  -1.6275675873
5 7  -0.0000000074
6 0  0.0092148038
6 2  0.0000000095
6 4  -0.0000000074
6 6  -1.0788701823
7 1  0.0092148038
7 3  0.0000000095
7 5  -0.0000000074
7 7  -1.0788701823
0 0 0 0  0.2745030957
0 0 2 0  0.0000000026
0 0 4 0  0.0000000022
0 0 6 0  0.0001314107
0 1 1 0  0.2745030957
0 1 3 0  0.0000000026
0 1 5 0  0.0000000022
0 1 7 0  0.0001314107
0 2 0 0  0.0000000026
0 2 2 0  0.2493833034
0 2 4 0  0.0028390341
0 2 6 0  -0.0000000014
0 3 1 0  0.0000000026
0 3 3 0  0.2493833034
0 3 5 0  0.0028390341
0 3 7 0  -0.0000000014
0 4 0 0  0.0000000022
0 4 2 0  0.0028390341
0 4 4 0  0.2493833034
0 4 6 0  0.0000000007
0 5 1 0  0.0000000022
0 5 3 0  0.0028390341
0 5 5 0  0.2493833034
0 5 7 0  0.0000000007
0 6 0 0  0.0001314107
0 6 2 0  -0.0000000014
0 6 4 0  0.0000000007
0 6 6 0  0.2521647038
0 7 1 0  0.0001314107
0 7 3 0  -0.0000000014
0 7 5 0  0.0000000007
0 7 7 0  0.2521647038
0 0 0 2  0.0000000026
0 0 2 2  0.0313982075
0 0 4 2  0.0106662338
0 0 6 2  -0.0000000008
0 1 1 2  0.0000000026
0 1 3 2  0.0313982075
0 1 5 2  0.0106662338
0 1 7 2  -0.0000000008
0 2 0 2  0.0313982075
0 2 2 2  -0.0000000008
0 2 4 2  0.0000000006
0 2 6 2  -0.0273954843
0 3 1 2  0.0313982075
0 3 3 2  -0.0000000008
0 3 5 2  0.0000000006
0 3 7 2  -0.0273954843
0 4 0 2  0.0106662338
0 4 2 2  0.0000000006
0 4 4 2  0.0000000006
0 4 6 2  0.0066856791
0 5 1 2  0.0106662338
0 5 3 2  0.0000000006
0 5 5 2  0.0000000006
0 5 7 2  0.0066856791
0 6 0 2  -0.0000000008
0 6 2 2  -0.0273954843
0 6 4 2  0.0066856791
0 6 6 2  0.0000000029
0 7 1 2  -0.0000000008
0 7 3 2  -0.0273954843
0 7 5 2  0.0066856791
0 7 7 2  0.0000000029
0 0 0 4  0.0000000022
0 0 2 4  0.0106662338
0 0 4 4  0.0313982076
0 0 6 4  0.0000000004
0 1 1 4  0.0000000022
0 1 3 4  0.0106662338
0 1 5 4  0.0313982076
0 1 7 4  0.0000000004
0 2 0 4  0.0106662338
0 2 2 4  0.0000000006
0 2 4 4  0.0000000004
0 2 6 4  -0.0066856792
0 3 1 4  0.0106662338
0 3 3 4  0.0000000006
0 3 5 4  0.0000000004
0 3 7 4  -0.0066856792
0 4 0 4  0.0313982076
0 4 2 4  0.0000000004
0 4 6 4  0.0273954844
0 5 1 4  0.0313982076
0 5 3 4  0.0000000004
0 5 7 4  0.0273954844
0 6 0 4  0.0000000004
0 6 2 4  -0.0066856792
0 6 4 4  0.0273954844
0 6 6 4  0.0000000023
0 7 1 4  0.0000000004
0 7 3 4  -0.0066856792
0 7 5 4  0.0273954844
0 7 7 4  0.0000000023
0 0 0 6  0.0001314107
0 0 2 6  -0.0000000008
0 0 4 6  0.0000000004
0 0 6 6  0.0366868542
0 1 1 6  0.0001314107
0 1 3 6  -0.0000000008
0 1 5 6  0.0000000004
0 1 7 6  0.0366868542
0 2 0 6  -0.0000000008
0 2 2 6  -0.0449042182
0 2 6 6  0.0000000021
0 3 1 6  -0.0000000008
0 3 3 6  -0.0449042182
0 3 7 6  0.0000000021
0 4 0 6  0.0000000004
0 4 4 6  0.0449042182
0 4 6 6  0.0000000015
0 5 1 6  0.0000000004
0 5 5 6  0.0449042182
0 5 7 6  0.0000000015
0 6 0 6  0.0366868542
0 6 2 6  0.0000000021
0 6 4 6  0.0000000015
0 6 6 6  0.0032468886
0 7 1 6  0.0366868542
0 7 3 6  0.0000000021
0 7 5 6  0.0000000015
0 7 7 6  0.0032468886
1 0 0 1  0.2745030957
1 0 2 1  0.0000000026
1 0 4 1  0.0000000022
1 0 6 1  0.0001314107
1 1 1 1  0.2745030957
1 1 3 1  0.0000000026
1 1 5 1  0.0000000022
1 1 7 1  0.0001314107
1 2 0 1  0.0000000026
1 2 2 1  0.2493833034
1 2 4 1  0.0028390341
1 2 6 1  -0.0000000014
1 3 1 1  0.0000000026
1 3 3 1  0.2493833034
1 3 5 1  0.0028390341
1 3 7 1  -0.0000000014
1 4 0 1  0.0000000022
1 4 2 1  0.0028390341
1 4 4 1  0.2493833034
1 4 6 1  0.0000000007
1 5 1 1  0.0000000022
1 5 3 1  0.0028390341
1 5 5 1  0.2493833034
1 5 7 1  0.0000000007
1 6 0 1  0.0001314107
1 6 2 1  -0.0000000014
1 6 4 1  0.0000000007
1 6 6 1  0.2521647038
1 7 1 1  0.0001314107
1 7 3 1  -0.0000000014
1 7 5 1  0.0000000007
1 7 7 1  0.2521647038
1 0 0 3  0.0000000026
1 0 2 3  0.0313982075
1 0 4 3  0.0106662338
1 0 6 3  -0.0000000008
1 1 1 3  0.0000000026
1 1 3 3  0.0313982075
1 1 5 3  0.0106662338
1 1 7 3  -0.0000000008
1 2 0 3  0.0313982075
1 2 2 3  -0.0000000008
1 2 4 3  0.0000000006
1 2 6 3  -0.0273954843
1 3 1 3  0.0313982075
1 3 3 3  -0.0000000008
1 3 5 3  0.0000000006
1 3 7 3  -0.0273954843
1 4 0 3  0.0106662338
1 4 2 3  0.0000000006
1 4 4 3  0.0000000006
1 4 6 3  0.0066856791
1 5 1 3  0.0106662338
1 5 3 3  0.0000000006
1 5 5 3  0.0000000006
1 5 7 3  0.0066856791
1 6 0 3  -0.0000000008
1 6 2 3  -0.0273954843
1 6 4 3  0.0066856791
1 6 6 3  0.0000000029
1 7 1 3  -0.0000000008
1 7 3 3  -0.0273954843
1 7 5 3  0.0066856791
1 7 7 3  0.0000000029
1 0 0 5  0.0000000022
1 0 2 5  0.0106662338
1 0 4 5  0.0313982076
1 0 6 5  0.0000000004
1 1 1 5  0.0000000022
1 1 3 5  0.0106662338
1 1 5 5  0.0313982076
1 1 7 5  0.0000000004
1 2 0 5  0.0106662338
1 2 2 5  0.0000000006
1 2 4 5  0.0000000004
1 2 6 5  -0.0066856792
1 3 1 5  0.0106662338
1 3 3 5  0.0000000006
1 3 5 5  0.0000000004
1 3 7 5  -0.0066856792
1 4 0 5  0.0313982076
1 4 2 5  0.0000000004
1 4 6 5  0.0273954844
1 5 1 5  0.0313982076
1 5 3 5  0.0000000004
1 5 7 5  0.0273954844
1 6 0 5  0.0000000004
1 6 2 5  -0.0066856792
1 6 4 5  0.0273954844
1 6 6 5  0.0000000023
1 7 1 5  0.0000000004
1 7 3 5  -0.0066856792
1 7 5 5  0.0273954844
1 7 7 5  0.0000000023
1 0 0 7  0.0001314107
1 0 2 7  -0.0000000008
1 0 4 7  0.0000000004
1 0 6 7  0.0366868542
1 1 1 7  0.0001314107
1 1 3 7  -0.0000000008
1 1 5 7  0.0000000004
1 1 7 7  0.0366868542
1 2 0 7  -0.0000000008
1 2 2 7  -0.0449042182
1 2 6 7  0.0000000021
1 3 1 7  -0.0000000008
1 3 3 7  -0.0449042182
1 3 7 7  0.0000000021
1 4 0 7  0.0000000004
1 4 4 7  0.0449042182
1 4 6 7  0.0000000015
1 5 1 7  0.0000000004
1 5 5 7  0.0449042182
1 5 7 7  0.0000000015
1 6 0 7  0.0366868542
1 6 2 7  0.0000000021
1 6 4 7  0.0000000015
1 6 6 7  0.0032468886
1 7 1 7  0.0366868542
1 7 3 7  0.0000000021
1 7 5 7  0.0000000015
1 7 7 7  0.0032468886
2 0 0 0  0.0000000026
2 0 2 0  0.0313982075
2 0 4 0  0.0106662338
2 0 6 0  -0.0000000008
2 1 1 0  0.0000000026
2 1 3 0  0.0313982075
2 1 5 0  0.0106662338
2 1 7 0  -0.0000000008
2 2 0 0  0.0313982075
2 2 2 0  -0.0000000008
2 2 4 0  0.0000000006
2 2 6 0  -0.0273954843
2 3 1 0  0.0313982075
2 3 3 0  -0.0000000008
2 3 5 0  0.0000000006
2 3 7 0  -0.0273954843
2 4 0 0  0.0106662338
2 4 2 0  0.0000000006
2 4 4 0  0.0000000006
2 4 6 0  0.0066856791
2 5 1 0  0.0106662338
2 5 3 0  0.0000000006
2 5 5 0  0.0000000006
2 5 7 0  0.0066856791
2 6 0 0  -0.0000000008
2 6 2 0  -0.0273954843
2 6 4 0  0.0066856791
2 6 6 0  0.0000000029
2 7 1 0  -0.0000000008
2 7 3 0  -0.0273954843
2 7 5 0  0.0066856791
2 7 7 0  0.0000000029
2 0 0 2  0.2493833034
2 0 2 2  -0.0000000008
2 0 4 2  0.0000000006
2 0 6 2  -0.0449042182
2 1 1 2  0.2493833034
2 1 3 2  -0.0000000008
2 1 5 2  0.0000000006
2 1 7 2  -0.0449042182
2 2 0 2  -0.0000000008
2 2 2 2  0.3428979894
2 2 4 2  -0.0018274226
2 2 6 2  -0.0000000010
2 3 1 2  -0.0000000008
2 3 3 2  0.3428979894
2 3 5 2  -0.0018274226
2 3 7 2  -0.0000000010
2 4 0 2  0.0000000006
2 4 2 2  -0.0018274226
2 4 4 2  0.1735073408
2 4 6 2  -0.0000000019
2 5 1 2  0.0000000006
2 5 3 2  -0.0018274226
2 5 5 2  0.1735073408
2 5 7 2  -0.0000000019
2 6 0 2  -0.0449042182
2 6 2 2  -0.0000000010
2 6 4 2  -0.0000000019
2 6 6 2  0.2393976305
2 7 1 2  -0.0449042182
2 7 3 2  -0.0000000010
2 7 5 2  -0.0000000019
2 7 7 2  0.2393976305
2 0 0 4  0.0028390341
2 0 2 4  0.0000000006
2 0 4 4  0.0000000004
2 1 1 4  0.0028390341
2 1 3 4  0.0000000006
2 1 5 4  0.0000000004
2 2 0 4  0.0000000006
2 2 2 4  -0.0018274226
2 2 4 4  0.0018314305
2 2 6 4  -0.0000000004
2 3 1 4  0.0000000006
2 3 3 4  -0.0018274226
2 3 5 4  0.0018314305
2 3 7 4  -0.0000000004
2 4 0 4  0.0000000004
2 4 2 4  0.0018314305
2 4 4 4  -0.0018274226
2 4 6 4  0.0000000003
2 5 1 4  0.0000000004
2 5 3 4  0.0018314305
2 5 5 4  -0.0018274226
2 5 7 4  0.0000000003
2 6 2 4  -0.0000000004
2 6 4 4  0.0000000003
2 6 6 4  -0.0003628449
2 7 3 4  -0.0000000004
2 7 5 4  0.0000000003
2 7 7 4  -0.0003628449
2 0 0 6  -0.0000000014
2 0 2 6  -0.0273954843
2 0 4 6  -0.0066856792
2 0 6 6  0.0000000021
2 1 1 6  -0.0000000014
2 1 3 6  -0.0273954843
2 1 5 6  -0.0066856792
2 1 7 6  0.0000000021
2 2 0 6  -0.0273954843
2 2 2 6  -0.0000000010
2 2 4 6  -0.0000000004
2 2 6 6  0.0266628345
2 3 1 6  -0.0273954843
2 3 3 6  -0.0000000010
2 3 5 6  -0.0000000004
2 3 7 6  0.0266628345
2 4 0 6  -0.0066856792
2 4 2 6  -0.0000000004
2 4 4 6  0.0000000014
2 4 6 6  -0.0047260316
2 5 1 6  -0.0066856792
2 5 3 6  -0.0000000004
2 5 5 6  0.0000000014
2 5 7 6  -0.0047260316
2 6 0 6  0.0000000021
2 6 2 6  0.0266628345
2 6 4 6  -0.0047260316
2 6 6 6  -0.0000000029
2 7 1 6  0.0000000021
2 7 3 6  0.0266628345
2 7 5 6  -0.0047260316
2 7 7 6  -0.0000000029
3 0 0 1  0.0000000026
3 0 2 1  0.0313982075
3 0 4 1  0.0106662338
3 0 6 1  -0.0000000008
3 1 1 1  0.0000000026
3 1 3 1  0.0313982075
3 1 5 1  0.0106662338
3 1 7 1  -0.0000000008
3 2 0 1  0.0313982075
3 2 2 1  -0.0000000008
3 2 4 1  0.0000000006
3 2 6 1  -0.0273954843
3 3 1 1  0.0313982075
3 3 3 1  -0.0000000008
3 3 5 1  0.0000000006
3 3 7 1  -0.0273954843
3 4 0 1  0.0106662338
3 4 2 1  0.0000000006
3 4 4 1  0.0000000006
3 4 6 1  0.0066856791
3 5 1 1  0.0106662338
3 5 3 1  0.0000000006
3 5 5 1  0.0000000006
3 5 7 1  0.0066856791
3 6 0 1  -0.0000000008
3 6 2 1  -0.0273954843
3 6 4 1  0.0066856791
3 6 6 1  0.0000000029
3 7 1 1  -0.0000000008
3 7 3 1  -0.0273954843
3 7 5 1  0.0066856791
3 7 7 1  0.0000000029
3 0 0 3  0.2493833034
3 0 2 3  -0.0000000008
3 0 4 3  0.0000000006
3 0 6 3  -0.0449042182
3 1 1 3  0.2493833034
3 1 3 3  -0.0000000008
3 1 5 3  0.0000000006
3 1 7 3  -0.0449042182
3 2 0 3  -0.0000000008
3 2 2 3  0.3428979894
3 2 4 3  -0.0018274226
3 2 6 3  -0.0000000010
3 3 1 3  -0.0000000008
3 3 3 3  0.3428979894
3 3 5 3  -0.0018274226
3 3 7 3  -0.0000000010
3 4 0 3  0.0000000006
3 4 2 3  -0.0018274226
3 4 4 3  0.1735073408
3 4 6 3  -0.0000000019
3 5 1 3  0.0000000006
3 5 3 3  -0.0018274226
3 5 5 3  0.1735073408
3 5 7 3  -0.0000000019
3 6 0 3  -0.0449042182
3 6 2 3  -0.0000000010
3 6 4 3  -0.0000000019
3 6 6 3  0.2393976305
3 7 1 3  -0.0449042182
3 7 3 3  -0.0000000010
3 7 5 3  -0.0000000019
3 7 7 3  0.2393976305
3 0 0 5  0.0028390341
3 0 2 5  0.0000000006
3 0 4 5  0.0000000004
3 1 1 5  0.0028390341
3 1 3 5  0.0000000006
3 1 5 5  0.0000000004
3 2 0 5  0.0000000006
3 2 2 5  -0.0018274226
3 2 4 5  0.0018314305
3 2 6 5  -0.0000000004
3 3 1 5  0.0000000006
3 3 3 5  -0.0018274226
3 3 5 5  0.0018314305
3 3 7 5  -0.0000000004
3 4 0 5  0.0000000004
3 4 2 5  0.0018314305
3 4 4 5  -0.0018274226
3 4 6 5  0.0000000003
3 5 1 5  0.0000000004
3 5 3 5  0.0018314305
3 5 5 5  -0.0018274226
3 5 7 5  0.0000000003
3 6 2 5  -0.0000000004
3 6 4 5  0.0000000003
3 6 6 5  -0.0003628449
3 7 3 5  -0.0000000004
3 7 5 5  0.0000000003
3 7 7 5  -0.0003628449
3 0 0 7  -0.0000000014
3 0 2 7  -0.0273954843
3 0 4 7  -0.0066856792
3 0 6 7  0.0000000021
3 1 1 7  -0.0000000014
3 1 3 7  -0.0273954843
3 1 5 7  -0.0066856792
3 1 7 7  0.0000000021
3 2 0 7  -0.0273954843
3 2 2 7  -0.0000000010
3 2 4 7  -0.0000000004
3 2 6 7  0.0266628345
3 3 1 7  -0.0273954843
3 3 3 7  -0.0000000010
3 3 5 7  -0.0000000004
3 3 7 7  0.0266628345
3 4 0 7  -0.0066856792
3 4 2 7  -0.0000000004
3 4 4 7  0.0000000014
3 4 6 7  -0.0047260316
3 5 1 7  -0.0066856792
3 5 3 7  -0.0000000004
3 5 5 7  0.0000000014
3 5 7 7  -0.0047260316
3 6 0 7  0.0000000021
3 6 2 7  0.0266628345
3 6 4 7  -0.0047260316
3 6 6 7  -0.0000000029
3 7 1 7  0.0000000021
3 7 3 7  0.0266628345
3 7 5 7  -0.0047260316
3 7 7 7  -0.0000000029
4 0 0 0  0.0000000022
4 0 2 0  0.0106662338
4 0 4 0  0.0313982076
4 0 6 0  0.0000000004
4 1 1 0  0.0000000022
4 1 3 0  0.0106662338
4 1 5 0  0.0313982076
4 1 7 0  0.0000000004
4 2 0 0  0.0106662338
4 2 2 0  0.0000000006
4 2 4 0  0.0000000004
4 2 6 0  -0.0066856792
4 3 1 0  0.0106662338
4 3 3 0  0.0000000006
4 3 5 0  0.0000000004
4 3 7 0  -0.0066856792
4 4 0 0  0.0313982076
4 4 2 0  0.0000000004
4 4 6 0  0.0273954844
4 5 1 0  0.0313982076
4 5 3 0  0.0000000004
4 5 7 0  0.0273954844
4 6 0 0  0.0000000004
4 6 2 0  -0.0066856792
4 6 4 0  0.0273954844
4 6 6 0  0.0000000023
4 7 1 0  0.0000000004
4 7 3 0  -0.0066856792
4 7 5 0  0.0273954844
4 7 7 0  0.0000000023
4 0 0 2  0.0028390341
4 0 2 2  0.0000000006
4 0 4 2  0.0000000004
4 1 1 2  0.0028390341
4 1 3 2  0.0000000006
4 1 5 2  0.0000000004
4 2 0 2  0.0000000006
4 2 2 2  -0.0018274226
4 2 4 2  0.0018314305
4 2 6 2  -0.0000000004
4 3 1 2  0.0000000006
4 3 3 2  -0.0018274226
4 3 5 2  0.0018314305
4 3 7 2  -0.0000000004
4 4 0 2  0.0000000004
4 4 2 2  0.0018314305
4 4 4 2  -0.0018274226
4 4 6 2  0.0000000003
4 5 1 2  0.0000000004
4 5 3 2  0.0018314305
4 5 5 2  -0.0018274226
4 5 7 2  0.0000000003
4 6 2 2  -0.0000000004
4 6 4 2  0.0000000003
4 6 6 2  -0.0003628449
4 7 3 2  -0.0000000004
4 7 5 2  0.0000000003
4 7 7 2  -0.0003628449
4 0 0 4  0.2493833034
4 0 2 4  0.0000000006
4 0 6 4  0.0449042182
4 1 1 4  0.2493833034
4 1 3 4  0.0000000006
4 1 7 4  0.0449042182
4 2 0 4  0.0000000006
4 2 2 4  0.1735073408
4 2 4 4  -0.0018274226
4 2 6 4  0.0000000014
4 3 1 4  0.0000000006
4 3 3 4  0.1735073408
4 3 5 4  -0.0018274226
4 3 7 4  0.0000000014
4 4 2 4  -0.0018274226
4 4 4 4  0.3428979894
4 4 6 4  0.0000000010
4 5 3 4  -0.0018274226
4 5 5 4  0.3428979894
4 5 7 4  0.0000000010
4 6 0 4  0.0449042182
4 6 2 4  0.0000000014
4 6 4 4  0.0000000010
4 6 6 4  0.2393976304
4 7 1 4  0.0449042182
4 7 3 4  0.0000000014
4 7 5 4  0.0000000010
4 7 7 4  0.2393976304
4 0 0 6  0.0000000007
4 0 2 6  0.0066856791
4 0 4 6  0.0273954844
4 0 6 6  0.0000000015
4 1 1 6  0.0000000007
4 1 3 6  0.0066856791
4 1 5 6  0.0273954844
4 1 7 6  0.0000000015
4 2 0 6  0.0066856791
4 2 2 6  -0.0000000019
4 2 4 6  0.0000000003
4 2 6 6  -0.0047260316
4 3 1 6  0.0066856791
4 3 3 6  -0.0000000019
4 3 5 6  0.0000000003
4 3 7 6  -0.0047260316
4 4 0 6  0.0273954844
4 4 2 6  0.0000000003
4 4 4 6  0.0000000010
4 4 6 6  0.0266628346
4 5 1 6  0.0273954844
4 5 3 6  0.0000000003
4 5 5 6  0.0000000010
4 5 7 6  0.0266628346
4 6 0 6  0.0000000015
4 6 2 6  -0.0047260316
4 6 4 6  0.0266628346
4 6 6 6  0.0000000010
4 7 1 6  0.0000000015
4 7 3 6  -0.0047260316
4 7 5 6  0.0266628346
4 7 7 6  0.0000000010
5 0 0 1  0.0000000022
5 0 2 1  0.0106662338
5 0 4 1  0.0313982076
5 0 6 1  0.0000000004
5 1 1 1  0.0000000022
5 1 3 1  0.0106662338
5 1 5 1  0.0313982076
5 1 7 1  0.0000000004
5 2 0 1  0.0106662338
5 2 2 1  0.0000000006
5 2 4 1  0.0000000004
5 2 6 1  -0.0066856792
5 3 1 1  0.0106662338
5 3 3 1  0.0000000006
5 3 5 1  0.0000000004
5 3 7 1  -0.0066856792
5 4 0 1  0.0313982076
5 4 2 1  0.0000000004
5 4 6 1  0.0273954844
5 5 1 1  0.0313982076
5 5 3 1  0.0000000004
5 5 7 1  0.0273954844
5 6 0 1  0.0000000004
5 6 2 1  -0.0066856792
5 6 4 1  0.0273954844
5 6 6 1  0.0000000023
5 7 1 1  0.0000000004
5 7 3 1  -0.0066856792
5 7 5 1  0.0273954844
5 7 7 1  0.0000000023
5 0 0 3  0.0028390341
5 0 2 3  0.0000000006
5 0 4 3  0.0000000004
5 1 1 3  0.0028390341
5 1 3 3  0.0000000006
5 1 5 3  0.0000000004
5 2 0 3  0.0000000006
5 2 2 3  -0.0018274226
5 2 4 3  0.0018314305
5 2 6 3  -0.0000000004
5 3 1 3  0.0000000006
5 3 3 3  -0.0018274226
5 3 5 3  0.0018314305
5 3 7 3  -0.0000000004
5 4 0 3  0.0000000004
5 4 2 3  0.0018314305
5 4 4 3  -0.0018274226
5 4 6 3  0.0000000003
5 5 1 3  0.0000000004
5 5 3 3  0.0018314305
5 5 5 3  -0.0018274226
5 5 7 3  0.0000000003
5 6 2 3  -0.0000000004
5 6 4 3  0.0000000003
5 6 6 3  -0.0003628449
5 7 3 3  -0.0000000004
5 7 5 3  0.0000000003
5 7 7 3  -0.0003628449
5 0 0 5  0.2493833034
5 0 2 5  0.0000000006
5 0 6 5  0.0449042182
5 1 1 5  0.2493833034
5 1 3 5  0.0000000006
5 1 7 5  0.0449042182
5 2 0 5  0.0000000006
5 2 2 5  0.1735073408
5 2 4 5  -0.0018274226
5 2 6 5  0.0000000014
5 3 1 5  0.0000000006
5 3 3 5  0.1735073408
5 3 5 5  -0.0018274226
5 3 7 5  0.0000000014
5 4 2 5  -0.0018274226
5 4 4 5  0.3428979894
5 4 6 5  0.0000000010
5 5 3 5  -0.0018274226
5 5 5 5  0.3428979894
5 5 7 5  0.0000000010
5 6 0 5  0.0449042182
5 6 2 5  0.0000000014
5 6 4 5  0.0000000010
5 6 6 5  0.2393976304
5 7 1 5  0.0449042182
5 7 3 5  0.0000000014
5 7 5 5  0.0000000010
5 7 7 5  0.2393976304
5 0 0 7  0.0000000007
5 0 2 7  0.0066856791
5 0 4 7  0.0273954844
5 0 6 7  0.0000000015
5 1 1 7  0.0000000007
5 1 3 7  0.0066856791
5 1 5 7  0.0273954844
5 1 7 7  0.0000000015
5 2 0 7  0.0066856791
5 2 2 7  -0.0000000019
5 2 4 7  0.0000000003
5 2 6 7  -0.0047260316
5 3 1 7  0.0066856791
5 3 3 7  -0.0000000019
5 3 5 7  0.0000000003
5 3 7 7  -0.0047260316
5 4 0 7  0.0273954844
5 4 2 7  0.0000000003
5 4 4 7  0.0000000010
5 4 6 7  0.0266628346
5 5 1 7  0.0273954844
5 5 3 7  0.0000000003
5 5 5 7  0.0000000010
5 5 7 7  0.0266628346
5 6 0 7  0.0000000015
5 6 2 7  -0.0047260316
5 6 4 7  0.0266628346
5 6 6 7  0.0000000010
5 7 1 7  0.0000000015
5 7 3 7  -0.0047260316
5 7 5 7  0.0266628346
5 7 7 7  0.0000000010
6 0 0 0  0.0001314107
6 0 2 0  -0.0000000008
6 0 4 0  0.0000000004
6 0 6 0  0.0366868542
6 1 1 0  0.0001314107
6 1 3 0  -0.0000000008
6 1 5 0  0.0000000004
6 1 7 0  0.0366868542
6 2 0 0  -0.0000000008
6 2 2 0  -0.0449042182
6 2 6 0  0.0000000021
6 3 1 0  -0.0000000008
6 3 3 0  -0.0449042182
6 3 7 0  0.0000000021
6 4 0 0  0.0000000004
6 4 4 0  0.0449042182
6 4 6 0  0.0000000015
6 5 1 0  0.0000000004
6 5 5 0  0.0449042182
6 5 7 0  0.0000000015
6 6 0 0  0.0366868542
6 6 2 0  0.0000000021
6 6 4 0  0.0000000015
6 6 6 0  0.0032468886
6 7 1 0  0.0366868542
6 7 3 0  0.0000000021
6 7 5 0  0.0000000015
6 7 7 0  0.0032468886
6 0 0 2  -0.0000000014
6 0 2 2  -0.0273954843
6 0 4 2  -0.0066856792
6 0 6 2  0.0000000021
6 1 1 2  -0.0000000014
6 1 3 2  -0.0273954843
6 1 5 2  -0.0066856792
6 1 7 2  0.0000000021
6 2 0 2  -0.0273954843
6 2 2 2  -0.0000000010
6 2 4 2  -0.0000000004
6 2 6 2  0.0266628345
6 3 1 2  -0.0273954843
6 3 3 2  -0.0000000010
6 3 5 2  -0.0000000004
6 3 7 2  0.0266628345
6 4 0 2  -0.0066856792
6 4 2 2  -0.0000000004
6 4 4 2  0.0000000014
6 4 6 2  -0.0047260316
6 5 1 2  -0.0066856792
6 5 3 2  -0.0000000004
6 5 5 2  0.0000000014
6 5 7 2  -0.0047260316
6 6 0 2  0.0000000021
6 6 2 2  0.0266628345
6 6 4 2  -0.0047260316
6 6 6 2  -0.0000000029
6 7 1 2  0.0000000021
6 7 3 2  0.0266628345
6 7 5 2  -0.0047260316
6 7 7 2  -0.0000000029
6 0 0 4  0.0000000007
6 0 2 4  0.0066856791
6 0 4 4  0.0273954844
6 0 6 4  0.0000000015
6 1 1 4  0.0000000007
6 1 3 4  0.0066856791
6 1 5 4  0.0273954844
6 1 7 4  0.0000000015
6 2 0 4  0.0066856791
6 2 2 4  -0.0000000019
6 2 4 4  0.0000000003
6 2 6 4  -0.0047260316
6 3 1 4  0.0066856791
6 3 3 4  -0.0000000019
6 3 5 4  0.0000000003
6 3 7 4  -0.0047260316
6 4 0 4  0.0273954844
6 4 2 4  0.0000000003
6 4 4 4  0.0000000010
6 4 6 4  0.0266628346
6 5 1 4  0.0273954844
6 5 3 4  0.0000000003
6 5 5 4  0.0000000010
6 5 7 4  0.0266628346
6 6 0 4  0.0000000015
6 6 2 4  -0.0047260316
6 6 4 4  0.0266628346
6 6 6 4  0.0000000010
6 7 1 4  0.0000000015
6 7 3 4  -0.0047260316
6 7 5 4  0.0266628346
6 7 7 4  0.0000000010
6 0 0 6  0.2521647038
6 0 2 6  0.0000000029
6 0 4 6  0.0000000023
6 0 6 6  0.0032468886
6 1 1 6  0.2521647038
6 1 3 6  0.0000000029
6 1 5 6  0.0000000023
6 1 7 6  0.0032468886
6 2 0 6  0.0000000029
6 2 2 6  0.2393976305
6 2 4 6  -0.0003628449
6 2 6 6  -0.0000000029
6 3 1 6  0.0000000029
6 3 3 6  0.2393976305
6 3 5 6  -0.0003628449
6 3 7 6  -0.0000000029
6 4 0 6  0.0000000023
6 4 2 6  -0.0003628449
6 4 4 6  0.2393976304
6 4 6 6  0.0000000010
6 5 1 6  0.0000000023
6 5 3 6  -0.0003628449
6 5 5 6  0.2393976304
6 5 7 6  0.0000000010
6 6 0 6  0.0032468886
6 6 2 6  -0.0000000029
6 6 4 6  0.0000000010
6 6 6 6  0.2303259943
6 7 1 6  0.0032468886
6 7 3 6  -0.0000000029
6 7 5 6  0.0000000010
6 7 7 6  0.2303259943
7 0 0 1  0.0001314107
7 0 2 1  -0.0000000008
7 0 4 1  0.0000000004
7 0 6 1  0.0366868542
7 1 1 1  0.0001314107
7 1 3 1  -0.0000000008
7 1 5 1  0.0000000004
7 1 7 1  0.0366868542
7 2 0 1  -0.0000000008
7 2 2 1  -0.0449042182
7 2 6 1  0.0000000021
7 3 1 1  -0.0000000008
7 3 3 1  -0.0449042182
7 3 7 1  0.0000000021
7 4 0 1  0.0000000004
7 4 4 1  0.0449042182
7 4 6 1  0.0000000015
7 5 1 1  0.0000000004
7 5 5 1  0.0449042182
7 5 7 1  0.0000000015
7 6 0 1  0.0366868542
7 6 2 1  0.0000000021
7 6 4 1  0.0000000015
7 6 6 1  0.0032468886
7 7 1 1  0.0366868542
7 7 3 1  0.0000000021
7 7 5 1  0.0000000015
7 7 7 1  0.0032468886
7 0 0 3  -0.0000000014
7 0 2 3  -0.0273954843
7 0 4 3  -0.0066856792
7 0 6 3  0.0000000021
7 1 1 3  -0.0000000014
7 1 3 3  -0.0273954843
7 1 5 3  -0.0066856792
7 1 7 3  0.0000000021
7 2 0 3  -0.0273954843
7 2 2 3  -0.0000000010
7 2 4 3  -0.0000000004
7 2 6 3  0.0266628345
7 3 1 3  -0.0273954843
7 3 3 3  -0.0000000010
7 3 5 3  -0.0000000004
7 3 7 3  0.0266628345
7 4 0 3  -0.0066856792
7 4 2 3  -0.0000000004
7 4 4 3  0.0000000014
7 4 6 3  -0.0047260316
7 5 1 3  -0.0066856792
7 5 3 3  -0.0000000004
7 5 5 3  0.0000000014
7 5 7 3  -0.0047260316
7 6 0 3  0.0000000021
7 6 2 3  0.0266628345
7 6 4 3  -0.0047260316
7 6 6 3  -0.0000000029
7 7 1 3  0.0000000021
7 7 3 3  0.0266628345
7 7 5 3  -0.0047260316
7 7 7 3  -0.0000000029
7 0 0 5  0.0000000007
7 0 2 5  0.0066856791
7 0 4 5  0.0273954844
7 0 6 5  0.0000000015
7 1 1 5  0.0000000007
7 1 3 5  0.0066856791
7 1 5 5  0.0273954844
7 1 7 5  0.0000000015
7 2 0 5  0.0066856791
7 2 2 5  -0.0000000019
7 2 4 5  0.0000000003
7 2 6 5  -0.0047260316
7 3 1 5  0.0066856791
7 3 3 5  -0.0000000019
7 3 5 5  0.0000000003
7 3 7 5  -0.0047260316
7 4 0 5  0.0273954844
7 4 2 5  0.0000000003
7 4 4 5  0.0000000010
7 4 6 5  0.0266628346
7 5 1 5  0.0273954844
7 5 3 5  0.0000000003
7 5 5 5  0.0000000010
7 5 7 5  0.0266628346
7 6 0 5  0.0000000015
7 6 2 5  -0.0047260316
7 6 4 5  0.0266628346
7 6 6 5  0.0000000010
7 7 1 5  0.0000000015
7 7 3 5  -0.0047260316
7 7 5 5  0.0266628346
7 7 7 5  0.0000000010
7 0 0 7  0.2521647038
7 0 2 7  0.0000000029
7 0 4 7  0.0000000023
7 0 6 7  0.0032468886
7 1 1 7  0.2521647038
7 1 3 7  0.0000000029
7 1 5 7  0.0000000023
7 1 7 7  0.0032468886
7 2 0 7  0.0000000029
7 2 2 7  0.2393976305
7 2 4 7  -0.0003628449
7 2 6 7  -0.0000000029
7 3 1 7  0.0000000029
7 3 3 7  0.2393976305
7 3 5 7  -0.0003628449
7 3 7 7  -0.0000000029
7 4 0 7  0.0000000023
7 4 2 7  -0.0003628449
7 4 4 7  0.2393976304
7 4 6 7  0.0000000010
7 5 1 7  0.0000000023
7 5 3 7  -0.0003628449
7 5 5 7  0.2393976304
7 5 7 7  0.0000000010
7 6 0 7  0.0032468886
7 6 2 7  -0.0000000029
7 6 4 7  0.0000000010
7 6 6 7  0.2303259943
7 7 1 7  0.0032468886
7 7 3 7  -0.0000000029
7 7 5 7  0.0000000010
7 7 7 7  0.2303259943

 E(Ref) = -77.7421626128 Hartree, <S**2> = 1.0000
 E(FCI) = -77.9531224468 Hartree, <S**2> = 0.0000
