 MO Integrals with frozen core/virtual approximation

-73.65870455444744
0 0  -1.7957436838
0 2  -0.0000000064
0 4  -0.0000000080
0 6  0.0000000003
1 1  -1.7957436838
1 3  -0.0000000064
1 5  -0.0000000080
1 7  0.0000000003
2 0  -0.0000000064
2 2  -1.4267310159
2 4  -0.0311905359
2 6  -0.0000000015
3 1  -0.0000000064
3 3  -1.4267310159
3 5  -0.0311905359
3 7  -0.0000000015
4 0  -0.0000000080
4 2  -0.0311905359
4 4  -1.4267310168
4 6  0.0000000019
5 1  -0.0000000080
5 3  -0.0311905359
5 5  -1.4267310168
5 7  0.0000000019
6 0  0.0000000003
6 2  -0.0000000015
6 4  0.0000000019
6 6  -1.4759274735
7 1  0.0000000003
7 3  -0.0000000015
7 5  0.0000000019
7 7  -1.4759274735
0 0 0 0  0.2752776296
0 0 2 0  0.0000000003
0 0 4 0  0.0000000005
0 1 1 0  0.2752776296
0 1 3 0  0.0000000003
0 1 5 0  0.0000000005
0 2 0 0  0.0000000003
0 2 2 0  0.2187081626
0 2 4 0  0.0007064172
0 2 6 0  0.0000000003
0 3 1 0  0.0000000003
0 3 3 0  0.2187081626
0 3 5 0  0.0007064172
0 3 7 0  0.0000000003
0 4 0 0  0.0000000005
0 4 2 0  0.0007064172
0 4 4 0  0.2187081626
0 4 6 0  -0.0000000004
0 5 1 0  0.0000000005
0 5 3 0  0.0007064172
0 5 5 0  0.2187081626
0 5 7 0  -0.0000000004
0 6 2 0  0.0000000003
0 6 4 0  -0.0000000004
0 6 6 0  0.2701095058
0 7 3 0  0.0000000003
0 7 5 0  -0.0000000004
0 7 7 0  0.2701095058
0 0 0 2  0.0000000003
0 0 2 2  0.0145659148
0 0 4 2  0.0029140650
0 0 6 2  -0.0000000002
0 1 1 2  0.0000000003
0 1 3 2  0.0145659148
0 1 5 2  0.0029140650
0 1 7 2  -0.0000000002
0 2 0 2  0.0145659148
0 2 2 2  0.0000000006
0 2 6 2  0.0156052400
0 3 1 2  0.0145659148
0 3 3 2  0.0000000006
0 3 7 2  0.0156052400
0 4 0 2  0.0029140650
0 4 4 2  0.0000000005
0 4 6 2  -0.0019551699
0 5 1 2  0.0029140650
0 5 5 2  0.0000000005
0 5 7 2  -0.0019551699
0 6 0 2  -0.0000000002
0 6 2 2  0.0156052400
0 6 4 2  -0.0019551699
0 6 6 2  0.0000000001
0 7 1 2  -0.0000000002
0 7 3 2  0.0156052400
0 7 5 2  -0.0019551699
0 7 7 2  0.0000000001
0 0 0 4  0.0000000005
0 0 2 4  0.0029140650
0 0 4 4  0.0145659148
0 0 6 4  0.0000000003
0 1 1 4  0.0000000005
0 1 3 4  0.0029140650
0 1 5 4  0.0145659148
0 1 7 4  0.0000000003
0 2 0 4  0.0029140650
0 2 2 4  0.0000000007
0 2 6 4  0.0019551699
0 3 1 4  0.0029140650
0 3 3 4  0.0000000007
0 3 7 4  0.0019551699
0 4 0 4  0.0145659148
0 4 4 4  0.0000000005
0 4 6 4  -0.0156052400
0 5 1 4  0.0145659148
0 5 5 4  0.0000000005
0 5 7 4  -0.0156052400
0 6 0 4  0.0000000003
0 6 2 4  0.0019551699
0 6 4 4  -0.0156052400
0 6 6 4  0.0000000003
0 7 1 4  0.0000000003
0 7 3 4  0.0019551699
0 7 5 4  -0.0156052400
0 7 7 4  0.0000000003
0 0 2 6  -0.0000000002
0 0 4 6  0.0000000003
0 0 6 6  0.0934997730
0 1 3 6  -0.0000000002
0 1 5 6  0.0000000003
0 1 7 6  0.0934997730
0 2 0 6  -0.0000000002
0 2 2 6  0.0804633756
0 2 6 6  -0.0000000005
0 3 1 6  -0.0000000002
0 3 3 6  0.0804633756
0 3 7 6  -0.0000000005
0 4 0 6  0.0000000003
0 4 4 6  -0.0804633756
0 4 6 6  -0.0000000003
0 5 1 6  0.0000000003
0 5 5 6  -0.0804633756
0 5 7 6  -0.0000000003
0 6 0 6  0.0934997730
0 6 2 6  -0.0000000005
0 6 4 6  -0.0000000003
0 7 1 6  0.0934997730
0 7 3 6  -0.0000000005
0 7 5 6  -0.0000000003
1 0 0 1  0.2752776296
1 0 2 1  0.0000000003
1 0 4 1  0.0000000005
1 1 1 1  0.2752776296
1 1 3 1  0.0000000003
1 1 5 1  0.0000000005
1 2 0 1  0.0000000003
1 2 2 1  0.2187081626
1 2 4 1  0.0007064172
1 2 6 1  0.0000000003
1 3 1 1  0.0000000003
1 3 3 1  0.2187081626
1 3 5 1  0.0007064172
1 3 7 1  0.0000000003
1 4 0 1  0.0000000005
1 4 2 1  0.0007064172
1 4 4 1  0.2187081626
1 4 6 1  -0.0000000004
1 5 1 1  0.0000000005
1 5 3 1  0.0007064172
1 5 5 1  0.2187081626
1 5 7 1  -0.0000000004
1 6 2 1  0.0000000003
1 6 4 1  -0.0000000004
1 6 6 1  0.2701095058
1 7 3 1  0.0000000003
1 7 5 1  -0.0000000004
1 7 7 1  0.2701095058
1 0 0 3  0.0000000003
1 0 2 3  0.0145659148
1 0 4 3  0.0029140650
1 0 6 3  -0.0000000002
1 1 1 3  0.0000000003
1 1 3 3  0.0145659148
1 1 5 3  0.0029140650
1 1 7 3  -0.0000000002
1 2 0 3  0.0145659148
1 2 2 3  0.0000000006
1 2 6 3  0.0156052400
1 3 1 3  0.0145659148
1 3 3 3  0.0000000006
1 3 7 3  0.0156052400
1 4 0 3  0.0029140650
1 4 4 3  0.0000000005
1 4 6 3  -0.0019551699
1 5 1 3  0.0029140650
1 5 5 3  0.0000000005
1 5 7 3  -0.0019551699
1 6 0 3  -0.0000000002
1 6 2 3  0.0156052400
1 6 4 3  -0.0019551699
1 6 6 3  0.0000000001
1 7 1 3  -0.0000000002
1 7 3 3  0.0156052400
1 7 5 3  -0.0019551699
1 7 7 3  0.0000000001
1 0 0 5  0.0000000005
1 0 2 5  0.0029140650
1 0 4 5  0.0145659148
1 0 6 5  0.0000000003
1 1 1 5  0.0000000005
1 1 3 5  0.0029140650
1 1 5 5  0.0145659148
1 1 7 5  0.0000000003
1 2 0 5  0.0029140650
1 2 2 5  0.0000000007
1 2 6 5  0.0019551699
1 3 1 5  0.0029140650
1 3 3 5  0.0000000007
1 3 7 5  0.0019551699
1 4 0 5  0.0145659148
1 4 4 5  0.0000000005
1 4 6 5  -0.0156052400
1 5 1 5  0.0145659148
1 5 5 5  0.0000000005
1 5 7 5  -0.0156052400
1 6 0 5  0.0000000003
1 6 2 5  0.0019551699
1 6 4 5  -0.0156052400
1 6 6 5  0.0000000003
1 7 1 5  0.0000000003
1 7 3 5  0.0019551699
1 7 5 5  -0.0156052400
1 7 7 5  0.0000000003
1 0 2 7  -0.0000000002
1 0 4 7  0.0000000003
1 0 6 7  0.0934997730
1 1 3 7  -0.0000000002
1 1 5 7  0.0000000003
1 1 7 7  0.0934997730
1 2 0 7  -0.0000000002
1 2 2 7  0.0804633756
1 2 6 7  -0.0000000005
1 3 1 7  -0.0000000002
1 3 3 7  0.0804633756
1 3 7 7  -0.0000000005
1 4 0 7  0.0000000003
1 4 4 7  -0.0804633756
1 4 6 7  -0.0000000003
1 5 1 7  0.0000000003
1 5 5 7  -0.0804633756
1 5 7 7  -0.0000000003
1 6 0 7  0.0934997730
1 6 2 7  -0.0000000005
1 6 4 7  -0.0000000003
1 7 1 7  0.0934997730
1 7 3 7  -0.0000000005
1 7 5 7  -0.0000000003
2 0 0 0  0.0000000003
2 0 2 0  0.0145659148
2 0 4 0  0.0029140650
2 0 6 0  -0.0000000002
2 1 1 0  0.0000000003
2 1 3 0  0.0145659148
2 1 5 0  0.0029140650
2 1 7 0  -0.0000000002
2 2 0 0  0.0145659148
2 2 2 0  0.0000000006
2 2 6 0  0.0156052400
2 3 1 0  0.0145659148
2 3 3 0  0.0000000006
2 3 7 0  0.0156052400
2 4 0 0  0.0029140650
2 4 4 0  0.0000000005
2 4 6 0  -0.0019551699
2 5 1 0  0.0029140650
2 5 5 0  0.0000000005
2 5 7 0  -0.0019551699
2 6 0 0  -0.0000000002
2 6 2 0  0.0156052400
2 6 4 0  -0.0019551699
2 6 6 0  0.0000000001
2 7 1 0  -0.0000000002
2 7 3 0  0.0156052400
2 7 5 0  -0.0019551699
2 7 7 0  0.0000000001
2 0 0 2  0.2187081626
2 0 2 2  0.0000000006
2 0 4 2  0.0000000007
2 0 6 2  0.0804633756
2 1 1 2  0.2187081626
2 1 3 2  0.0000000006
2 1 5 2  0.0000000007
2 1 7 2  0.0804633756
2 2 0 2  0.0000000006
2 2 2 2  0.3370498574
2 2 4 2  -0.0014431121
2 2 6 2  0.0000000006
2 3 1 2  0.0000000006
2 3 3 2  0.3370498574
2 3 5 2  -0.0014431121
2 3 7 2  0.0000000006
2 4 0 2  0.0000000007
2 4 2 2  -0.0014431121
2 4 4 2  0.1188583851
2 4 6 2  -0.0000000007
2 5 1 2  0.0000000007
2 5 3 2  -0.0014431121
2 5 5 2  0.1188583851
2 5 7 2  -0.0000000007
2 6 0 2  0.0804633756
2 6 2 2  0.0000000006
2 6 4 2  -0.0000000007
2 6 6 2  0.2261544272
2 7 1 2  0.0804633756
2 7 3 2  0.0000000006
2 7 5 2  -0.0000000007
2 7 7 2  0.2261544272
2 0 0 4  0.0007064172
2 1 1 4  0.0007064172
2 2 2 4  -0.0014431121
2 2 4 4  0.0001603638
2 3 3 4  -0.0014431121
2 3 5 4  0.0001603638
2 4 2 4  0.0001603638
2 4 4 4  -0.0014431121
2 5 3 4  0.0001603638
2 5 5 4  -0.0014431121
2 6 6 4  -0.0002010908
2 7 7 4  -0.0002010908
2 0 0 6  0.0000000003
2 0 2 6  0.0156052400
2 0 4 6  0.0019551699
2 0 6 6  -0.0000000005
2 1 1 6  0.0000000003
2 1 3 6  0.0156052400
2 1 5 6  0.0019551699
2 1 7 6  -0.0000000005
2 2 0 6  0.0156052400
2 2 2 6  0.0000000006
2 2 6 6  0.0173208635
2 3 1 6  0.0156052400
2 3 3 6  0.0000000006
2 3 7 6  0.0173208635
2 4 0 6  0.0019551699
2 4 4 6  0.0000000008
2 4 6 6  -0.0012765307
2 5 1 6  0.0019551699
2 5 5 6  0.0000000008
2 5 7 6  -0.0012765307
2 6 0 6  -0.0000000005
2 6 2 6  0.0173208635
2 6 4 6  -0.0012765307
2 6 6 6  0.0000000002
2 7 1 6  -0.0000000005
2 7 3 6  0.0173208635
2 7 5 6  -0.0012765307
2 7 7 6  0.0000000002
3 0 0 1  0.0000000003
3 0 2 1  0.0145659148
3 0 4 1  0.0029140650
3 0 6 1  -0.0000000002
3 1 1 1  0.0000000003
3 1 3 1  0.0145659148
3 1 5 1  0.0029140650
3 1 7 1  -0.0000000002
3 2 0 1  0.0145659148
3 2 2 1  0.0000000006
3 2 6 1  0.0156052400
3 3 1 1  0.0145659148
3 3 3 1  0.0000000006
3 3 7 1  0.0156052400
3 4 0 1  0.0029140650
3 4 4 1  0.0000000005
3 4 6 1  -0.0019551699
3 5 1 1  0.0029140650
3 5 5 1  0.0000000005
3 5 7 1  -0.0019551699
3 6 0 1  -0.0000000002
3 6 2 1  0.0156052400
3 6 4 1  -0.0019551699
3 6 6 1  0.0000000001
3 7 1 1  -0.0000000002
3 7 3 1  0.0156052400
3 7 5 1  -0.0019551699
3 7 7 1  0.0000000001
3 0 0 3  0.2187081626
3 0 2 3  0.0000000006
3 0 4 3  0.0000000007
3 0 6 3  0.0804633756
3 1 1 3  0.2187081626
3 1 3 3  0.0000000006
3 1 5 3  0.0000000007
3 1 7 3  0.0804633756
3 2 0 3  0.0000000006
3 2 2 3  0.3370498574
3 2 4 3  -0.0014431121
3 2 6 3  0.0000000006
3 3 1 3  0.0000000006
3 3 3 3  0.3370498574
3 3 5 3  -0.0014431121
3 3 7 3  0.0000000006
3 4 0 3  0.0000000007
3 4 2 3  -0.0014431121
3 4 4 3  0.1188583851
3 4 6 3  -0.0000000007
3 5 1 3  0.0000000007
3 5 3 3  -0.0014431121
3 5 5 3  0.1188583851
3 5 7 3  -0.0000000007
3 6 0 3  0.0804633756
3 6 2 3  0.0000000006
3 6 4 3  -0.0000000007
3 6 6 3  0.2261544272
3 7 1 3  0.0804633756
3 7 3 3  0.0000000006
3 7 5 3  -0.0000000007
3 7 7 3  0.2261544272
3 0 0 5  0.0007064172
3 1 1 5  0.0007064172
3 2 2 5  -0.0014431121
3 2 4 5  0.0001603638
3 3 3 5  -0.0014431121
3 3 5 5  0.0001603638
3 4 2 5  0.0001603638
3 4 4 5  -0.0014431121
3 5 3 5  0.0001603638
3 5 5 5  -0.0014431121
3 6 6 5  -0.0002010908
3 7 7 5  -0.0002010908
3 0 0 7  0.0000000003
3 0 2 7  0.0156052400
3 0 4 7  0.0019551699
3 0 6 7  -0.0000000005
3 1 1 7  0.0000000003
3 1 3 7  0.0156052400
3 1 5 7  0.0019551699
3 1 7 7  -0.0000000005
3 2 0 7  0.0156052400
3 2 2 7  0.0000000006
3 2 6 7  0.0173208635
3 3 1 7  0.0156052400
3 3 3 7  0.0000000006
3 3 7 7  0.0173208635
3 4 0 7  0.0019551699
3 4 4 7  0.0000000008
3 4 6 7  -0.0012765307
3 5 1 7  0.0019551699
3 5 5 7  0.0000000008
3 5 7 7  -0.0012765307
3 6 0 7  -0.0000000005
3 6 2 7  0.0173208635
3 6 4 7  -0.0012765307
3 6 6 7  0.0000000002
3 7 1 7  -0.0000000005
3 7 3 7  0.0173208635
3 7 5 7  -0.0012765307
3 7 7 7  0.0000000002
4 0 0 0  0.0000000005
4 0 2 0  0.0029140650
4 0 4 0  0.0145659148
4 0 6 0  0.0000000003
4 1 1 0  0.0000000005
4 1 3 0  0.0029140650
4 1 5 0  0.0145659148
4 1 7 0  0.0000000003
4 2 0 0  0.0029140650
4 2 2 0  0.0000000007
4 2 6 0  0.0019551699
4 3 1 0  0.0029140650
4 3 3 0  0.0000000007
4 3 7 0  0.0019551699
4 4 0 0  0.0145659148
4 4 4 0  0.0000000005
4 4 6 0  -0.0156052400
4 5 1 0  0.0145659148
4 5 5 0  0.0000000005
4 5 7 0  -0.0156052400
4 6 0 0  0.0000000003
4 6 2 0  0.0019551699
4 6 4 0  -0.0156052400
4 6 6 0  0.0000000003
4 7 1 0  0.0000000003
4 7 3 0  0.0019551699
4 7 5 0  -0.0156052400
4 7 7 0  0.0000000003
4 0 0 2  0.0007064172
4 1 1 2  0.0007064172
4 2 2 2  -0.0014431121
4 2 4 2  0.0001603638
4 3 3 2  -0.0014431121
4 3 5 2  0.0001603638
4 4 2 2  0.0001603638
4 4 4 2  -0.0014431121
4 5 3 2  0.0001603638
4 5 5 2  -0.0014431121
4 6 6 2  -0.0002010908
4 7 7 2  -0.0002010908
4 0 0 4  0.2187081626
4 0 2 4  0.0000000005
4 0 4 4  0.0000000005
4 0 6 4  -0.0804633756
4 1 1 4  0.2187081626
4 1 3 4  0.0000000005
4 1 5 4  0.0000000005
4 1 7 4  -0.0804633756
4 2 0 4  0.0000000005
4 2 2 4  0.1188583851
4 2 4 4  -0.0014431121
4 2 6 4  0.0000000008
4 3 1 4  0.0000000005
4 3 3 4  0.1188583851
4 3 5 4  -0.0014431121
4 3 7 4  0.0000000008
4 4 0 4  0.0000000005
4 4 2 4  -0.0014431121
4 4 4 4  0.3370498574
4 4 6 4  -0.0000000008
4 5 1 4  0.0000000005
4 5 3 4  -0.0014431121
4 5 5 4  0.3370498574
4 5 7 4  -0.0000000008
4 6 0 4  -0.0804633756
4 6 2 4  0.0000000008
4 6 4 4  -0.0000000008
4 6 6 4  0.2261544272
4 7 1 4  -0.0804633756
4 7 3 4  0.0000000008
4 7 5 4  -0.0000000008
4 7 7 4  0.2261544272
4 0 0 6  -0.0000000004
4 0 2 6  -0.0019551699
4 0 4 6  -0.0156052400
4 0 6 6  -0.0000000003
4 1 1 6  -0.0000000004
4 1 3 6  -0.0019551699
4 1 5 6  -0.0156052400
4 1 7 6  -0.0000000003
4 2 0 6  -0.0019551699
4 2 2 6  -0.0000000007
4 2 6 6  -0.0012765307
4 3 1 6  -0.0019551699
4 3 3 6  -0.0000000007
4 3 7 6  -0.0012765307
4 4 0 6  -0.0156052400
4 4 4 6  -0.0000000008
4 4 6 6  0.0173208635
4 5 1 6  -0.0156052400
4 5 5 6  -0.0000000008
4 5 7 6  0.0173208635
4 6 0 6  -0.0000000003
4 6 2 6  -0.0012765307
4 6 4 6  0.0173208635
4 6 6 6  -0.0000000003
4 7 1 6  -0.0000000003
4 7 3 6  -0.0012765307
4 7 5 6  0.0173208635
4 7 7 6  -0.0000000003
5 0 0 1  0.0000000005
5 0 2 1  0.0029140650
5 0 4 1  0.0145659148
5 0 6 1  0.0000000003
5 1 1 1  0.0000000005
5 1 3 1  0.0029140650
5 1 5 1  0.0145659148
5 1 7 1  0.0000000003
5 2 0 1  0.0029140650
5 2 2 1  0.0000000007
5 2 6 1  0.0019551699
5 3 1 1  0.0029140650
5 3 3 1  0.0000000007
5 3 7 1  0.0019551699
5 4 0 1  0.0145659148
5 4 4 1  0.0000000005
5 4 6 1  -0.0156052400
5 5 1 1  0.0145659148
5 5 5 1  0.0000000005
5 5 7 1  -0.0156052400
5 6 0 1  0.0000000003
5 6 2 1  0.0019551699
5 6 4 1  -0.0156052400
5 6 6 1  0.0000000003
5 7 1 1  0.0000000003
5 7 3 1  0.0019551699
5 7 5 1  -0.0156052400
5 7 7 1  0.0000000003
5 0 0 3  0.0007064172
5 1 1 3  0.0007064172
5 2 2 3  -0.0014431121
5 2 4 3  0.0001603638
5 3 3 3  -0.0014431121
5 3 5 3  0.0001603638
5 4 2 3  0.0001603638
5 4 4 3  -0.0014431121
5 5 3 3  0.0001603638
5 5 5 3  -0.0014431121
5 6 6 3  -0.0002010908
5 7 7 3  -0.0002010908
5 0 0 5  0.2187081626
5 0 2 5  0.0000000005
5 0 4 5  0.0000000005
5 0 6 5  -0.0804633756
5 1 1 5  0.2187081626
5 1 3 5  0.0000000005
5 1 5 5  0.0000000005
5 1 7 5  -0.0804633756
5 2 0 5  0.0000000005
5 2 2 5  0.1188583851
5 2 4 5  -0.0014431121
5 2 6 5  0.0000000008
5 3 1 5  0.0000000005
5 3 3 5  0.1188583851
5 3 5 5  -0.0014431121
5 3 7 5  0.0000000008
5 4 0 5  0.0000000005
5 4 2 5  -0.0014431121
5 4 4 5  0.3370498574
5 4 6 5  -0.0000000008
5 5 1 5  0.0000000005
5 5 3 5  -0.0014431121
5 5 5 5  0.3370498574
5 5 7 5  -0.0000000008
5 6 0 5  -0.0804633756
5 6 2 5  0.0000000008
5 6 4 5  -0.0000000008
5 6 6 5  0.2261544272
5 7 1 5  -0.0804633756
5 7 3 5  0.0000000008
5 7 5 5  -0.0000000008
5 7 7 5  0.2261544272
5 0 0 7  -0.0000000004
5 0 2 7  -0.0019551699
5 0 4 7  -0.0156052400
5 0 6 7  -0.0000000003
5 1 1 7  -0.0000000004
5 1 3 7  -0.0019551699
5 1 5 7  -0.0156052400
5 1 7 7  -0.0000000003
5 2 0 7  -0.0019551699
5 2 2 7  -0.0000000007
5 2 6 7  -0.0012765307
5 3 1 7  -0.0019551699
5 3 3 7  -0.0000000007
5 3 7 7  -0.0012765307
5 4 0 7  -0.0156052400
5 4 4 7  -0.0000000008
5 4 6 7  0.0173208635
5 5 1 7  -0.0156052400
5 5 5 7  -0.0000000008
5 5 7 7  0.0173208635
5 6 0 7  -0.0000000003
5 6 2 7  -0.0012765307
5 6 4 7  0.0173208635
5 6 6 7  -0.0000000003
5 7 1 7  -0.0000000003
5 7 3 7  -0.0012765307
5 7 5 7  0.0173208635
5 7 7 7  -0.0000000003
6 0 2 0  -0.0000000002
6 0 4 0  0.0000000003
6 0 6 0  0.0934997730
6 1 3 0  -0.0000000002
6 1 5 0  0.0000000003
6 1 7 0  0.0934997730
6 2 0 0  -0.0000000002
6 2 2 0  0.0804633756
6 2 6 0  -0.0000000005
6 3 1 0  -0.0000000002
6 3 3 0  0.0804633756
6 3 7 0  -0.0000000005
6 4 0 0  0.0000000003
6 4 4 0  -0.0804633756
6 4 6 0  -0.0000000003
6 5 1 0  0.0000000003
6 5 5 0  -0.0804633756
6 5 7 0  -0.0000000003
6 6 0 0  0.0934997730
6 6 2 0  -0.0000000005
6 6 4 0  -0.0000000003
6 7 1 0  0.0934997730
6 7 3 0  -0.0000000005
6 7 5 0  -0.0000000003
6 0 0 2  0.0000000003
6 0 2 2  0.0156052400
6 0 4 2  0.0019551699
6 0 6 2  -0.0000000005
6 1 1 2  0.0000000003
6 1 3 2  0.0156052400
6 1 5 2  0.0019551699
6 1 7 2  -0.0000000005
6 2 0 2  0.0156052400
6 2 2 2  0.0000000006
6 2 6 2  0.0173208635
6 3 1 2  0.0156052400
6 3 3 2  0.0000000006
6 3 7 2  0.0173208635
6 4 0 2  0.0019551699
6 4 4 2  0.0000000008
6 4 6 2  -0.0012765307
6 5 1 2  0.0019551699
6 5 5 2  0.0000000008
6 5 7 2  -0.0012765307
6 6 0 2  -0.0000000005
6 6 2 2  0.0173208635
6 6 4 2  -0.0012765307
6 6 6 2  0.0000000002
6 7 1 2  -0.0000000005
6 7 3 2  0.0173208635
6 7 5 2  -0.0012765307
6 7 7 2  0.0000000002
6 0 0 4  -0.0000000004
6 0 2 4  -0.0019551699
6 0 4 4  -0.0156052400
6 0 6 4  -0.0000000003
6 1 1 4  -0.0000000004
6 1 3 4  -0.0019551699
6 1 5 4  -0.0156052400
6 1 7 4  -0.0000000003
6 2 0 4  -0.0019551699
6 2 2 4  -0.0000000007
6 2 6 4  -0.0012765307
6 3 1 4  -0.0019551699
6 3 3 4  -0.0000000007
6 3 7 4  -0.0012765307
6 4 0 4  -0.0156052400
6 4 4 4  -0.0000000008
6 4 6 4  0.0173208635
6 5 1 4  -0.0156052400
6 5 5 4  -0.0000000008
6 5 7 4  0.0173208635
6 6 0 4  -0.0000000003
6 6 2 4  -0.0012765307
6 6 4 4  0.0173208635
6 6 6 4  -0.0000000003
6 7 1 4  -0.0000000003
6 7 3 4  -0.0012765307
6 7 5 4  0.0173208635
6 7 7 4  -0.0000000003
6 0 0 6  0.2701095058
6 0 2 6  0.0000000001
6 0 4 6  0.0000000003
6 1 1 6  0.2701095058
6 1 3 6  0.0000000001
6 1 5 6  0.0000000003
6 2 0 6  0.0000000001
6 2 2 6  0.2261544272
6 2 4 6  -0.0002010908
6 2 6 6  0.0000000002
6 3 1 6  0.0000000001
6 3 3 6  0.2261544272
6 3 5 6  -0.0002010908
6 3 7 6  0.0000000002
6 4 0 6  0.0000000003
6 4 2 6  -0.0002010908
6 4 4 6  0.2261544272
6 4 6 6  -0.0000000003
6 5 1 6  0.0000000003
6 5 3 6  -0.0002010908
6 5 5 6  0.2261544272
6 5 7 6  -0.0000000003
6 6 2 6  0.0000000002
6 6 4 6  -0.0000000003
6 6 6 6  0.2748592511
6 7 3 6  0.0000000002
6 7 5 6  -0.0000000003
6 7 7 6  0.2748592511
7 0 2 1  -0.0000000002
7 0 4 1  0.0000000003
7 0 6 1  0.0934997730
7 1 3 1  -0.0000000002
7 1 5 1  0.0000000003
7 1 7 1  0.0934997730
7 2 0 1  -0.0000000002
7 2 2 1  0.0804633756
7 2 6 1  -0.0000000005
7 3 1 1  -0.0000000002
7 3 3 1  0.0804633756
7 3 7 1  -0.0000000005
7 4 0 1  0.0000000003
7 4 4 1  -0.0804633756
7 4 6 1  -0.0000000003
7 5 1 1  0.0000000003
7 5 5 1  -0.0804633756
7 5 7 1  -0.0000000003
7 6 0 1  0.0934997730
7 6 2 1  -0.0000000005
7 6 4 1  -0.0000000003
7 7 1 1  0.0934997730
7 7 3 1  -0.0000000005
7 7 5 1  -0.0000000003
7 0 0 3  0.0000000003
7 0 2 3  0.0156052400
7 0 4 3  0.0019551699
7 0 6 3  -0.0000000005
7 1 1 3  0.0000000003
7 1 3 3  0.0156052400
7 1 5 3  0.0019551699
7 1 7 3  -0.0000000005
7 2 0 3  0.0156052400
7 2 2 3  0.0000000006
7 2 6 3  0.0173208635
7 3 1 3  0.0156052400
7 3 3 3  0.0000000006
7 3 7 3  0.0173208635
7 4 0 3  0.0019551699
7 4 4 3  0.0000000008
7 4 6 3  -0.0012765307
7 5 1 3  0.0019551699
7 5 5 3  0.0000000008
7 5 7 3  -0.0012765307
7 6 0 3  -0.0000000005
7 6 2 3  0.0173208635
7 6 4 3  -0.0012765307
7 6 6 3  0.0000000002
7 7 1 3  -0.0000000005
7 7 3 3  0.0173208635
7 7 5 3  -0.0012765307
7 7 7 3  0.0000000002
7 0 0 5  -0.0000000004
7 0 2 5  -0.0019551699
7 0 4 5  -0.0156052400
7 0 6 5  -0.0000000003
7 1 1 5  -0.0000000004
7 1 3 5  -0.0019551699
7 1 5 5  -0.0156052400
7 1 7 5  -0.0000000003
7 2 0 5  -0.0019551699
7 2 2 5  -0.0000000007
7 2 6 5  -0.0012765307
7 3 1 5  -0.0019551699
7 3 3 5  -0.0000000007
7 3 7 5  -0.0012765307
7 4 0 5  -0.0156052400
7 4 4 5  -0.0000000008
7 4 6 5  0.0173208635
7 5 1 5  -0.0156052400
7 5 5 5  -0.0000000008
7 5 7 5  0.0173208635
7 6 0 5  -0.0000000003
7 6 2 5  -0.0012765307
7 6 4 5  0.0173208635
7 6 6 5  -0.0000000003
7 7 1 5  -0.0000000003
7 7 3 5  -0.0012765307
7 7 5 5  0.0173208635
7 7 7 5  -0.0000000003
7 0 0 7  0.2701095058
7 0 2 7  0.0000000001
7 0 4 7  0.0000000003
7 1 1 7  0.2701095058
7 1 3 7  0.0000000001
7 1 5 7  0.0000000003
7 2 0 7  0.0000000001
7 2 2 7  0.2261544272
7 2 4 7  -0.0002010908
7 2 6 7  0.0000000002
7 3 1 7  0.0000000001
7 3 3 7  0.2261544272
7 3 5 7  -0.0002010908
7 3 7 7  0.0000000002
7 4 0 7  0.0000000003
7 4 2 7  -0.0002010908
7 4 4 7  0.2261544272
7 4 6 7  -0.0000000003
7 5 1 7  0.0000000003
7 5 3 7  -0.0002010908
7 5 5 7  0.2261544272
7 5 7 7  -0.0000000003
7 6 2 7  0.0000000002
7 6 4 7  -0.0000000003
7 6 6 7  0.2748592511
7 7 3 7  0.0000000002
7 7 5 7  -0.0000000003
7 7 7 7  0.2748592511

 E(Ref) = -77.6239802835 Hartree, <S**2> = 1.0000
 E(FCI) = -77.7100976987 Hartree, <S**2> = 0.0000
