-74.07183641325719
0 0  -1.4748742878
0 2  -0.0000000051
0 4  -0.0000000036
0 6  0.0000000002
1 1  -1.4748742878
1 3  -0.0000000051
1 5  -0.0000000036
1 7  0.0000000002
2 0  -0.0000000051
2 2  -1.2793427625
2 4  -0.0048445126
2 6  -0.0000000041
3 1  -0.0000000051
3 3  -1.2793427625
3 5  -0.0048445126
3 7  -0.0000000041
4 0  -0.0000000036
4 2  -0.0048445126
4 4  -1.2793427630
4 6  0.0000000021
5 1  -0.0000000036
5 3  -0.0048445126
5 5  -1.2793427630
5 7  0.0000000021
6 0  0.0000000002
6 2  -0.0000000041
6 4  0.0000000021
6 6  -1.4030715323
7 1  0.0000000002
7 3  -0.0000000041
7 5  0.0000000021
7 7  -1.4030715323
0 0 0 0  0.2340653436
0 0 2 0  0.0000000002
0 0 4 0  0.0000000002
0 1 1 0  0.2340653436
0 1 3 0  0.0000000002
0 1 5 0  0.0000000002
0 2 0 0  0.0000000002
0 2 2 0  0.1971304779
0 2 4 0  -0.0000736950
0 2 6 0  0.0000000002
0 3 1 0  0.0000000002
0 3 3 0  0.1971304779
0 3 5 0  -0.0000736950
0 3 7 0  0.0000000002
0 4 0 0  0.0000000002
0 4 2 0  -0.0000736950
0 4 4 0  0.1971304779
0 4 6 0  -0.0000000001
0 5 1 0  0.0000000002
0 5 3 0  -0.0000736950
0 5 5 0  0.1971304779
0 5 7 0  -0.0000000001
0 6 2 0  0.0000000002
0 6 4 0  -0.0000000001
0 6 6 0  0.2363621822
0 7 3 0  0.0000000002
0 7 5 0  -0.0000000001
0 7 7 0  0.2363621822
0 0 0 2  0.0000000002
0 0 2 2  0.0139601346
0 0 4 2  0.0007340311
0 0 6 2  -0.0000000003
0 1 1 2  0.0000000002
0 1 3 2  0.0139601346
0 1 5 2  0.0007340311
0 1 7 2  -0.0000000003
0 2 0 2  0.0139601346
0 2 2 2  0.0000000006
0 2 4 2  0.0000000001
0 2 6 2  0.0145575400
0 3 1 2  0.0139601346
0 3 3 2  0.0000000006
0 3 5 2  0.0000000001
0 3 7 2  0.0145575400
0 4 0 2  0.0007340311
0 4 2 2  0.0000000001
0 4 4 2  0.0000000005
0 4 6 2  -0.0006317707
0 5 1 2  0.0007340311
0 5 3 2  0.0000000001
0 5 5 2  0.0000000005
0 5 7 2  -0.0006317707
0 6 0 2  -0.0000000003
0 6 2 2  0.0145575400
0 6 4 2  -0.0006317707
0 6 6 2  0.0000000003
0 7 1 2  -0.0000000003
0 7 3 2  0.0145575400
0 7 5 2  -0.0006317707
0 7 7 2  0.0000000003
0 0 0 4  0.0000000002
0 0 2 4  0.0007340311
0 0 4 4  0.0139601346
0 0 6 4  0.0000000006
0 1 1 4  0.0000000002
0 1 3 4  0.0007340311
0 1 5 4  0.0139601346
0 1 7 4  0.0000000006
0 2 0 4  0.0007340311
0 2 2 4  0.0000000008
0 2 4 4  0.0000000001
0 2 6 4  0.0006317707
0 3 1 4  0.0007340311
0 3 3 4  0.0000000008
0 3 5 4  0.0000000001
0 3 7 4  0.0006317707
0 4 0 4  0.0139601346
0 4 2 4  0.0000000001
0 4 4 4  -0.0000000005
0 4 6 4  -0.0145575400
0 5 1 4  0.0139601346
0 5 3 4  0.0000000001
0 5 5 4  -0.0000000005
0 5 7 4  -0.0145575400
0 6 0 4  0.0000000006
0 6 2 4  0.0006317707
0 6 4 4  -0.0145575400
0 6 6 4  0.0000000003
0 7 1 4  0.0000000006
0 7 3 4  0.0006317707
0 7 5 4  -0.0145575400
0 7 7 4  0.0000000003
0 0 2 6  -0.0000000003
0 0 4 6  0.0000000006
0 0 6 6  0.1171617088
0 1 3 6  -0.0000000003
0 1 5 6  0.0000000006
0 1 7 6  0.1171617088
0 2 0 6  -0.0000000003
0 2 2 6  0.0980182789
0 2 6 6  0.0000000002
0 3 1 6  -0.0000000003
0 3 3 6  0.0980182789
0 3 7 6  0.0000000002
0 4 0 6  0.0000000006
0 4 4 6  -0.0980182789
0 4 6 6  0.0000000005
0 5 1 6  0.0000000006
0 5 5 6  -0.0980182789
0 5 7 6  0.0000000005
0 6 0 6  0.1171617088
0 6 2 6  0.0000000002
0 6 4 6  0.0000000005
0 7 1 6  0.1171617088
0 7 3 6  0.0000000002
0 7 5 6  0.0000000005
1 0 0 1  0.2340653436
1 0 2 1  0.0000000002
1 0 4 1  0.0000000002
1 1 1 1  0.2340653436
1 1 3 1  0.0000000002
1 1 5 1  0.0000000002
1 2 0 1  0.0000000002
1 2 2 1  0.1971304779
1 2 4 1  -0.0000736950
1 2 6 1  0.0000000002
1 3 1 1  0.0000000002
1 3 3 1  0.1971304779
1 3 5 1  -0.0000736950
1 3 7 1  0.0000000002
1 4 0 1  0.0000000002
1 4 2 1  -0.0000736950
1 4 4 1  0.1971304779
1 4 6 1  -0.0000000001
1 5 1 1  0.0000000002
1 5 3 1  -0.0000736950
1 5 5 1  0.1971304779
1 5 7 1  -0.0000000001
1 6 2 1  0.0000000002
1 6 4 1  -0.0000000001
1 6 6 1  0.2363621822
1 7 3 1  0.0000000002
1 7 5 1  -0.0000000001
1 7 7 1  0.2363621822
1 0 0 3  0.0000000002
1 0 2 3  0.0139601346
1 0 4 3  0.0007340311
1 0 6 3  -0.0000000003
1 1 1 3  0.0000000002
1 1 3 3  0.0139601346
1 1 5 3  0.0007340311
1 1 7 3  -0.0000000003
1 2 0 3  0.0139601346
1 2 2 3  0.0000000006
1 2 4 3  0.0000000001
1 2 6 3  0.0145575400
1 3 1 3  0.0139601346
1 3 3 3  0.0000000006
1 3 5 3  0.0000000001
1 3 7 3  0.0145575400
1 4 0 3  0.0007340311
1 4 2 3  0.0000000001
1 4 4 3  0.0000000005
1 4 6 3  -0.0006317707
1 5 1 3  0.0007340311
1 5 3 3  0.0000000001
1 5 5 3  0.0000000005
1 5 7 3  -0.0006317707
1 6 0 3  -0.0000000003
1 6 2 3  0.0145575400
1 6 4 3  -0.0006317707
1 6 6 3  0.0000000003
1 7 1 3  -0.0000000003
1 7 3 3  0.0145575400
1 7 5 3  -0.0006317707
1 7 7 3  0.0000000003
1 0 0 5  0.0000000002
1 0 2 5  0.0007340311
1 0 4 5  0.0139601346
1 0 6 5  0.0000000006
1 1 1 5  0.0000000002
1 1 3 5  0.0007340311
1 1 5 5  0.0139601346
1 1 7 5  0.0000000006
1 2 0 5  0.0007340311
1 2 2 5  0.0000000008
1 2 4 5  0.0000000001
1 2 6 5  0.0006317707
1 3 1 5  0.0007340311
1 3 3 5  0.0000000008
1 3 5 5  0.0000000001
1 3 7 5  0.0006317707
1 4 0 5  0.0139601346
1 4 2 5  0.0000000001
1 4 4 5  -0.0000000005
1 4 6 5  -0.0145575400
1 5 1 5  0.0139601346
1 5 3 5  0.0000000001
1 5 5 5  -0.0000000005
1 5 7 5  -0.0145575400
1 6 0 5  0.0000000006
1 6 2 5  0.0006317707
1 6 4 5  -0.0145575400
1 6 6 5  0.0000000003
1 7 1 5  0.0000000006
1 7 3 5  0.0006317707
1 7 5 5  -0.0145575400
1 7 7 5  0.0000000003
1 0 2 7  -0.0000000003
1 0 4 7  0.0000000006
1 0 6 7  0.1171617088
1 1 3 7  -0.0000000003
1 1 5 7  0.0000000006
1 1 7 7  0.1171617088
1 2 0 7  -0.0000000003
1 2 2 7  0.0980182789
1 2 6 7  0.0000000002
1 3 1 7  -0.0000000003
1 3 3 7  0.0980182789
1 3 7 7  0.0000000002
1 4 0 7  0.0000000006
1 4 4 7  -0.0980182789
1 4 6 7  0.0000000005
1 5 1 7  0.0000000006
1 5 5 7  -0.0980182789
1 5 7 7  0.0000000005
1 6 0 7  0.1171617088
1 6 2 7  0.0000000002
1 6 4 7  0.0000000005
1 7 1 7  0.1171617088
1 7 3 7  0.0000000002
1 7 5 7  0.0000000005
2 0 0 0  0.0000000002
2 0 2 0  0.0139601346
2 0 4 0  0.0007340311
2 0 6 0  -0.0000000003
2 1 1 0  0.0000000002
2 1 3 0  0.0139601346
2 1 5 0  0.0007340311
2 1 7 0  -0.0000000003
2 2 0 0  0.0139601346
2 2 2 0  0.0000000006
2 2 4 0  0.0000000001
2 2 6 0  0.0145575400
2 3 1 0  0.0139601346
2 3 3 0  0.0000000006
2 3 5 0  0.0000000001
2 3 7 0  0.0145575400
2 4 0 0  0.0007340311
2 4 2 0  0.0000000001
2 4 4 0  0.0000000005
2 4 6 0  -0.0006317707
2 5 1 0  0.0007340311
2 5 3 0  0.0000000001
2 5 5 0  0.0000000005
2 5 7 0  -0.0006317707
2 6 0 0  -0.0000000003
2 6 2 0  0.0145575400
2 6 4 0  -0.0006317707
2 6 6 0  0.0000000003
2 7 1 0  -0.0000000003
2 7 3 0  0.0145575400
2 7 5 0  -0.0006317707
2 7 7 0  0.0000000003
2 0 0 2  0.1971304779
2 0 2 2  0.0000000006
2 0 4 2  0.0000000008
2 0 6 2  0.0980182789
2 1 1 2  0.1971304779
2 1 3 2  0.0000000006
2 1 5 2  0.0000000008
2 1 7 2  0.0980182789
2 2 0 2  0.0000000006
2 2 2 2  0.3366239368
2 2 4 2  -0.0004014659
2 2 6 2  0.0000000014
2 3 1 2  0.0000000006
2 3 3 2  0.3366239368
2 3 5 2  -0.0004014659
2 3 7 2  0.0000000014
2 4 0 2  0.0000000008
2 4 2 2  -0.0004014659
2 4 4 2  0.0883882728
2 4 6 2  0.0000000003
2 5 1 2  0.0000000008
2 5 3 2  -0.0004014659
2 5 5 2  0.0883882728
2 5 7 2  0.0000000003
2 6 0 2  0.0980182789
2 6 2 2  0.0000000014
2 6 4 2  0.0000000003
2 6 6 2  0.2012056006
2 7 1 2  0.0980182789
2 7 3 2  0.0000000014
2 7 5 2  0.0000000003
2 7 7 2  0.2012056006
2 0 0 4  -0.0000736950
2 0 2 4  0.0000000001
2 0 4 4  0.0000000001
2 1 1 4  -0.0000736950
2 1 3 4  0.0000000001
2 1 5 4  0.0000000001
2 2 0 4  0.0000000001
2 2 2 4  -0.0004014659
2 2 4 4  0.0000059030
2 2 6 4  0.0000000001
2 3 1 4  0.0000000001
2 3 3 4  -0.0004014659
2 3 5 4  0.0000059030
2 3 7 4  0.0000000001
2 4 0 4  0.0000000001
2 4 2 4  0.0000059030
2 4 4 4  -0.0004014659
2 4 6 4  -0.0000000001
2 5 1 4  0.0000000001
2 5 3 4  0.0000059030
2 5 5 4  -0.0004014659
2 5 7 4  -0.0000000001
2 6 2 4  0.0000000001
2 6 4 4  -0.0000000001
2 6 6 4  -0.0001360289
2 7 3 4  0.0000000001
2 7 5 4  -0.0000000001
2 7 7 4  -0.0001360289
2 0 0 6  0.0000000002
2 0 2 6  0.0145575400
2 0 4 6  0.0006317707
2 0 6 6  0.0000000002
2 1 1 6  0.0000000002
2 1 3 6  0.0145575400
2 1 5 6  0.0006317707
2 1 7 6  0.0000000002
2 2 0 6  0.0145575400
2 2 2 6  0.0000000014
2 2 4 6  0.0000000001
2 2 6 6  0.0152138876
2 3 1 6  0.0145575400
2 3 3 6  0.0000000014
2 3 5 6  0.0000000001
2 3 7 6  0.0152138876
2 4 0 6  0.0006317707
2 4 2 6  0.0000000001
2 4 4 6  0.0000000001
2 4 6 6  -0.0005458830
2 5 1 6  0.0006317707
2 5 3 6  0.0000000001
2 5 5 6  0.0000000001
2 5 7 6  -0.0005458830
2 6 0 6  0.0000000002
2 6 2 6  0.0152138876
2 6 4 6  -0.0005458830
2 6 6 6  0.0000000003
2 7 1 6  0.0000000002
2 7 3 6  0.0152138876
2 7 5 6  -0.0005458830
2 7 7 6  0.0000000003
3 0 0 1  0.0000000002
3 0 2 1  0.0139601346
3 0 4 1  0.0007340311
3 0 6 1  -0.0000000003
3 1 1 1  0.0000000002
3 1 3 1  0.0139601346
3 1 5 1  0.0007340311
3 1 7 1  -0.0000000003
3 2 0 1  0.0139601346
3 2 2 1  0.0000000006
3 2 4 1  0.0000000001
3 2 6 1  0.0145575400
3 3 1 1  0.0139601346
3 3 3 1  0.0000000006
3 3 5 1  0.0000000001
3 3 7 1  0.0145575400
3 4 0 1  0.0007340311
3 4 2 1  0.0000000001
3 4 4 1  0.0000000005
3 4 6 1  -0.0006317707
3 5 1 1  0.0007340311
3 5 3 1  0.0000000001
3 5 5 1  0.0000000005
3 5 7 1  -0.0006317707
3 6 0 1  -0.0000000003
3 6 2 1  0.0145575400
3 6 4 1  -0.0006317707
3 6 6 1  0.0000000003
3 7 1 1  -0.0000000003
3 7 3 1  0.0145575400
3 7 5 1  -0.0006317707
3 7 7 1  0.0000000003
3 0 0 3  0.1971304779
3 0 2 3  0.0000000006
3 0 4 3  0.0000000008
3 0 6 3  0.0980182789
3 1 1 3  0.1971304779
3 1 3 3  0.0000000006
3 1 5 3  0.0000000008
3 1 7 3  0.0980182789
3 2 0 3  0.0000000006
3 2 2 3  0.3366239368
3 2 4 3  -0.0004014659
3 2 6 3  0.0000000014
3 3 1 3  0.0000000006
3 3 3 3  0.3366239368
3 3 5 3  -0.0004014659
3 3 7 3  0.0000000014
3 4 0 3  0.0000000008
3 4 2 3  -0.0004014659
3 4 4 3  0.0883882728
3 4 6 3  0.0000000003
3 5 1 3  0.0000000008
3 5 3 3  -0.0004014659
3 5 5 3  0.0883882728
3 5 7 3  0.0000000003
3 6 0 3  0.0980182789
3 6 2 3  0.0000000014
3 6 4 3  0.0000000003
3 6 6 3  0.2012056006
3 7 1 3  0.0980182789
3 7 3 3  0.0000000014
3 7 5 3  0.0000000003
3 7 7 3  0.2012056006
3 0 0 5  -0.0000736950
3 0 2 5  0.0000000001
3 0 4 5  0.0000000001
3 1 1 5  -0.0000736950
3 1 3 5  0.0000000001
3 1 5 5  0.0000000001
3 2 0 5  0.0000000001
3 2 2 5  -0.0004014659
3 2 4 5  0.0000059030
3 2 6 5  0.0000000001
3 3 1 5  0.0000000001
3 3 3 5  -0.0004014659
3 3 5 5  0.0000059030
3 3 7 5  0.0000000001
3 4 0 5  0.0000000001
3 4 2 5  0.0000059030
3 4 4 5  -0.0004014659
3 4 6 5  -0.0000000001
3 5 1 5  0.0000000001
3 5 3 5  0.0000059030
3 5 5 5  -0.0004014659
3 5 7 5  -0.0000000001
3 6 2 5  0.0000000001
3 6 4 5  -0.0000000001
3 6 6 5  -0.0001360289
3 7 3 5  0.0000000001
3 7 5 5  -0.0000000001
3 7 7 5  -0.0001360289
3 0 0 7  0.0000000002
3 0 2 7  0.0145575400
3 0 4 7  0.0006317707
3 0 6 7  0.0000000002
3 1 1 7  0.0000000002
3 1 3 7  0.0145575400
3 1 5 7  0.0006317707
3 1 7 7  0.0000000002
3 2 0 7  0.0145575400
3 2 2 7  0.0000000014
3 2 4 7  0.0000000001
3 2 6 7  0.0152138876
3 3 1 7  0.0145575400
3 3 3 7  0.0000000014
3 3 5 7  0.0000000001
3 3 7 7  0.0152138876
3 4 0 7  0.0006317707
3 4 2 7  0.0000000001
3 4 4 7  0.0000000001
3 4 6 7  -0.0005458830
3 5 1 7  0.0006317707
3 5 3 7  0.0000000001
3 5 5 7  0.0000000001
3 5 7 7  -0.0005458830
3 6 0 7  0.0000000002
3 6 2 7  0.0152138876
3 6 4 7  -0.0005458830
3 6 6 7  0.0000000003
3 7 1 7  0.0000000002
3 7 3 7  0.0152138876
3 7 5 7  -0.0005458830
3 7 7 7  0.0000000003
4 0 0 0  0.0000000002
4 0 2 0  0.0007340311
4 0 4 0  0.0139601346
4 0 6 0  0.0000000006
4 1 1 0  0.0000000002
4 1 3 0  0.0007340311
4 1 5 0  0.0139601346
4 1 7 0  0.0000000006
4 2 0 0  0.0007340311
4 2 2 0  0.0000000008
4 2 4 0  0.0000000001
4 2 6 0  0.0006317707
4 3 1 0  0.0007340311
4 3 3 0  0.0000000008
4 3 5 0  0.0000000001
4 3 7 0  0.0006317707
4 4 0 0  0.0139601346
4 4 2 0  0.0000000001
4 4 4 0  -0.0000000005
4 4 6 0  -0.0145575400
4 5 1 0  0.0139601346
4 5 3 0  0.0000000001
4 5 5 0  -0.0000000005
4 5 7 0  -0.0145575400
4 6 0 0  0.0000000006
4 6 2 0  0.0006317707
4 6 4 0  -0.0145575400
4 6 6 0  0.0000000003
4 7 1 0  0.0000000006
4 7 3 0  0.0006317707
4 7 5 0  -0.0145575400
4 7 7 0  0.0000000003
4 0 0 2  -0.0000736950
4 0 2 2  0.0000000001
4 0 4 2  0.0000000001
4 1 1 2  -0.0000736950
4 1 3 2  0.0000000001
4 1 5 2  0.0000000001
4 2 0 2  0.0000000001
4 2 2 2  -0.0004014659
4 2 4 2  0.0000059030
4 2 6 2  0.0000000001
4 3 1 2  0.0000000001
4 3 3 2  -0.0004014659
4 3 5 2  0.0000059030
4 3 7 2  0.0000000001
4 4 0 2  0.0000000001
4 4 2 2  0.0000059030
4 4 4 2  -0.0004014659
4 4 6 2  -0.0000000001
4 5 1 2  0.0000000001
4 5 3 2  0.0000059030
4 5 5 2  -0.0004014659
4 5 7 2  -0.0000000001
4 6 2 2  0.0000000001
4 6 4 2  -0.0000000001
4 6 6 2  -0.0001360289
4 7 3 2  0.0000000001
4 7 5 2  -0.0000000001
4 7 7 2  -0.0001360289
4 0 0 4  0.1971304779
4 0 2 4  0.0000000005
4 0 4 4  -0.0000000005
4 0 6 4  -0.0980182789
4 1 1 4  0.1971304779
4 1 3 4  0.0000000005
4 1 5 4  -0.0000000005
4 1 7 4  -0.0980182789
4 2 0 4  0.0000000005
4 2 2 4  0.0883882728
4 2 4 4  -0.0004014659
4 2 6 4  0.0000000001
4 3 1 4  0.0000000005
4 3 3 4  0.0883882728
4 3 5 4  -0.0004014659
4 3 7 4  0.0000000001
4 4 0 4  -0.0000000005
4 4 2 4  -0.0004014659
4 4 4 4  0.3366239368
4 4 6 4  -0.0000000010
4 5 1 4  -0.0000000005
4 5 3 4  -0.0004014659
4 5 5 4  0.3366239368
4 5 7 4  -0.0000000010
4 6 0 4  -0.0980182789
4 6 2 4  0.0000000001
4 6 4 4  -0.0000000010
4 6 6 4  0.2012056006
4 7 1 4  -0.0980182789
4 7 3 4  0.0000000001
4 7 5 4  -0.0000000010
4 7 7 4  0.2012056006
4 0 0 6  -0.0000000001
4 0 2 6  -0.0006317707
4 0 4 6  -0.0145575400
4 0 6 6  0.0000000005
4 1 1 6  -0.0000000001
4 1 3 6  -0.0006317707
4 1 5 6  -0.0145575400
4 1 7 6  0.0000000005
4 2 0 6  -0.0006317707
4 2 2 6  0.0000000003
4 2 4 6  -0.0000000001
4 2 6 6  -0.0005458830
4 3 1 6  -0.0006317707
4 3 3 6  0.0000000003
4 3 5 6  -0.0000000001
4 3 7 6  -0.0005458830
4 4 0 6  -0.0145575400
4 4 2 6  -0.0000000001
4 4 4 6  -0.0000000010
4 4 6 6  0.0152138876
4 5 1 6  -0.0145575400
4 5 3 6  -0.0000000001
4 5 5 6  -0.0000000010
4 5 7 6  0.0152138876
4 6 0 6  0.0000000005
4 6 2 6  -0.0005458830
4 6 4 6  0.0152138876
4 6 6 6  -0.0000000002
4 7 1 6  0.0000000005
4 7 3 6  -0.0005458830
4 7 5 6  0.0152138876
4 7 7 6  -0.0000000002
5 0 0 1  0.0000000002
5 0 2 1  0.0007340311
5 0 4 1  0.0139601346
5 0 6 1  0.0000000006
5 1 1 1  0.0000000002
5 1 3 1  0.0007340311
5 1 5 1  0.0139601346
5 1 7 1  0.0000000006
5 2 0 1  0.0007340311
5 2 2 1  0.0000000008
5 2 4 1  0.0000000001
5 2 6 1  0.0006317707
5 3 1 1  0.0007340311
5 3 3 1  0.0000000008
5 3 5 1  0.0000000001
5 3 7 1  0.0006317707
5 4 0 1  0.0139601346
5 4 2 1  0.0000000001
5 4 4 1  -0.0000000005
5 4 6 1  -0.0145575400
5 5 1 1  0.0139601346
5 5 3 1  0.0000000001
5 5 5 1  -0.0000000005
5 5 7 1  -0.0145575400
5 6 0 1  0.0000000006
5 6 2 1  0.0006317707
5 6 4 1  -0.0145575400
5 6 6 1  0.0000000003
5 7 1 1  0.0000000006
5 7 3 1  0.0006317707
5 7 5 1  -0.0145575400
5 7 7 1  0.0000000003
5 0 0 3  -0.0000736950
5 0 2 3  0.0000000001
5 0 4 3  0.0000000001
5 1 1 3  -0.0000736950
5 1 3 3  0.0000000001
5 1 5 3  0.0000000001
5 2 0 3  0.0000000001
5 2 2 3  -0.0004014659
5 2 4 3  0.0000059030
5 2 6 3  0.0000000001
5 3 1 3  0.0000000001
5 3 3 3  -0.0004014659
5 3 5 3  0.0000059030
5 3 7 3  0.0000000001
5 4 0 3  0.0000000001
5 4 2 3  0.0000059030
5 4 4 3  -0.0004014659
5 4 6 3  -0.0000000001
5 5 1 3  0.0000000001
5 5 3 3  0.0000059030
5 5 5 3  -0.0004014659
5 5 7 3  -0.0000000001
5 6 2 3  0.0000000001
5 6 4 3  -0.0000000001
5 6 6 3  -0.0001360289
5 7 3 3  0.0000000001
5 7 5 3  -0.0000000001
5 7 7 3  -0.0001360289
5 0 0 5  0.1971304779
5 0 2 5  0.0000000005
5 0 4 5  -0.0000000005
5 0 6 5  -0.0980182789
5 1 1 5  0.1971304779
5 1 3 5  0.0000000005
5 1 5 5  -0.0000000005
5 1 7 5  -0.0980182789
5 2 0 5  0.0000000005
5 2 2 5  0.0883882728
5 2 4 5  -0.0004014659
5 2 6 5  0.0000000001
5 3 1 5  0.0000000005
5 3 3 5  0.0883882728
5 3 5 5  -0.0004014659
5 3 7 5  0.0000000001
5 4 0 5  -0.0000000005
5 4 2 5  -0.0004014659
5 4 4 5  0.3366239368
5 4 6 5  -0.0000000010
5 5 1 5  -0.0000000005
5 5 3 5  -0.0004014659
5 5 5 5  0.3366239368
5 5 7 5  -0.0000000010
5 6 0 5  -0.0980182789
5 6 2 5  0.0000000001
5 6 4 5  -0.0000000010
5 6 6 5  0.2012056006
5 7 1 5  -0.0980182789
5 7 3 5  0.0000000001
5 7 5 5  -0.0000000010
5 7 7 5  0.2012056006
5 0 0 7  -0.0000000001
5 0 2 7  -0.0006317707
5 0 4 7  -0.0145575400
5 0 6 7  0.0000000005
5 1 1 7  -0.0000000001
5 1 3 7  -0.0006317707
5 1 5 7  -0.0145575400
5 1 7 7  0.0000000005
5 2 0 7  -0.0006317707
5 2 2 7  0.0000000003
5 2 4 7  -0.0000000001
5 2 6 7  -0.0005458830
5 3 1 7  -0.0006317707
5 3 3 7  0.0000000003
5 3 5 7  -0.0000000001
5 3 7 7  -0.0005458830
5 4 0 7  -0.0145575400
5 4 2 7  -0.0000000001
5 4 4 7  -0.0000000010
5 4 6 7  0.0152138876
5 5 1 7  -0.0145575400
5 5 3 7  -0.0000000001
5 5 5 7  -0.0000000010
5 5 7 7  0.0152138876
5 6 0 7  0.0000000005
5 6 2 7  -0.0005458830
5 6 4 7  0.0152138876
5 6 6 7  -0.0000000002
5 7 1 7  0.0000000005
5 7 3 7  -0.0005458830
5 7 5 7  0.0152138876
5 7 7 7  -0.0000000002
6 0 2 0  -0.0000000003
6 0 4 0  0.0000000006
6 0 6 0  0.1171617088
6 1 3 0  -0.0000000003
6 1 5 0  0.0000000006
6 1 7 0  0.1171617088
6 2 0 0  -0.0000000003
6 2 2 0  0.0980182789
6 2 6 0  0.0000000002
6 3 1 0  -0.0000000003
6 3 3 0  0.0980182789
6 3 7 0  0.0000000002
6 4 0 0  0.0000000006
6 4 4 0  -0.0980182789
6 4 6 0  0.0000000005
6 5 1 0  0.0000000006
6 5 5 0  -0.0980182789
6 5 7 0  0.0000000005
6 6 0 0  0.1171617088
6 6 2 0  0.0000000002
6 6 4 0  0.0000000005
6 7 1 0  0.1171617088
6 7 3 0  0.0000000002
6 7 5 0  0.0000000005
6 0 0 2  0.0000000002
6 0 2 2  0.0145575400
6 0 4 2  0.0006317707
6 0 6 2  0.0000000002
6 1 1 2  0.0000000002
6 1 3 2  0.0145575400
6 1 5 2  0.0006317707
6 1 7 2  0.0000000002
6 2 0 2  0.0145575400
6 2 2 2  0.0000000014
6 2 4 2  0.0000000001
6 2 6 2  0.0152138876
6 3 1 2  0.0145575400
6 3 3 2  0.0000000014
6 3 5 2  0.0000000001
6 3 7 2  0.0152138876
6 4 0 2  0.0006317707
6 4 2 2  0.0000000001
6 4 4 2  0.0000000001
6 4 6 2  -0.0005458830
6 5 1 2  0.0006317707
6 5 3 2  0.0000000001
6 5 5 2  0.0000000001
6 5 7 2  -0.0005458830
6 6 0 2  0.0000000002
6 6 2 2  0.0152138876
6 6 4 2  -0.0005458830
6 6 6 2  0.0000000003
6 7 1 2  0.0000000002
6 7 3 2  0.0152138876
6 7 5 2  -0.0005458830
6 7 7 2  0.0000000003
6 0 0 4  -0.0000000001
6 0 2 4  -0.0006317707
6 0 4 4  -0.0145575400
6 0 6 4  0.0000000005
6 1 1 4  -0.0000000001
6 1 3 4  -0.0006317707
6 1 5 4  -0.0145575400
6 1 7 4  0.0000000005
6 2 0 4  -0.0006317707
6 2 2 4  0.0000000003
6 2 4 4  -0.0000000001
6 2 6 4  -0.0005458830
6 3 1 4  -0.0006317707
6 3 3 4  0.0000000003
6 3 5 4  -0.0000000001
6 3 7 4  -0.0005458830
6 4 0 4  -0.0145575400
6 4 2 4  -0.0000000001
6 4 4 4  -0.0000000010
6 4 6 4  0.0152138876
6 5 1 4  -0.0145575400
6 5 3 4  -0.0000000001
6 5 5 4  -0.0000000010
6 5 7 4  0.0152138876
6 6 0 4  0.0000000005
6 6 2 4  -0.0005458830
6 6 4 4  0.0152138876
6 6 6 4  -0.0000000002
6 7 1 4  0.0000000005
6 7 3 4  -0.0005458830
6 7 5 4  0.0152138876
6 7 7 4  -0.0000000002
6 0 0 6  0.2363621822
6 0 2 6  0.0000000003
6 0 4 6  0.0000000003
6 1 1 6  0.2363621822
6 1 3 6  0.0000000003
6 1 5 6  0.0000000003
6 2 0 6  0.0000000003
6 2 2 6  0.2012056006
6 2 4 6  -0.0001360289
6 2 6 6  0.0000000003
6 3 1 6  0.0000000003
6 3 3 6  0.2012056006
6 3 5 6  -0.0001360289
6 3 7 6  0.0000000003
6 4 0 6  0.0000000003
6 4 2 6  -0.0001360289
6 4 4 6  0.2012056006
6 4 6 6  -0.0000000002
6 5 1 6  0.0000000003
6 5 3 6  -0.0001360289
6 5 5 6  0.2012056006
6 5 7 6  -0.0000000002
6 6 2 6  0.0000000003
6 6 4 6  -0.0000000002
6 6 6 6  0.2398773182
6 7 3 6  0.0000000003
6 7 5 6  -0.0000000002
6 7 7 6  0.2398773182
7 0 2 1  -0.0000000003
7 0 4 1  0.0000000006
7 0 6 1  0.1171617088
7 1 3 1  -0.0000000003
7 1 5 1  0.0000000006
7 1 7 1  0.1171617088
7 2 0 1  -0.0000000003
7 2 2 1  0.0980182789
7 2 6 1  0.0000000002
7 3 1 1  -0.0000000003
7 3 3 1  0.0980182789
7 3 7 1  0.0000000002
7 4 0 1  0.0000000006
7 4 4 1  -0.0980182789
7 4 6 1  0.0000000005
7 5 1 1  0.0000000006
7 5 5 1  -0.0980182789
7 5 7 1  0.0000000005
7 6 0 1  0.1171617088
7 6 2 1  0.0000000002
7 6 4 1  0.0000000005
7 7 1 1  0.1171617088
7 7 3 1  0.0000000002
7 7 5 1  0.0000000005
7 0 0 3  0.0000000002
7 0 2 3  0.0145575400
7 0 4 3  0.0006317707
7 0 6 3  0.0000000002
7 1 1 3  0.0000000002
7 1 3 3  0.0145575400
7 1 5 3  0.0006317707
7 1 7 3  0.0000000002
7 2 0 3  0.0145575400
7 2 2 3  0.0000000014
7 2 4 3  0.0000000001
7 2 6 3  0.0152138876
7 3 1 3  0.0145575400
7 3 3 3  0.0000000014
7 3 5 3  0.0000000001
7 3 7 3  0.0152138876
7 4 0 3  0.0006317707
7 4 2 3  0.0000000001
7 4 4 3  0.0000000001
7 4 6 3  -0.0005458830
7 5 1 3  0.0006317707
7 5 3 3  0.0000000001
7 5 5 3  0.0000000001
7 5 7 3  -0.0005458830
7 6 0 3  0.0000000002
7 6 2 3  0.0152138876
7 6 4 3  -0.0005458830
7 6 6 3  0.0000000003
7 7 1 3  0.0000000002
7 7 3 3  0.0152138876
7 7 5 3  -0.0005458830
7 7 7 3  0.0000000003
7 0 0 5  -0.0000000001
7 0 2 5  -0.0006317707
7 0 4 5  -0.0145575400
7 0 6 5  0.0000000005
7 1 1 5  -0.0000000001
7 1 3 5  -0.0006317707
7 1 5 5  -0.0145575400
7 1 7 5  0.0000000005
7 2 0 5  -0.0006317707
7 2 2 5  0.0000000003
7 2 4 5  -0.0000000001
7 2 6 5  -0.0005458830
7 3 1 5  -0.0006317707
7 3 3 5  0.0000000003
7 3 5 5  -0.0000000001
7 3 7 5  -0.0005458830
7 4 0 5  -0.0145575400
7 4 2 5  -0.0000000001
7 4 4 5  -0.0000000010
7 4 6 5  0.0152138876
7 5 1 5  -0.0145575400
7 5 3 5  -0.0000000001
7 5 5 5  -0.0000000010
7 5 7 5  0.0152138876
7 6 0 5  0.0000000005
7 6 2 5  -0.0005458830
7 6 4 5  0.0152138876
7 6 6 5  -0.0000000002
7 7 1 5  0.0000000005
7 7 3 5  -0.0005458830
7 7 5 5  0.0152138876
7 7 7 5  -0.0000000002
7 0 0 7  0.2363621822
7 0 2 7  0.0000000003
7 0 4 7  0.0000000003
7 1 1 7  0.2363621822
7 1 3 7  0.0000000003
7 1 5 7  0.0000000003
7 2 0 7  0.0000000003
7 2 2 7  0.2012056006
7 2 4 7  -0.0001360289
7 2 6 7  0.0000000003
7 3 1 7  0.0000000003
7 3 3 7  0.2012056006
7 3 5 7  -0.0001360289
7 3 7 7  0.0000000003
7 4 0 7  0.0000000003
7 4 2 7  -0.0001360289
7 4 4 7  0.2012056006
7 4 6 7  -0.0000000002
7 5 1 7  0.0000000003
7 5 3 7  -0.0001360289
7 5 5 7  0.2012056006
7 5 7 7  -0.0000000002
7 6 2 7  0.0000000003
7 6 4 7  -0.0000000002
7 6 6 7  0.2398773182
7 7 3 7  0.0000000003
7 7 5 7  -0.0000000002
7 7 7 7  0.2398773182
