 MO Integrals with frozen core/virtual approximation

-72.79337555947585
0 0  -2.3163005241
0 2  -0.0000000007
0 4  -0.0000000003
0 6  -0.0000000004
1 1  -2.3163005241
1 3  -0.0000000007
1 5  -0.0000000003
1 7  -0.0000000004
2 0  -0.0000000007
2 2  -1.5914445698
2 4  -0.0880662406
2 6  -0.0000000006
3 1  -0.0000000007
3 3  -1.5914445698
3 5  -0.0880662406
3 7  -0.0000000006
4 0  -0.0000000003
4 2  -0.0880662406
4 4  -1.5914445706
4 6  -0.0000000023
5 1  -0.0000000003
5 3  -0.0880662406
5 5  -1.5914445706
5 7  -0.0000000023
6 0  -0.0000000004
6 2  -0.0000000006
6 4  -0.0000000023
6 6  -1.4315039931
7 1  -0.0000000004
7 3  -0.0000000006
7 5  -0.0000000023
7 7  -1.4315039931
0 0 0 0  0.3351704365
0 0 2 0  0.0000000001
0 0 4 0  -0.0000000001
0 1 1 0  0.3351704365
0 1 3 0  0.0000000001
0 1 5 0  -0.0000000001
0 2 0 0  0.0000000001
0 2 2 0  0.2492647161
0 2 4 0  0.0033291745
0 2 6 0  0.0000000012
0 3 1 0  0.0000000001
0 3 3 0  0.2492647161
0 3 5 0  0.0033291745
0 3 7 0  0.0000000012
0 4 0 0  -0.0000000001
0 4 2 0  0.0033291745
0 4 4 0  0.2492647161
0 4 6 0  -0.0000000007
0 5 1 0  -0.0000000001
0 5 3 0  0.0033291745
0 5 5 0  0.2492647161
0 5 7 0  -0.0000000007
0 6 2 0  0.0000000012
0 6 4 0  -0.0000000007
0 6 6 0  0.3043952475
0 7 3 0  0.0000000012
0 7 5 0  -0.0000000007
0 7 7 0  0.3043952475
0 0 0 2  0.0000000001
0 0 2 2  0.0235035198
0 0 4 2  0.0083152327
0 0 6 2  0.0000000010
0 1 1 2  0.0000000001
0 1 3 2  0.0235035198
0 1 5 2  0.0083152327
0 1 7 2  0.0000000010
0 2 0 2  0.0235035198
0 2 2 2  -0.0000000018
0 2 4 2  0.0000000002
0 2 6 2  -0.0218291877
0 3 1 2  0.0235035198
0 3 3 2  -0.0000000018
0 3 5 2  0.0000000002
0 3 7 2  -0.0218291877
0 4 0 2  0.0083152327
0 4 2 2  0.0000000002
0 4 4 2  0.0000000010
0 4 6 2  0.0047243781
0 5 1 2  0.0083152327
0 5 3 2  0.0000000002
0 5 5 2  0.0000000010
0 5 7 2  0.0047243781
0 6 0 2  0.0000000010
0 6 2 2  -0.0218291877
0 6 4 2  0.0047243781
0 6 6 2  0.0000000008
0 7 1 2  0.0000000010
0 7 3 2  -0.0218291877
0 7 5 2  0.0047243781
0 7 7 2  0.0000000008
0 0 0 4  -0.0000000001
0 0 2 4  0.0083152327
0 0 4 4  0.0235035198
0 0 6 4  -0.0000000007
0 1 1 4  -0.0000000001
0 1 3 4  0.0083152327
0 1 5 4  0.0235035198
0 1 7 4  -0.0000000007
0 2 0 4  0.0083152327
0 2 2 4  0.0000000006
0 2 4 4  0.0000000002
0 2 6 4  -0.0047243781
0 3 1 4  0.0083152327
0 3 3 4  0.0000000006
0 3 5 4  0.0000000002
0 3 7 4  -0.0047243781
0 4 0 4  0.0235035198
0 4 2 4  0.0000000002
0 4 4 4  -0.0000000006
0 4 6 4  0.0218291877
0 5 1 4  0.0235035198
0 5 3 4  0.0000000002
0 5 5 4  -0.0000000006
0 5 7 4  0.0218291877
0 6 0 4  -0.0000000007
0 6 2 4  -0.0047243781
0 6 4 4  0.0218291877
0 6 6 4  0.0000000007
0 7 1 4  -0.0000000007
0 7 3 4  -0.0047243781
0 7 5 4  0.0218291877
0 7 7 4  0.0000000007
0 0 2 6  0.0000000010
0 0 4 6  -0.0000000007
0 0 6 6  0.0728384854
0 1 3 6  0.0000000010
0 1 5 6  -0.0000000007
0 1 7 6  0.0728384854
0 2 0 6  0.0000000010
0 2 2 6  -0.0647280614
0 2 6 6  0.0000000011
0 3 1 6  0.0000000010
0 3 3 6  -0.0647280614
0 3 7 6  0.0000000011
0 4 0 6  -0.0000000007
0 4 4 6  0.0647280614
0 4 6 6  0.0000000012
0 5 1 6  -0.0000000007
0 5 5 6  0.0647280614
0 5 7 6  0.0000000012
0 6 0 6  0.0728384854
0 6 2 6  0.0000000011
0 6 4 6  0.0000000012
0 7 1 6  0.0728384854
0 7 3 6  0.0000000011
0 7 5 6  0.0000000012
1 0 0 1  0.3351704365
1 0 2 1  0.0000000001
1 0 4 1  -0.0000000001
1 1 1 1  0.3351704365
1 1 3 1  0.0000000001
1 1 5 1  -0.0000000001
1 2 0 1  0.0000000001
1 2 2 1  0.2492647161
1 2 4 1  0.0033291745
1 2 6 1  0.0000000012
1 3 1 1  0.0000000001
1 3 3 1  0.2492647161
1 3 5 1  0.0033291745
1 3 7 1  0.0000000012
1 4 0 1  -0.0000000001
1 4 2 1  0.0033291745
1 4 4 1  0.2492647161
1 4 6 1  -0.0000000007
1 5 1 1  -0.0000000001
1 5 3 1  0.0033291745
1 5 5 1  0.2492647161
1 5 7 1  -0.0000000007
1 6 2 1  0.0000000012
1 6 4 1  -0.0000000007
1 6 6 1  0.3043952475
1 7 3 1  0.0000000012
1 7 5 1  -0.0000000007
1 7 7 1  0.3043952475
1 0 0 3  0.0000000001
1 0 2 3  0.0235035198
1 0 4 3  0.0083152327
1 0 6 3  0.0000000010
1 1 1 3  0.0000000001
1 1 3 3  0.0235035198
1 1 5 3  0.0083152327
1 1 7 3  0.0000000010
1 2 0 3  0.0235035198
1 2 2 3  -0.0000000018
1 2 4 3  0.0000000002
1 2 6 3  -0.0218291877
1 3 1 3  0.0235035198
1 3 3 3  -0.0000000018
1 3 5 3  0.0000000002
1 3 7 3  -0.0218291877
1 4 0 3  0.0083152327
1 4 2 3  0.0000000002
1 4 4 3  0.0000000010
1 4 6 3  0.0047243781
1 5 1 3  0.0083152327
1 5 3 3  0.0000000002
1 5 5 3  0.0000000010
1 5 7 3  0.0047243781
1 6 0 3  0.0000000010
1 6 2 3  -0.0218291877
1 6 4 3  0.0047243781
1 6 6 3  0.0000000008
1 7 1 3  0.0000000010
1 7 3 3  -0.0218291877
1 7 5 3  0.0047243781
1 7 7 3  0.0000000008
1 0 0 5  -0.0000000001
1 0 2 5  0.0083152327
1 0 4 5  0.0235035198
1 0 6 5  -0.0000000007
1 1 1 5  -0.0000000001
1 1 3 5  0.0083152327
1 1 5 5  0.0235035198
1 1 7 5  -0.0000000007
1 2 0 5  0.0083152327
1 2 2 5  0.0000000006
1 2 4 5  0.0000000002
1 2 6 5  -0.0047243781
1 3 1 5  0.0083152327
1 3 3 5  0.0000000006
1 3 5 5  0.0000000002
1 3 7 5  -0.0047243781
1 4 0 5  0.0235035198
1 4 2 5  0.0000000002
1 4 4 5  -0.0000000006
1 4 6 5  0.0218291877
1 5 1 5  0.0235035198
1 5 3 5  0.0000000002
1 5 5 5  -0.0000000006
1 5 7 5  0.0218291877
1 6 0 5  -0.0000000007
1 6 2 5  -0.0047243781
1 6 4 5  0.0218291877
1 6 6 5  0.0000000007
1 7 1 5  -0.0000000007
1 7 3 5  -0.0047243781
1 7 5 5  0.0218291877
1 7 7 5  0.0000000007
1 0 2 7  0.0000000010
1 0 4 7  -0.0000000007
1 0 6 7  0.0728384854
1 1 3 7  0.0000000010
1 1 5 7  -0.0000000007
1 1 7 7  0.0728384854
1 2 0 7  0.0000000010
1 2 2 7  -0.0647280614
1 2 6 7  0.0000000011
1 3 1 7  0.0000000010
1 3 3 7  -0.0647280614
1 3 7 7  0.0000000011
1 4 0 7  -0.0000000007
1 4 4 7  0.0647280614
1 4 6 7  0.0000000012
1 5 1 7  -0.0000000007
1 5 5 7  0.0647280614
1 5 7 7  0.0000000012
1 6 0 7  0.0728384854
1 6 2 7  0.0000000011
1 6 4 7  0.0000000012
1 7 1 7  0.0728384854
1 7 3 7  0.0000000011
1 7 5 7  0.0000000012
2 0 0 0  0.0000000001
2 0 2 0  0.0235035198
2 0 4 0  0.0083152327
2 0 6 0  0.0000000010
2 1 1 0  0.0000000001
2 1 3 0  0.0235035198
2 1 5 0  0.0083152327
2 1 7 0  0.0000000010
2 2 0 0  0.0235035198
2 2 2 0  -0.0000000018
2 2 4 0  0.0000000002
2 2 6 0  -0.0218291877
2 3 1 0  0.0235035198
2 3 3 0  -0.0000000018
2 3 5 0  0.0000000002
2 3 7 0  -0.0218291877
2 4 0 0  0.0083152327
2 4 2 0  0.0000000002
2 4 4 0  0.0000000010
2 4 6 0  0.0047243781
2 5 1 0  0.0083152327
2 5 3 0  0.0000000002
2 5 5 0  0.0000000010
2 5 7 0  0.0047243781
2 6 0 0  0.0000000010
2 6 2 0  -0.0218291877
2 6 4 0  0.0047243781
2 6 6 0  0.0000000008
2 7 1 0  0.0000000010
2 7 3 0  -0.0218291877
2 7 5 0  0.0047243781
2 7 7 0  0.0000000008
2 0 0 2  0.2492647161
2 0 2 2  -0.0000000018
2 0 4 2  0.0000000006
2 0 6 2  -0.0647280614
2 1 1 2  0.2492647161
2 1 3 2  -0.0000000018
2 1 5 2  0.0000000006
2 1 7 2  -0.0647280614
2 2 0 2  -0.0000000018
2 2 2 2  0.3391985121
2 2 4 2  -0.0020509549
2 2 6 2  -0.0000000002
2 3 1 2  -0.0000000018
2 3 3 2  0.3391985121
2 3 5 2  -0.0020509549
2 3 7 2  -0.0000000002
2 4 0 2  0.0000000006
2 4 2 2  -0.0020509549
2 4 4 2  0.1493699635
2 4 6 2  -0.0000000014
2 5 1 2  0.0000000006
2 5 3 2  -0.0020509549
2 5 5 2  0.1493699635
2 5 7 2  -0.0000000014
2 6 0 2  -0.0647280614
2 6 2 2  -0.0000000002
2 6 4 2  -0.0000000014
2 6 6 2  0.2473458755
2 7 1 2  -0.0647280614
2 7 3 2  -0.0000000002
2 7 5 2  -0.0000000014
2 7 7 2  0.2473458755
2 0 0 4  0.0033291745
2 0 2 4  0.0000000002
2 0 4 4  0.0000000002
2 1 1 4  0.0033291745
2 1 3 4  0.0000000002
2 1 5 4  0.0000000002
2 2 0 4  0.0000000002
2 2 2 4  -0.0020509549
2 2 4 4  0.0008405512
2 2 6 4  -0.0000000002
2 3 1 4  0.0000000002
2 3 3 4  -0.0020509549
2 3 5 4  0.0008405512
2 3 7 4  -0.0000000002
2 4 0 4  0.0000000002
2 4 2 4  0.0008405512
2 4 4 4  -0.0020509549
2 4 6 4  0.0000000001
2 5 1 4  0.0000000002
2 5 3 4  0.0008405512
2 5 5 4  -0.0020509549
2 5 7 4  0.0000000001
2 6 2 4  -0.0000000002
2 6 4 4  0.0000000001
2 6 6 4  0.0001712835
2 7 3 4  -0.0000000002
2 7 5 4  0.0000000001
2 7 7 4  0.0001712835
2 0 0 6  0.0000000012
2 0 2 6  -0.0218291877
2 0 4 6  -0.0047243781
2 0 6 6  0.0000000011
2 1 1 6  0.0000000012
2 1 3 6  -0.0218291877
2 1 5 6  -0.0047243781
2 1 7 6  0.0000000011
2 2 0 6  -0.0218291877
2 2 2 6  -0.0000000002
2 2 4 6  -0.0000000002
2 2 6 6  0.0221800405
2 3 1 6  -0.0218291877
2 3 3 6  -0.0000000002
2 3 5 6  -0.0000000002
2 3 7 6  0.0221800405
2 4 0 6  -0.0047243781
2 4 2 6  -0.0000000002
2 4 4 6  0.0000000014
2 4 6 6  -0.0026544680
2 5 1 6  -0.0047243781
2 5 3 6  -0.0000000002
2 5 5 6  0.0000000014
2 5 7 6  -0.0026544680
2 6 0 6  0.0000000011
2 6 2 6  0.0221800405
2 6 4 6  -0.0026544680
2 6 6 6  0.0000000004
2 7 1 6  0.0000000011
2 7 3 6  0.0221800405
2 7 5 6  -0.0026544680
2 7 7 6  0.0000000004
3 0 0 1  0.0000000001
3 0 2 1  0.0235035198
3 0 4 1  0.0083152327
3 0 6 1  0.0000000010
3 1 1 1  0.0000000001
3 1 3 1  0.0235035198
3 1 5 1  0.0083152327
3 1 7 1  0.0000000010
3 2 0 1  0.0235035198
3 2 2 1  -0.0000000018
3 2 4 1  0.0000000002
3 2 6 1  -0.0218291877
3 3 1 1  0.0235035198
3 3 3 1  -0.0000000018
3 3 5 1  0.0000000002
3 3 7 1  -0.0218291877
3 4 0 1  0.0083152327
3 4 2 1  0.0000000002
3 4 4 1  0.0000000010
3 4 6 1  0.0047243781
3 5 1 1  0.0083152327
3 5 3 1  0.0000000002
3 5 5 1  0.0000000010
3 5 7 1  0.0047243781
3 6 0 1  0.0000000010
3 6 2 1  -0.0218291877
3 6 4 1  0.0047243781
3 6 6 1  0.0000000008
3 7 1 1  0.0000000010
3 7 3 1  -0.0218291877
3 7 5 1  0.0047243781
3 7 7 1  0.0000000008
3 0 0 3  0.2492647161
3 0 2 3  -0.0000000018
3 0 4 3  0.0000000006
3 0 6 3  -0.0647280614
3 1 1 3  0.2492647161
3 1 3 3  -0.0000000018
3 1 5 3  0.0000000006
3 1 7 3  -0.0647280614
3 2 0 3  -0.0000000018
3 2 2 3  0.3391985121
3 2 4 3  -0.0020509549
3 2 6 3  -0.0000000002
3 3 1 3  -0.0000000018
3 3 3 3  0.3391985121
3 3 5 3  -0.0020509549
3 3 7 3  -0.0000000002
3 4 0 3  0.0000000006
3 4 2 3  -0.0020509549
3 4 4 3  0.1493699635
3 4 6 3  -0.0000000014
3 5 1 3  0.0000000006
3 5 3 3  -0.0020509549
3 5 5 3  0.1493699635
3 5 7 3  -0.0000000014
3 6 0 3  -0.0647280614
3 6 2 3  -0.0000000002
3 6 4 3  -0.0000000014
3 6 6 3  0.2473458755
3 7 1 3  -0.0647280614
3 7 3 3  -0.0000000002
3 7 5 3  -0.0000000014
3 7 7 3  0.2473458755
3 0 0 5  0.0033291745
3 0 2 5  0.0000000002
3 0 4 5  0.0000000002
3 1 1 5  0.0033291745
3 1 3 5  0.0000000002
3 1 5 5  0.0000000002
3 2 0 5  0.0000000002
3 2 2 5  -0.0020509549
3 2 4 5  0.0008405512
3 2 6 5  -0.0000000002
3 3 1 5  0.0000000002
3 3 3 5  -0.0020509549
3 3 5 5  0.0008405512
3 3 7 5  -0.0000000002
3 4 0 5  0.0000000002
3 4 2 5  0.0008405512
3 4 4 5  -0.0020509549
3 4 6 5  0.0000000001
3 5 1 5  0.0000000002
3 5 3 5  0.0008405512
3 5 5 5  -0.0020509549
3 5 7 5  0.0000000001
3 6 2 5  -0.0000000002
3 6 4 5  0.0000000001
3 6 6 5  0.0001712835
3 7 3 5  -0.0000000002
3 7 5 5  0.0000000001
3 7 7 5  0.0001712835
3 0 0 7  0.0000000012
3 0 2 7  -0.0218291877
3 0 4 7  -0.0047243781
3 0 6 7  0.0000000011
3 1 1 7  0.0000000012
3 1 3 7  -0.0218291877
3 1 5 7  -0.0047243781
3 1 7 7  0.0000000011
3 2 0 7  -0.0218291877
3 2 2 7  -0.0000000002
3 2 4 7  -0.0000000002
3 2 6 7  0.0221800405
3 3 1 7  -0.0218291877
3 3 3 7  -0.0000000002
3 3 5 7  -0.0000000002
3 3 7 7  0.0221800405
3 4 0 7  -0.0047243781
3 4 2 7  -0.0000000002
3 4 4 7  0.0000000014
3 4 6 7  -0.0026544680
3 5 1 7  -0.0047243781
3 5 3 7  -0.0000000002
3 5 5 7  0.0000000014
3 5 7 7  -0.0026544680
3 6 0 7  0.0000000011
3 6 2 7  0.0221800405
3 6 4 7  -0.0026544680
3 6 6 7  0.0000000004
3 7 1 7  0.0000000011
3 7 3 7  0.0221800405
3 7 5 7  -0.0026544680
3 7 7 7  0.0000000004
4 0 0 0  -0.0000000001
4 0 2 0  0.0083152327
4 0 4 0  0.0235035198
4 0 6 0  -0.0000000007
4 1 1 0  -0.0000000001
4 1 3 0  0.0083152327
4 1 5 0  0.0235035198
4 1 7 0  -0.0000000007
4 2 0 0  0.0083152327
4 2 2 0  0.0000000006
4 2 4 0  0.0000000002
4 2 6 0  -0.0047243781
4 3 1 0  0.0083152327
4 3 3 0  0.0000000006
4 3 5 0  0.0000000002
4 3 7 0  -0.0047243781
4 4 0 0  0.0235035198
4 4 2 0  0.0000000002
4 4 4 0  -0.0000000006
4 4 6 0  0.0218291877
4 5 1 0  0.0235035198
4 5 3 0  0.0000000002
4 5 5 0  -0.0000000006
4 5 7 0  0.0218291877
4 6 0 0  -0.0000000007
4 6 2 0  -0.0047243781
4 6 4 0  0.0218291877
4 6 6 0  0.0000000007
4 7 1 0  -0.0000000007
4 7 3 0  -0.0047243781
4 7 5 0  0.0218291877
4 7 7 0  0.0000000007
4 0 0 2  0.0033291745
4 0 2 2  0.0000000002
4 0 4 2  0.0000000002
4 1 1 2  0.0033291745
4 1 3 2  0.0000000002
4 1 5 2  0.0000000002
4 2 0 2  0.0000000002
4 2 2 2  -0.0020509549
4 2 4 2  0.0008405512
4 2 6 2  -0.0000000002
4 3 1 2  0.0000000002
4 3 3 2  -0.0020509549
4 3 5 2  0.0008405512
4 3 7 2  -0.0000000002
4 4 0 2  0.0000000002
4 4 2 2  0.0008405512
4 4 4 2  -0.0020509549
4 4 6 2  0.0000000001
4 5 1 2  0.0000000002
4 5 3 2  0.0008405512
4 5 5 2  -0.0020509549
4 5 7 2  0.0000000001
4 6 2 2  -0.0000000002
4 6 4 2  0.0000000001
4 6 6 2  0.0001712835
4 7 3 2  -0.0000000002
4 7 5 2  0.0000000001
4 7 7 2  0.0001712835
4 0 0 4  0.2492647161
4 0 2 4  0.0000000010
4 0 4 4  -0.0000000006
4 0 6 4  0.0647280614
4 1 1 4  0.2492647161
4 1 3 4  0.0000000010
4 1 5 4  -0.0000000006
4 1 7 4  0.0647280614
4 2 0 4  0.0000000010
4 2 2 4  0.1493699635
4 2 4 4  -0.0020509549
4 2 6 4  0.0000000014
4 3 1 4  0.0000000010
4 3 3 4  0.1493699635
4 3 5 4  -0.0020509549
4 3 7 4  0.0000000014
4 4 0 4  -0.0000000006
4 4 2 4  -0.0020509549
4 4 4 4  0.3391985121
4 4 6 4  0.0000000016
4 5 1 4  -0.0000000006
4 5 3 4  -0.0020509549
4 5 5 4  0.3391985121
4 5 7 4  0.0000000016
4 6 0 4  0.0647280614
4 6 2 4  0.0000000014
4 6 4 4  0.0000000016
4 6 6 4  0.2473458755
4 7 1 4  0.0647280614
4 7 3 4  0.0000000014
4 7 5 4  0.0000000016
4 7 7 4  0.2473458755
4 0 0 6  -0.0000000007
4 0 2 6  0.0047243781
4 0 4 6  0.0218291877
4 0 6 6  0.0000000012
4 1 1 6  -0.0000000007
4 1 3 6  0.0047243781
4 1 5 6  0.0218291877
4 1 7 6  0.0000000012
4 2 0 6  0.0047243781
4 2 2 6  -0.0000000014
4 2 4 6  0.0000000001
4 2 6 6  -0.0026544680
4 3 1 6  0.0047243781
4 3 3 6  -0.0000000014
4 3 5 6  0.0000000001
4 3 7 6  -0.0026544680
4 4 0 6  0.0218291877
4 4 2 6  0.0000000001
4 4 4 6  0.0000000016
4 4 6 6  0.0221800405
4 5 1 6  0.0218291877
4 5 3 6  0.0000000001
4 5 5 6  0.0000000016
4 5 7 6  0.0221800405
4 6 0 6  0.0000000012
4 6 2 6  -0.0026544680
4 6 4 6  0.0221800405
4 6 6 6  0.0000000001
4 7 1 6  0.0000000012
4 7 3 6  -0.0026544680
4 7 5 6  0.0221800405
4 7 7 6  0.0000000001
5 0 0 1  -0.0000000001
5 0 2 1  0.0083152327
5 0 4 1  0.0235035198
5 0 6 1  -0.0000000007
5 1 1 1  -0.0000000001
5 1 3 1  0.0083152327
5 1 5 1  0.0235035198
5 1 7 1  -0.0000000007
5 2 0 1  0.0083152327
5 2 2 1  0.0000000006
5 2 4 1  0.0000000002
5 2 6 1  -0.0047243781
5 3 1 1  0.0083152327
5 3 3 1  0.0000000006
5 3 5 1  0.0000000002
5 3 7 1  -0.0047243781
5 4 0 1  0.0235035198
5 4 2 1  0.0000000002
5 4 4 1  -0.0000000006
5 4 6 1  0.0218291877
5 5 1 1  0.0235035198
5 5 3 1  0.0000000002
5 5 5 1  -0.0000000006
5 5 7 1  0.0218291877
5 6 0 1  -0.0000000007
5 6 2 1  -0.0047243781
5 6 4 1  0.0218291877
5 6 6 1  0.0000000007
5 7 1 1  -0.0000000007
5 7 3 1  -0.0047243781
5 7 5 1  0.0218291877
5 7 7 1  0.0000000007
5 0 0 3  0.0033291745
5 0 2 3  0.0000000002
5 0 4 3  0.0000000002
5 1 1 3  0.0033291745
5 1 3 3  0.0000000002
5 1 5 3  0.0000000002
5 2 0 3  0.0000000002
5 2 2 3  -0.0020509549
5 2 4 3  0.0008405512
5 2 6 3  -0.0000000002
5 3 1 3  0.0000000002
5 3 3 3  -0.0020509549
5 3 5 3  0.0008405512
5 3 7 3  -0.0000000002
5 4 0 3  0.0000000002
5 4 2 3  0.0008405512
5 4 4 3  -0.0020509549
5 4 6 3  0.0000000001
5 5 1 3  0.0000000002
5 5 3 3  0.0008405512
5 5 5 3  -0.0020509549
5 5 7 3  0.0000000001
5 6 2 3  -0.0000000002
5 6 4 3  0.0000000001
5 6 6 3  0.0001712835
5 7 3 3  -0.0000000002
5 7 5 3  0.0000000001
5 7 7 3  0.0001712835
5 0 0 5  0.2492647161
5 0 2 5  0.0000000010
5 0 4 5  -0.0000000006
5 0 6 5  0.0647280614
5 1 1 5  0.2492647161
5 1 3 5  0.0000000010
5 1 5 5  -0.0000000006
5 1 7 5  0.0647280614
5 2 0 5  0.0000000010
5 2 2 5  0.1493699635
5 2 4 5  -0.0020509549
5 2 6 5  0.0000000014
5 3 1 5  0.0000000010
5 3 3 5  0.1493699635
5 3 5 5  -0.0020509549
5 3 7 5  0.0000000014
5 4 0 5  -0.0000000006
5 4 2 5  -0.0020509549
5 4 4 5  0.3391985121
5 4 6 5  0.0000000016
5 5 1 5  -0.0000000006
5 5 3 5  -0.0020509549
5 5 5 5  0.3391985121
5 5 7 5  0.0000000016
5 6 0 5  0.0647280614
5 6 2 5  0.0000000014
5 6 4 5  0.0000000016
5 6 6 5  0.2473458755
5 7 1 5  0.0647280614
5 7 3 5  0.0000000014
5 7 5 5  0.0000000016
5 7 7 5  0.2473458755
5 0 0 7  -0.0000000007
5 0 2 7  0.0047243781
5 0 4 7  0.0218291877
5 0 6 7  0.0000000012
5 1 1 7  -0.0000000007
5 1 3 7  0.0047243781
5 1 5 7  0.0218291877
5 1 7 7  0.0000000012
5 2 0 7  0.0047243781
5 2 2 7  -0.0000000014
5 2 4 7  0.0000000001
5 2 6 7  -0.0026544680
5 3 1 7  0.0047243781
5 3 3 7  -0.0000000014
5 3 5 7  0.0000000001
5 3 7 7  -0.0026544680
5 4 0 7  0.0218291877
5 4 2 7  0.0000000001
5 4 4 7  0.0000000016
5 4 6 7  0.0221800405
5 5 1 7  0.0218291877
5 5 3 7  0.0000000001
5 5 5 7  0.0000000016
5 5 7 7  0.0221800405
5 6 0 7  0.0000000012
5 6 2 7  -0.0026544680
5 6 4 7  0.0221800405
5 6 6 7  0.0000000001
5 7 1 7  0.0000000012
5 7 3 7  -0.0026544680
5 7 5 7  0.0221800405
5 7 7 7  0.0000000001
6 0 2 0  0.0000000010
6 0 4 0  -0.0000000007
6 0 6 0  0.0728384854
6 1 3 0  0.0000000010
6 1 5 0  -0.0000000007
6 1 7 0  0.0728384854
6 2 0 0  0.0000000010
6 2 2 0  -0.0647280614
6 2 6 0  0.0000000011
6 3 1 0  0.0000000010
6 3 3 0  -0.0647280614
6 3 7 0  0.0000000011
6 4 0 0  -0.0000000007
6 4 4 0  0.0647280614
6 4 6 0  0.0000000012
6 5 1 0  -0.0000000007
6 5 5 0  0.0647280614
6 5 7 0  0.0000000012
6 6 0 0  0.0728384854
6 6 2 0  0.0000000011
6 6 4 0  0.0000000012
6 7 1 0  0.0728384854
6 7 3 0  0.0000000011
6 7 5 0  0.0000000012
6 0 0 2  0.0000000012
6 0 2 2  -0.0218291877
6 0 4 2  -0.0047243781
6 0 6 2  0.0000000011
6 1 1 2  0.0000000012
6 1 3 2  -0.0218291877
6 1 5 2  -0.0047243781
6 1 7 2  0.0000000011
6 2 0 2  -0.0218291877
6 2 2 2  -0.0000000002
6 2 4 2  -0.0000000002
6 2 6 2  0.0221800405
6 3 1 2  -0.0218291877
6 3 3 2  -0.0000000002
6 3 5 2  -0.0000000002
6 3 7 2  0.0221800405
6 4 0 2  -0.0047243781
6 4 2 2  -0.0000000002
6 4 4 2  0.0000000014
6 4 6 2  -0.0026544680
6 5 1 2  -0.0047243781
6 5 3 2  -0.0000000002
6 5 5 2  0.0000000014
6 5 7 2  -0.0026544680
6 6 0 2  0.0000000011
6 6 2 2  0.0221800405
6 6 4 2  -0.0026544680
6 6 6 2  0.0000000004
6 7 1 2  0.0000000011
6 7 3 2  0.0221800405
6 7 5 2  -0.0026544680
6 7 7 2  0.0000000004
6 0 0 4  -0.0000000007
6 0 2 4  0.0047243781
6 0 4 4  0.0218291877
6 0 6 4  0.0000000012
6 1 1 4  -0.0000000007
6 1 3 4  0.0047243781
6 1 5 4  0.0218291877
6 1 7 4  0.0000000012
6 2 0 4  0.0047243781
6 2 2 4  -0.0000000014
6 2 4 4  0.0000000001
6 2 6 4  -0.0026544680
6 3 1 4  0.0047243781
6 3 3 4  -0.0000000014
6 3 5 4  0.0000000001
6 3 7 4  -0.0026544680
6 4 0 4  0.0218291877
6 4 2 4  0.0000000001
6 4 4 4  0.0000000016
6 4 6 4  0.0221800405
6 5 1 4  0.0218291877
6 5 3 4  0.0000000001
6 5 5 4  0.0000000016
6 5 7 4  0.0221800405
6 6 0 4  0.0000000012
6 6 2 4  -0.0026544680
6 6 4 4  0.0221800405
6 6 6 4  0.0000000001
6 7 1 4  0.0000000012
6 7 3 4  -0.0026544680
6 7 5 4  0.0221800405
6 7 7 4  0.0000000001
6 0 0 6  0.3043952475
6 0 2 6  0.0000000008
6 0 4 6  0.0000000007
6 1 1 6  0.3043952475
6 1 3 6  0.0000000008
6 1 5 6  0.0000000007
6 2 0 6  0.0000000008
6 2 2 6  0.2473458755
6 2 4 6  0.0001712835
6 2 6 6  0.0000000004
6 3 1 6  0.0000000008
6 3 3 6  0.2473458755
6 3 5 6  0.0001712835
6 3 7 6  0.0000000004
6 4 0 6  0.0000000007
6 4 2 6  0.0001712835
6 4 4 6  0.2473458755
6 4 6 6  0.0000000001
6 5 1 6  0.0000000007
6 5 3 6  0.0001712835
6 5 5 6  0.2473458755
6 5 7 6  0.0000000001
6 6 2 6  0.0000000004
6 6 4 6  0.0000000001
6 6 6 6  0.2960631752
6 7 3 6  0.0000000004
6 7 5 6  0.0000000001
6 7 7 6  0.2960631752
7 0 2 1  0.0000000010
7 0 4 1  -0.0000000007
7 0 6 1  0.0728384854
7 1 3 1  0.0000000010
7 1 5 1  -0.0000000007
7 1 7 1  0.0728384854
7 2 0 1  0.0000000010
7 2 2 1  -0.0647280614
7 2 6 1  0.0000000011
7 3 1 1  0.0000000010
7 3 3 1  -0.0647280614
7 3 7 1  0.0000000011
7 4 0 1  -0.0000000007
7 4 4 1  0.0647280614
7 4 6 1  0.0000000012
7 5 1 1  -0.0000000007
7 5 5 1  0.0647280614
7 5 7 1  0.0000000012
7 6 0 1  0.0728384854
7 6 2 1  0.0000000011
7 6 4 1  0.0000000012
7 7 1 1  0.0728384854
7 7 3 1  0.0000000011
7 7 5 1  0.0000000012
7 0 0 3  0.0000000012
7 0 2 3  -0.0218291877
7 0 4 3  -0.0047243781
7 0 6 3  0.0000000011
7 1 1 3  0.0000000012
7 1 3 3  -0.0218291877
7 1 5 3  -0.0047243781
7 1 7 3  0.0000000011
7 2 0 3  -0.0218291877
7 2 2 3  -0.0000000002
7 2 4 3  -0.0000000002
7 2 6 3  0.0221800405
7 3 1 3  -0.0218291877
7 3 3 3  -0.0000000002
7 3 5 3  -0.0000000002
7 3 7 3  0.0221800405
7 4 0 3  -0.0047243781
7 4 2 3  -0.0000000002
7 4 4 3  0.0000000014
7 4 6 3  -0.0026544680
7 5 1 3  -0.0047243781
7 5 3 3  -0.0000000002
7 5 5 3  0.0000000014
7 5 7 3  -0.0026544680
7 6 0 3  0.0000000011
7 6 2 3  0.0221800405
7 6 4 3  -0.0026544680
7 6 6 3  0.0000000004
7 7 1 3  0.0000000011
7 7 3 3  0.0221800405
7 7 5 3  -0.0026544680
7 7 7 3  0.0000000004
7 0 0 5  -0.0000000007
7 0 2 5  0.0047243781
7 0 4 5  0.0218291877
7 0 6 5  0.0000000012
7 1 1 5  -0.0000000007
7 1 3 5  0.0047243781
7 1 5 5  0.0218291877
7 1 7 5  0.0000000012
7 2 0 5  0.0047243781
7 2 2 5  -0.0000000014
7 2 4 5  0.0000000001
7 2 6 5  -0.0026544680
7 3 1 5  0.0047243781
7 3 3 5  -0.0000000014
7 3 5 5  0.0000000001
7 3 7 5  -0.0026544680
7 4 0 5  0.0218291877
7 4 2 5  0.0000000001
7 4 4 5  0.0000000016
7 4 6 5  0.0221800405
7 5 1 5  0.0218291877
7 5 3 5  0.0000000001
7 5 5 5  0.0000000016
7 5 7 5  0.0221800405
7 6 0 5  0.0000000012
7 6 2 5  -0.0026544680
7 6 4 5  0.0221800405
7 6 6 5  0.0000000001
7 7 1 5  0.0000000012
7 7 3 5  -0.0026544680
7 7 5 5  0.0221800405
7 7 7 5  0.0000000001
7 0 0 7  0.3043952475
7 0 2 7  0.0000000008
7 0 4 7  0.0000000007
7 1 1 7  0.3043952475
7 1 3 7  0.0000000008
7 1 5 7  0.0000000007
7 2 0 7  0.0000000008
7 2 2 7  0.2473458755
7 2 4 7  0.0001712835
7 2 6 7  0.0000000004
7 3 1 7  0.0000000008
7 3 3 7  0.2473458755
7 3 5 7  0.0001712835
7 3 7 7  0.0000000004
7 4 0 7  0.0000000007
7 4 2 7  0.0001712835
7 4 4 7  0.2473458755
7 4 6 7  0.0000000001
7 5 1 7  0.0000000007
7 5 3 7  0.0001712835
7 5 5 7  0.2473458755
7 5 7 7  0.0000000001
7 6 2 7  0.0000000004
7 6 4 7  0.0000000001
7 6 6 7  0.2960631752
7 7 3 7  0.0000000004
7 7 5 7  0.0000000001
7 7 7 7  0.2960631752

 E(Ref) = -77.7396812982 Hartree, <S**2> = 1.0000
 E(FCI) = -77.8508808861 Hartree, <S**2> = -0.0000
