 MO Integrals with frozen core/virtual approximation

-73.80586702617069
0 0  -1.6853732477
0 2  -0.0000000006
0 4  0.0000000085
0 6  0.0000000001
1 1  -1.6853732477
1 3  -0.0000000006
1 5  0.0000000085
1 7  0.0000000001
2 0  -0.0000000006
2 2  -1.3799094400
2 4  -0.0199308601
2 6  0.0000000013
3 1  -0.0000000006
3 3  -1.3799094400
3 5  -0.0199308601
3 7  0.0000000013
4 0  0.0000000085
4 2  -0.0199308601
4 4  -1.3799094397
4 6  -0.0000000007
5 1  0.0000000085
5 3  -0.0199308601
5 5  -1.3799094397
5 7  -0.0000000007
6 0  0.0000000001
6 2  0.0000000013
6 4  -0.0000000007
6 6  -1.4623855490
7 1  0.0000000001
7 3  0.0000000013
7 5  -0.0000000007
7 7  -1.4623855490
0 0 0 0  0.2600078231
0 0 2 0  0.0000000002
0 0 4 0  -0.0000000008
0 1 1 0  0.2600078231
0 1 3 0  0.0000000002
0 1 5 0  -0.0000000008
0 2 0 0  0.0000000002
0 2 2 0  0.2112011852
0 2 4 0  0.0002806772
0 2 6 0  -0.0000000009
0 3 1 0  0.0000000002
0 3 3 0  0.2112011852
0 3 5 0  0.0002806772
0 3 7 0  -0.0000000009
0 4 0 0  -0.0000000008
0 4 2 0  0.0002806772
0 4 4 0  0.2112011852
0 4 6 0  0.0000000011
0 5 1 0  -0.0000000008
0 5 3 0  0.0002806772
0 5 5 0  0.2112011852
0 5 7 0  0.0000000011
0 6 2 0  -0.0000000009
0 6 4 0  0.0000000011
0 6 6 0  0.2587592946
0 7 3 0  -0.0000000009
0 7 5 0  0.0000000011
0 7 7 0  0.2587592946
0 0 0 2  0.0000000002
0 0 2 2  0.0139716014
0 0 4 2  0.0020071402
0 0 6 2  -0.0000000016
0 1 1 2  0.0000000002
0 1 3 2  0.0139716014
0 1 5 2  0.0020071402
0 1 7 2  -0.0000000016
0 2 0 2  0.0139716014
0 2 2 2  0.0000000021
0 2 4 2  -0.0000000005
0 2 6 2  -0.0150485781
0 3 1 2  0.0139716014
0 3 3 2  0.0000000021
0 3 5 2  -0.0000000005
0 3 7 2  -0.0150485781
0 4 0 2  0.0020071402
0 4 2 2  -0.0000000005
0 4 4 2  -0.0000000016
0 4 6 2  0.0014430967
0 5 1 2  0.0020071402
0 5 3 2  -0.0000000005
0 5 5 2  -0.0000000016
0 5 7 2  0.0014430967
0 6 0 2  -0.0000000016
0 6 2 2  -0.0150485781
0 6 4 2  0.0014430967
0 6 6 2  -0.0000000005
0 7 1 2  -0.0000000016
0 7 3 2  -0.0150485781
0 7 5 2  0.0014430967
0 7 7 2  -0.0000000005
0 0 0 4  -0.0000000008
0 0 2 4  0.0020071402
0 0 4 4  0.0139716014
0 0 6 4  0.0000000028
0 1 1 4  -0.0000000008
0 1 3 4  0.0020071402
0 1 5 4  0.0139716014
0 1 7 4  0.0000000028
0 2 0 4  0.0020071402
0 2 2 4  -0.0000000030
0 2 4 4  -0.0000000004
0 2 6 4  -0.0014430967
0 3 1 4  0.0020071402
0 3 3 4  -0.0000000030
0 3 5 4  -0.0000000004
0 3 7 4  -0.0014430967
0 4 0 4  0.0139716014
0 4 2 4  -0.0000000004
0 4 4 4  0.0000000027
0 4 6 4  0.0150485781
0 5 1 4  0.0139716014
0 5 3 4  -0.0000000004
0 5 5 4  0.0000000027
0 5 7 4  0.0150485781
0 6 0 4  0.0000000028
0 6 2 4  -0.0014430967
0 6 4 4  0.0150485781
0 6 6 4  -0.0000000015
0 7 1 4  0.0000000028
0 7 3 4  -0.0014430967
0 7 5 4  0.0150485781
0 7 7 4  -0.0000000015
0 0 2 6  -0.0000000016
0 0 4 6  0.0000000028
0 0 6 6  0.0998760774
0 1 3 6  -0.0000000016
0 1 5 6  0.0000000028
0 1 7 6  0.0998760774
0 2 0 6  -0.0000000016
0 2 2 6  -0.0853790961
0 2 6 6  -0.0000000018
0 3 1 6  -0.0000000016
0 3 3 6  -0.0853790961
0 3 7 6  -0.0000000018
0 4 0 6  0.0000000028
0 4 4 6  0.0853790961
0 4 6 6  -0.0000000028
0 5 1 6  0.0000000028
0 5 5 6  0.0853790961
0 5 7 6  -0.0000000028
0 6 0 6  0.0998760774
0 6 2 6  -0.0000000018
0 6 4 6  -0.0000000028
0 7 1 6  0.0998760774
0 7 3 6  -0.0000000018
0 7 5 6  -0.0000000028
1 0 0 1  0.2600078231
1 0 2 1  0.0000000002
1 0 4 1  -0.0000000008
1 1 1 1  0.2600078231
1 1 3 1  0.0000000002
1 1 5 1  -0.0000000008
1 2 0 1  0.0000000002
1 2 2 1  0.2112011852
1 2 4 1  0.0002806772
1 2 6 1  -0.0000000009
1 3 1 1  0.0000000002
1 3 3 1  0.2112011852
1 3 5 1  0.0002806772
1 3 7 1  -0.0000000009
1 4 0 1  -0.0000000008
1 4 2 1  0.0002806772
1 4 4 1  0.2112011852
1 4 6 1  0.0000000011
1 5 1 1  -0.0000000008
1 5 3 1  0.0002806772
1 5 5 1  0.2112011852
1 5 7 1  0.0000000011
1 6 2 1  -0.0000000009
1 6 4 1  0.0000000011
1 6 6 1  0.2587592946
1 7 3 1  -0.0000000009
1 7 5 1  0.0000000011
1 7 7 1  0.2587592946
1 0 0 3  0.0000000002
1 0 2 3  0.0139716014
1 0 4 3  0.0020071402
1 0 6 3  -0.0000000016
1 1 1 3  0.0000000002
1 1 3 3  0.0139716014
1 1 5 3  0.0020071402
1 1 7 3  -0.0000000016
1 2 0 3  0.0139716014
1 2 2 3  0.0000000021
1 2 4 3  -0.0000000005
1 2 6 3  -0.0150485781
1 3 1 3  0.0139716014
1 3 3 3  0.0000000021
1 3 5 3  -0.0000000005
1 3 7 3  -0.0150485781
1 4 0 3  0.0020071402
1 4 2 3  -0.0000000005
1 4 4 3  -0.0000000016
1 4 6 3  0.0014430967
1 5 1 3  0.0020071402
1 5 3 3  -0.0000000005
1 5 5 3  -0.0000000016
1 5 7 3  0.0014430967
1 6 0 3  -0.0000000016
1 6 2 3  -0.0150485781
1 6 4 3  0.0014430967
1 6 6 3  -0.0000000005
1 7 1 3  -0.0000000016
1 7 3 3  -0.0150485781
1 7 5 3  0.0014430967
1 7 7 3  -0.0000000005
1 0 0 5  -0.0000000008
1 0 2 5  0.0020071402
1 0 4 5  0.0139716014
1 0 6 5  0.0000000028
1 1 1 5  -0.0000000008
1 1 3 5  0.0020071402
1 1 5 5  0.0139716014
1 1 7 5  0.0000000028
1 2 0 5  0.0020071402
1 2 2 5  -0.0000000030
1 2 4 5  -0.0000000004
1 2 6 5  -0.0014430967
1 3 1 5  0.0020071402
1 3 3 5  -0.0000000030
1 3 5 5  -0.0000000004
1 3 7 5  -0.0014430967
1 4 0 5  0.0139716014
1 4 2 5  -0.0000000004
1 4 4 5  0.0000000027
1 4 6 5  0.0150485781
1 5 1 5  0.0139716014
1 5 3 5  -0.0000000004
1 5 5 5  0.0000000027
1 5 7 5  0.0150485781
1 6 0 5  0.0000000028
1 6 2 5  -0.0014430967
1 6 4 5  0.0150485781
1 6 6 5  -0.0000000015
1 7 1 5  0.0000000028
1 7 3 5  -0.0014430967
1 7 5 5  0.0150485781
1 7 7 5  -0.0000000015
1 0 2 7  -0.0000000016
1 0 4 7  0.0000000028
1 0 6 7  0.0998760774
1 1 3 7  -0.0000000016
1 1 5 7  0.0000000028
1 1 7 7  0.0998760774
1 2 0 7  -0.0000000016
1 2 2 7  -0.0853790961
1 2 6 7  -0.0000000018
1 3 1 7  -0.0000000016
1 3 3 7  -0.0853790961
1 3 7 7  -0.0000000018
1 4 0 7  0.0000000028
1 4 4 7  0.0853790961
1 4 6 7  -0.0000000028
1 5 1 7  0.0000000028
1 5 5 7  0.0853790961
1 5 7 7  -0.0000000028
1 6 0 7  0.0998760774
1 6 2 7  -0.0000000018
1 6 4 7  -0.0000000028
1 7 1 7  0.0998760774
1 7 3 7  -0.0000000018
1 7 5 7  -0.0000000028
2 0 0 0  0.0000000002
2 0 2 0  0.0139716014
2 0 4 0  0.0020071402
2 0 6 0  -0.0000000016
2 1 1 0  0.0000000002
2 1 3 0  0.0139716014
2 1 5 0  0.0020071402
2 1 7 0  -0.0000000016
2 2 0 0  0.0139716014
2 2 2 0  0.0000000021
2 2 4 0  -0.0000000005
2 2 6 0  -0.0150485781
2 3 1 0  0.0139716014
2 3 3 0  0.0000000021
2 3 5 0  -0.0000000005
2 3 7 0  -0.0150485781
2 4 0 0  0.0020071402
2 4 2 0  -0.0000000005
2 4 4 0  -0.0000000016
2 4 6 0  0.0014430967
2 5 1 0  0.0020071402
2 5 3 0  -0.0000000005
2 5 5 0  -0.0000000016
2 5 7 0  0.0014430967
2 6 0 0  -0.0000000016
2 6 2 0  -0.0150485781
2 6 4 0  0.0014430967
2 6 6 0  -0.0000000005
2 7 1 0  -0.0000000016
2 7 3 0  -0.0150485781
2 7 5 0  0.0014430967
2 7 7 0  -0.0000000005
2 0 0 2  0.2112011852
2 0 2 2  0.0000000021
2 0 4 2  -0.0000000030
2 0 6 2  -0.0853790961
2 1 1 2  0.2112011852
2 1 3 2  0.0000000021
2 1 5 2  -0.0000000030
2 1 7 2  -0.0853790961
2 2 0 2  0.0000000021
2 2 2 2  0.3368086677
2 2 4 2  -0.0011139831
2 2 6 2  0.0000000017
2 3 1 2  0.0000000021
2 3 3 2  0.3368086677
2 3 5 2  -0.0011139831
2 3 7 2  0.0000000017
2 4 0 2  -0.0000000030
2 4 2 2  -0.0011139831
2 4 4 2  0.1095384244
2 4 6 2  0.0000000029
2 5 1 2  -0.0000000030
2 5 3 2  -0.0011139831
2 5 5 2  0.1095384244
2 5 7 2  0.0000000029
2 6 0 2  -0.0853790961
2 6 2 2  0.0000000017
2 6 4 2  0.0000000029
2 6 6 2  0.2183771718
2 7 1 2  -0.0853790961
2 7 3 2  0.0000000017
2 7 5 2  0.0000000029
2 7 7 2  0.2183771718
2 0 0 4  0.0002806772
2 0 2 4  -0.0000000005
2 0 4 4  -0.0000000004
2 1 1 4  0.0002806772
2 1 3 4  -0.0000000005
2 1 5 4  -0.0000000004
2 2 0 4  -0.0000000005
2 2 2 4  -0.0011139831
2 2 4 4  0.0000746882
2 2 6 4  0.0000000005
2 3 1 4  -0.0000000005
2 3 3 4  -0.0011139831
2 3 5 4  0.0000746882
2 3 7 4  0.0000000005
2 4 0 4  -0.0000000004
2 4 2 4  0.0000746882
2 4 4 4  -0.0011139831
2 4 6 4  -0.0000000004
2 5 1 4  -0.0000000004
2 5 3 4  0.0000746882
2 5 5 4  -0.0011139831
2 5 7 4  -0.0000000004
2 6 2 4  0.0000000005
2 6 4 4  -0.0000000004
2 6 6 4  -0.0002203155
2 7 3 4  0.0000000005
2 7 5 4  -0.0000000004
2 7 7 4  -0.0002203155
2 0 0 6  -0.0000000009
2 0 2 6  -0.0150485781
2 0 4 6  -0.0014430967
2 0 6 6  -0.0000000018
2 1 1 6  -0.0000000009
2 1 3 6  -0.0150485781
2 1 5 6  -0.0014430967
2 1 7 6  -0.0000000018
2 2 0 6  -0.0150485781
2 2 2 6  0.0000000017
2 2 4 6  0.0000000005
2 2 6 6  0.0165342075
2 3 1 6  -0.0150485781
2 3 3 6  0.0000000017
2 3 5 6  0.0000000005
2 3 7 6  0.0165342075
2 4 0 6  -0.0014430967
2 4 2 6  0.0000000005
2 4 4 6  -0.0000000019
2 4 6 6  -0.0010233303
2 5 1 6  -0.0014430967
2 5 3 6  0.0000000005
2 5 5 6  -0.0000000019
2 5 7 6  -0.0010233303
2 6 0 6  -0.0000000018
2 6 2 6  0.0165342075
2 6 4 6  -0.0010233303
2 6 6 6  -0.0000000001
2 7 1 6  -0.0000000018
2 7 3 6  0.0165342075
2 7 5 6  -0.0010233303
2 7 7 6  -0.0000000001
3 0 0 1  0.0000000002
3 0 2 1  0.0139716014
3 0 4 1  0.0020071402
3 0 6 1  -0.0000000016
3 1 1 1  0.0000000002
3 1 3 1  0.0139716014
3 1 5 1  0.0020071402
3 1 7 1  -0.0000000016
3 2 0 1  0.0139716014
3 2 2 1  0.0000000021
3 2 4 1  -0.0000000005
3 2 6 1  -0.0150485781
3 3 1 1  0.0139716014
3 3 3 1  0.0000000021
3 3 5 1  -0.0000000005
3 3 7 1  -0.0150485781
3 4 0 1  0.0020071402
3 4 2 1  -0.0000000005
3 4 4 1  -0.0000000016
3 4 6 1  0.0014430967
3 5 1 1  0.0020071402
3 5 3 1  -0.0000000005
3 5 5 1  -0.0000000016
3 5 7 1  0.0014430967
3 6 0 1  -0.0000000016
3 6 2 1  -0.0150485781
3 6 4 1  0.0014430967
3 6 6 1  -0.0000000005
3 7 1 1  -0.0000000016
3 7 3 1  -0.0150485781
3 7 5 1  0.0014430967
3 7 7 1  -0.0000000005
3 0 0 3  0.2112011852
3 0 2 3  0.0000000021
3 0 4 3  -0.0000000030
3 0 6 3  -0.0853790961
3 1 1 3  0.2112011852
3 1 3 3  0.0000000021
3 1 5 3  -0.0000000030
3 1 7 3  -0.0853790961
3 2 0 3  0.0000000021
3 2 2 3  0.3368086677
3 2 4 3  -0.0011139831
3 2 6 3  0.0000000017
3 3 1 3  0.0000000021
3 3 3 3  0.3368086677
3 3 5 3  -0.0011139831
3 3 7 3  0.0000000017
3 4 0 3  -0.0000000030
3 4 2 3  -0.0011139831
3 4 4 3  0.1095384244
3 4 6 3  0.0000000029
3 5 1 3  -0.0000000030
3 5 3 3  -0.0011139831
3 5 5 3  0.1095384244
3 5 7 3  0.0000000029
3 6 0 3  -0.0853790961
3 6 2 3  0.0000000017
3 6 4 3  0.0000000029
3 6 6 3  0.2183771718
3 7 1 3  -0.0853790961
3 7 3 3  0.0000000017
3 7 5 3  0.0000000029
3 7 7 3  0.2183771718
3 0 0 5  0.0002806772
3 0 2 5  -0.0000000005
3 0 4 5  -0.0000000004
3 1 1 5  0.0002806772
3 1 3 5  -0.0000000005
3 1 5 5  -0.0000000004
3 2 0 5  -0.0000000005
3 2 2 5  -0.0011139831
3 2 4 5  0.0000746882
3 2 6 5  0.0000000005
3 3 1 5  -0.0000000005
3 3 3 5  -0.0011139831
3 3 5 5  0.0000746882
3 3 7 5  0.0000000005
3 4 0 5  -0.0000000004
3 4 2 5  0.0000746882
3 4 4 5  -0.0011139831
3 4 6 5  -0.0000000004
3 5 1 5  -0.0000000004
3 5 3 5  0.0000746882
3 5 5 5  -0.0011139831
3 5 7 5  -0.0000000004
3 6 2 5  0.0000000005
3 6 4 5  -0.0000000004
3 6 6 5  -0.0002203155
3 7 3 5  0.0000000005
3 7 5 5  -0.0000000004
3 7 7 5  -0.0002203155
3 0 0 7  -0.0000000009
3 0 2 7  -0.0150485781
3 0 4 7  -0.0014430967
3 0 6 7  -0.0000000018
3 1 1 7  -0.0000000009
3 1 3 7  -0.0150485781
3 1 5 7  -0.0014430967
3 1 7 7  -0.0000000018
3 2 0 7  -0.0150485781
3 2 2 7  0.0000000017
3 2 4 7  0.0000000005
3 2 6 7  0.0165342075
3 3 1 7  -0.0150485781
3 3 3 7  0.0000000017
3 3 5 7  0.0000000005
3 3 7 7  0.0165342075
3 4 0 7  -0.0014430967
3 4 2 7  0.0000000005
3 4 4 7  -0.0000000019
3 4 6 7  -0.0010233303
3 5 1 7  -0.0014430967
3 5 3 7  0.0000000005
3 5 5 7  -0.0000000019
3 5 7 7  -0.0010233303
3 6 0 7  -0.0000000018
3 6 2 7  0.0165342075
3 6 4 7  -0.0010233303
3 6 6 7  -0.0000000001
3 7 1 7  -0.0000000018
3 7 3 7  0.0165342075
3 7 5 7  -0.0010233303
3 7 7 7  -0.0000000001
4 0 0 0  -0.0000000008
4 0 2 0  0.0020071402
4 0 4 0  0.0139716014
4 0 6 0  0.0000000028
4 1 1 0  -0.0000000008
4 1 3 0  0.0020071402
4 1 5 0  0.0139716014
4 1 7 0  0.0000000028
4 2 0 0  0.0020071402
4 2 2 0  -0.0000000030
4 2 4 0  -0.0000000004
4 2 6 0  -0.0014430967
4 3 1 0  0.0020071402
4 3 3 0  -0.0000000030
4 3 5 0  -0.0000000004
4 3 7 0  -0.0014430967
4 4 0 0  0.0139716014
4 4 2 0  -0.0000000004
4 4 4 0  0.0000000027
4 4 6 0  0.0150485781
4 5 1 0  0.0139716014
4 5 3 0  -0.0000000004
4 5 5 0  0.0000000027
4 5 7 0  0.0150485781
4 6 0 0  0.0000000028
4 6 2 0  -0.0014430967
4 6 4 0  0.0150485781
4 6 6 0  -0.0000000015
4 7 1 0  0.0000000028
4 7 3 0  -0.0014430967
4 7 5 0  0.0150485781
4 7 7 0  -0.0000000015
4 0 0 2  0.0002806772
4 0 2 2  -0.0000000005
4 0 4 2  -0.0000000004
4 1 1 2  0.0002806772
4 1 3 2  -0.0000000005
4 1 5 2  -0.0000000004
4 2 0 2  -0.0000000005
4 2 2 2  -0.0011139831
4 2 4 2  0.0000746882
4 2 6 2  0.0000000005
4 3 1 2  -0.0000000005
4 3 3 2  -0.0011139831
4 3 5 2  0.0000746882
4 3 7 2  0.0000000005
4 4 0 2  -0.0000000004
4 4 2 2  0.0000746882
4 4 4 2  -0.0011139831
4 4 6 2  -0.0000000004
4 5 1 2  -0.0000000004
4 5 3 2  0.0000746882
4 5 5 2  -0.0011139831
4 5 7 2  -0.0000000004
4 6 2 2  0.0000000005
4 6 4 2  -0.0000000004
4 6 6 2  -0.0002203155
4 7 3 2  0.0000000005
4 7 5 2  -0.0000000004
4 7 7 2  -0.0002203155
4 0 0 4  0.2112011852
4 0 2 4  -0.0000000016
4 0 4 4  0.0000000027
4 0 6 4  0.0853790961
4 1 1 4  0.2112011852
4 1 3 4  -0.0000000016
4 1 5 4  0.0000000027
4 1 7 4  0.0853790961
4 2 0 4  -0.0000000016
4 2 2 4  0.1095384244
4 2 4 4  -0.0011139831
4 2 6 4  -0.0000000019
4 3 1 4  -0.0000000016
4 3 3 4  0.1095384244
4 3 5 4  -0.0011139831
4 3 7 4  -0.0000000019
4 4 0 4  0.0000000027
4 4 2 4  -0.0011139831
4 4 4 4  0.3368086677
4 4 6 4  -0.0000000033
4 5 1 4  0.0000000027
4 5 3 4  -0.0011139831
4 5 5 4  0.3368086677
4 5 7 4  -0.0000000033
4 6 0 4  0.0853790961
4 6 2 4  -0.0000000019
4 6 4 4  -0.0000000033
4 6 6 4  0.2183771718
4 7 1 4  0.0853790961
4 7 3 4  -0.0000000019
4 7 5 4  -0.0000000033
4 7 7 4  0.2183771718
4 0 0 6  0.0000000011
4 0 2 6  0.0014430967
4 0 4 6  0.0150485781
4 0 6 6  -0.0000000028
4 1 1 6  0.0000000011
4 1 3 6  0.0014430967
4 1 5 6  0.0150485781
4 1 7 6  -0.0000000028
4 2 0 6  0.0014430967
4 2 2 6  0.0000000029
4 2 4 6  -0.0000000004
4 2 6 6  -0.0010233303
4 3 1 6  0.0014430967
4 3 3 6  0.0000000029
4 3 5 6  -0.0000000004
4 3 7 6  -0.0010233303
4 4 0 6  0.0150485781
4 4 2 6  -0.0000000004
4 4 4 6  -0.0000000033
4 4 6 6  0.0165342075
4 5 1 6  0.0150485781
4 5 3 6  -0.0000000004
4 5 5 6  -0.0000000033
4 5 7 6  0.0165342075
4 6 0 6  -0.0000000028
4 6 2 6  -0.0010233303
4 6 4 6  0.0165342075
4 6 6 6  0.0000000001
4 7 1 6  -0.0000000028
4 7 3 6  -0.0010233303
4 7 5 6  0.0165342075
4 7 7 6  0.0000000001
5 0 0 1  -0.0000000008
5 0 2 1  0.0020071402
5 0 4 1  0.0139716014
5 0 6 1  0.0000000028
5 1 1 1  -0.0000000008
5 1 3 1  0.0020071402
5 1 5 1  0.0139716014
5 1 7 1  0.0000000028
5 2 0 1  0.0020071402
5 2 2 1  -0.0000000030
5 2 4 1  -0.0000000004
5 2 6 1  -0.0014430967
5 3 1 1  0.0020071402
5 3 3 1  -0.0000000030
5 3 5 1  -0.0000000004
5 3 7 1  -0.0014430967
5 4 0 1  0.0139716014
5 4 2 1  -0.0000000004
5 4 4 1  0.0000000027
5 4 6 1  0.0150485781
5 5 1 1  0.0139716014
5 5 3 1  -0.0000000004
5 5 5 1  0.0000000027
5 5 7 1  0.0150485781
5 6 0 1  0.0000000028
5 6 2 1  -0.0014430967
5 6 4 1  0.0150485781
5 6 6 1  -0.0000000015
5 7 1 1  0.0000000028
5 7 3 1  -0.0014430967
5 7 5 1  0.0150485781
5 7 7 1  -0.0000000015
5 0 0 3  0.0002806772
5 0 2 3  -0.0000000005
5 0 4 3  -0.0000000004
5 1 1 3  0.0002806772
5 1 3 3  -0.0000000005
5 1 5 3  -0.0000000004
5 2 0 3  -0.0000000005
5 2 2 3  -0.0011139831
5 2 4 3  0.0000746882
5 2 6 3  0.0000000005
5 3 1 3  -0.0000000005
5 3 3 3  -0.0011139831
5 3 5 3  0.0000746882
5 3 7 3  0.0000000005
5 4 0 3  -0.0000000004
5 4 2 3  0.0000746882
5 4 4 3  -0.0011139831
5 4 6 3  -0.0000000004
5 5 1 3  -0.0000000004
5 5 3 3  0.0000746882
5 5 5 3  -0.0011139831
5 5 7 3  -0.0000000004
5 6 2 3  0.0000000005
5 6 4 3  -0.0000000004
5 6 6 3  -0.0002203155
5 7 3 3  0.0000000005
5 7 5 3  -0.0000000004
5 7 7 3  -0.0002203155
5 0 0 5  0.2112011852
5 0 2 5  -0.0000000016
5 0 4 5  0.0000000027
5 0 6 5  0.0853790961
5 1 1 5  0.2112011852
5 1 3 5  -0.0000000016
5 1 5 5  0.0000000027
5 1 7 5  0.0853790961
5 2 0 5  -0.0000000016
5 2 2 5  0.1095384244
5 2 4 5  -0.0011139831
5 2 6 5  -0.0000000019
5 3 1 5  -0.0000000016
5 3 3 5  0.1095384244
5 3 5 5  -0.0011139831
5 3 7 5  -0.0000000019
5 4 0 5  0.0000000027
5 4 2 5  -0.0011139831
5 4 4 5  0.3368086677
5 4 6 5  -0.0000000033
5 5 1 5  0.0000000027
5 5 3 5  -0.0011139831
5 5 5 5  0.3368086677
5 5 7 5  -0.0000000033
5 6 0 5  0.0853790961
5 6 2 5  -0.0000000019
5 6 4 5  -0.0000000033
5 6 6 5  0.2183771718
5 7 1 5  0.0853790961
5 7 3 5  -0.0000000019
5 7 5 5  -0.0000000033
5 7 7 5  0.2183771718
5 0 0 7  0.0000000011
5 0 2 7  0.0014430967
5 0 4 7  0.0150485781
5 0 6 7  -0.0000000028
5 1 1 7  0.0000000011
5 1 3 7  0.0014430967
5 1 5 7  0.0150485781
5 1 7 7  -0.0000000028
5 2 0 7  0.0014430967
5 2 2 7  0.0000000029
5 2 4 7  -0.0000000004
5 2 6 7  -0.0010233303
5 3 1 7  0.0014430967
5 3 3 7  0.0000000029
5 3 5 7  -0.0000000004
5 3 7 7  -0.0010233303
5 4 0 7  0.0150485781
5 4 2 7  -0.0000000004
5 4 4 7  -0.0000000033
5 4 6 7  0.0165342075
5 5 1 7  0.0150485781
5 5 3 7  -0.0000000004
5 5 5 7  -0.0000000033
5 5 7 7  0.0165342075
5 6 0 7  -0.0000000028
5 6 2 7  -0.0010233303
5 6 4 7  0.0165342075
5 6 6 7  0.0000000001
5 7 1 7  -0.0000000028
5 7 3 7  -0.0010233303
5 7 5 7  0.0165342075
5 7 7 7  0.0000000001
6 0 2 0  -0.0000000016
6 0 4 0  0.0000000028
6 0 6 0  0.0998760774
6 1 3 0  -0.0000000016
6 1 5 0  0.0000000028
6 1 7 0  0.0998760774
6 2 0 0  -0.0000000016
6 2 2 0  -0.0853790961
6 2 6 0  -0.0000000018
6 3 1 0  -0.0000000016
6 3 3 0  -0.0853790961
6 3 7 0  -0.0000000018
6 4 0 0  0.0000000028
6 4 4 0  0.0853790961
6 4 6 0  -0.0000000028
6 5 1 0  0.0000000028
6 5 5 0  0.0853790961
6 5 7 0  -0.0000000028
6 6 0 0  0.0998760774
6 6 2 0  -0.0000000018
6 6 4 0  -0.0000000028
6 7 1 0  0.0998760774
6 7 3 0  -0.0000000018
6 7 5 0  -0.0000000028
6 0 0 2  -0.0000000009
6 0 2 2  -0.0150485781
6 0 4 2  -0.0014430967
6 0 6 2  -0.0000000018
6 1 1 2  -0.0000000009
6 1 3 2  -0.0150485781
6 1 5 2  -0.0014430967
6 1 7 2  -0.0000000018
6 2 0 2  -0.0150485781
6 2 2 2  0.0000000017
6 2 4 2  0.0000000005
6 2 6 2  0.0165342075
6 3 1 2  -0.0150485781
6 3 3 2  0.0000000017
6 3 5 2  0.0000000005
6 3 7 2  0.0165342075
6 4 0 2  -0.0014430967
6 4 2 2  0.0000000005
6 4 4 2  -0.0000000019
6 4 6 2  -0.0010233303
6 5 1 2  -0.0014430967
6 5 3 2  0.0000000005
6 5 5 2  -0.0000000019
6 5 7 2  -0.0010233303
6 6 0 2  -0.0000000018
6 6 2 2  0.0165342075
6 6 4 2  -0.0010233303
6 6 6 2  -0.0000000001
6 7 1 2  -0.0000000018
6 7 3 2  0.0165342075
6 7 5 2  -0.0010233303
6 7 7 2  -0.0000000001
6 0 0 4  0.0000000011
6 0 2 4  0.0014430967
6 0 4 4  0.0150485781
6 0 6 4  -0.0000000028
6 1 1 4  0.0000000011
6 1 3 4  0.0014430967
6 1 5 4  0.0150485781
6 1 7 4  -0.0000000028
6 2 0 4  0.0014430967
6 2 2 4  0.0000000029
6 2 4 4  -0.0000000004
6 2 6 4  -0.0010233303
6 3 1 4  0.0014430967
6 3 3 4  0.0000000029
6 3 5 4  -0.0000000004
6 3 7 4  -0.0010233303
6 4 0 4  0.0150485781
6 4 2 4  -0.0000000004
6 4 4 4  -0.0000000033
6 4 6 4  0.0165342075
6 5 1 4  0.0150485781
6 5 3 4  -0.0000000004
6 5 5 4  -0.0000000033
6 5 7 4  0.0165342075
6 6 0 4  -0.0000000028
6 6 2 4  -0.0010233303
6 6 4 4  0.0165342075
6 6 6 4  0.0000000001
6 7 1 4  -0.0000000028
6 7 3 4  -0.0010233303
6 7 5 4  0.0165342075
6 7 7 4  0.0000000001
6 0 0 6  0.2587592946
6 0 2 6  -0.0000000005
6 0 4 6  -0.0000000015
6 1 1 6  0.2587592946
6 1 3 6  -0.0000000005
6 1 5 6  -0.0000000015
6 2 0 6  -0.0000000005
6 2 2 6  0.2183771718
6 2 4 6  -0.0002203155
6 2 6 6  -0.0000000001
6 3 1 6  -0.0000000005
6 3 3 6  0.2183771718
6 3 5 6  -0.0002203155
6 3 7 6  -0.0000000001
6 4 0 6  -0.0000000015
6 4 2 6  -0.0002203155
6 4 4 6  0.2183771718
6 4 6 6  0.0000000001
6 5 1 6  -0.0000000015
6 5 3 6  -0.0002203155
6 5 5 6  0.2183771718
6 5 7 6  0.0000000001
6 6 2 6  -0.0000000001
6 6 4 6  0.0000000001
6 6 6 6  0.2639941188
6 7 3 6  -0.0000000001
6 7 5 6  0.0000000001
6 7 7 6  0.2639941188
7 0 2 1  -0.0000000016
7 0 4 1  0.0000000028
7 0 6 1  0.0998760774
7 1 3 1  -0.0000000016
7 1 5 1  0.0000000028
7 1 7 1  0.0998760774
7 2 0 1  -0.0000000016
7 2 2 1  -0.0853790961
7 2 6 1  -0.0000000018
7 3 1 1  -0.0000000016
7 3 3 1  -0.0853790961
7 3 7 1  -0.0000000018
7 4 0 1  0.0000000028
7 4 4 1  0.0853790961
7 4 6 1  -0.0000000028
7 5 1 1  0.0000000028
7 5 5 1  0.0853790961
7 5 7 1  -0.0000000028
7 6 0 1  0.0998760774
7 6 2 1  -0.0000000018
7 6 4 1  -0.0000000028
7 7 1 1  0.0998760774
7 7 3 1  -0.0000000018
7 7 5 1  -0.0000000028
7 0 0 3  -0.0000000009
7 0 2 3  -0.0150485781
7 0 4 3  -0.0014430967
7 0 6 3  -0.0000000018
7 1 1 3  -0.0000000009
7 1 3 3  -0.0150485781
7 1 5 3  -0.0014430967
7 1 7 3  -0.0000000018
7 2 0 3  -0.0150485781
7 2 2 3  0.0000000017
7 2 4 3  0.0000000005
7 2 6 3  0.0165342075
7 3 1 3  -0.0150485781
7 3 3 3  0.0000000017
7 3 5 3  0.0000000005
7 3 7 3  0.0165342075
7 4 0 3  -0.0014430967
7 4 2 3  0.0000000005
7 4 4 3  -0.0000000019
7 4 6 3  -0.0010233303
7 5 1 3  -0.0014430967
7 5 3 3  0.0000000005
7 5 5 3  -0.0000000019
7 5 7 3  -0.0010233303
7 6 0 3  -0.0000000018
7 6 2 3  0.0165342075
7 6 4 3  -0.0010233303
7 6 6 3  -0.0000000001
7 7 1 3  -0.0000000018
7 7 3 3  0.0165342075
7 7 5 3  -0.0010233303
7 7 7 3  -0.0000000001
7 0 0 5  0.0000000011
7 0 2 5  0.0014430967
7 0 4 5  0.0150485781
7 0 6 5  -0.0000000028
7 1 1 5  0.0000000011
7 1 3 5  0.0014430967
7 1 5 5  0.0150485781
7 1 7 5  -0.0000000028
7 2 0 5  0.0014430967
7 2 2 5  0.0000000029
7 2 4 5  -0.0000000004
7 2 6 5  -0.0010233303
7 3 1 5  0.0014430967
7 3 3 5  0.0000000029
7 3 5 5  -0.0000000004
7 3 7 5  -0.0010233303
7 4 0 5  0.0150485781
7 4 2 5  -0.0000000004
7 4 4 5  -0.0000000033
7 4 6 5  0.0165342075
7 5 1 5  0.0150485781
7 5 3 5  -0.0000000004
7 5 5 5  -0.0000000033
7 5 7 5  0.0165342075
7 6 0 5  -0.0000000028
7 6 2 5  -0.0010233303
7 6 4 5  0.0165342075
7 6 6 5  0.0000000001
7 7 1 5  -0.0000000028
7 7 3 5  -0.0010233303
7 7 5 5  0.0165342075
7 7 7 5  0.0000000001
7 0 0 7  0.2587592946
7 0 2 7  -0.0000000005
7 0 4 7  -0.0000000015
7 1 1 7  0.2587592946
7 1 3 7  -0.0000000005
7 1 5 7  -0.0000000015
7 2 0 7  -0.0000000005
7 2 2 7  0.2183771718
7 2 4 7  -0.0002203155
7 2 6 7  -0.0000000001
7 3 1 7  -0.0000000005
7 3 3 7  0.2183771718
7 3 5 7  -0.0002203155
7 3 7 7  -0.0000000001
7 4 0 7  -0.0000000015
7 4 2 7  -0.0002203155
7 4 4 7  0.2183771718
7 4 6 7  0.0000000001
7 5 1 7  -0.0000000015
7 5 3 7  -0.0002203155
7 5 5 7  0.2183771718
7 5 7 7  0.0000000001
7 6 2 7  -0.0000000001
7 6 4 7  0.0000000001
7 6 6 7  0.2639941188
7 7 3 7  -0.0000000001
7 7 5 7  0.0000000001
7 7 7 7  0.2639941188

 E(Ref) = -77.5636168305 Hartree, <S**2> = 1.0000
 E(FCI) = -77.6719097945 Hartree, <S**2> = 0.0000
