 MO Integrals with frozen core/virtual approximation

-72.54954567398606
0 0  -2.4264748496
0 2  -0.0000000005
0 4  -0.0000000004
0 6  0.0000000004
1 1  -2.4264748496
1 3  -0.0000000005
1 5  -0.0000000004
1 7  0.0000000004
2 0  -0.0000000005
2 2  -1.6189253498
2 4  -0.1060913013
2 6  -0.0000000058
3 1  -0.0000000005
3 3  -1.6189253498
3 5  -0.1060913013
3 7  -0.0000000058
4 0  -0.0000000004
4 2  -0.1060913013
4 4  -1.6189253495
4 6  0.0000000034
5 1  -0.0000000004
5 3  -0.1060913013
5 5  -1.6189253495
5 7  0.0000000034
6 0  0.0000000004
6 2  -0.0000000058
6 4  0.0000000034
6 6  -1.3489560194
7 1  0.0000000004
7 3  -0.0000000058
7 5  0.0000000034
7 7  -1.3489560194
0 0 0 0  0.3317429139
0 1 1 0  0.3317429139
0 2 2 0  0.2538160738
0 2 4 0  0.0037774818
0 2 6 0  -0.0000000007
0 3 3 0  0.2538160738
0 3 5 0  0.0037774818
0 3 7 0  -0.0000000007
0 4 2 0  0.0037774818
0 4 4 0  0.2538160738
0 4 6 0  0.0000000014
0 5 3 0  0.0037774818
0 5 5 0  0.2538160738
0 5 7 0  0.0000000014
0 6 2 0  -0.0000000007
0 6 4 0  0.0000000014
0 6 6 0  0.2990423607
0 7 3 0  -0.0000000007
0 7 5 0  0.0000000014
0 7 7 0  0.2990423607
0 0 2 2  0.0267822036
0 0 4 2  0.0097689085
0 0 6 2  -0.0000000008
0 1 3 2  0.0267822036
0 1 5 2  0.0097689085
0 1 7 2  -0.0000000008
0 2 0 2  0.0267822036
0 2 2 2  -0.0000000015
0 2 4 2  0.0000000007
0 2 6 2  0.0241581801
0 3 1 2  0.0267822036
0 3 3 2  -0.0000000015
0 3 5 2  0.0000000007
0 3 7 2  0.0241581801
0 4 0 2  0.0097689085
0 4 2 2  0.0000000007
0 4 4 2  0.0000000008
0 4 6 2  -0.0055783781
0 5 1 2  0.0097689085
0 5 3 2  0.0000000007
0 5 5 2  0.0000000008
0 5 7 2  -0.0055783781
0 6 0 2  -0.0000000008
0 6 2 2  0.0241581801
0 6 4 2  -0.0055783781
0 6 6 2  0.0000000013
0 7 1 2  -0.0000000008
0 7 3 2  0.0241581801
0 7 5 2  -0.0055783781
0 7 7 2  0.0000000013
0 0 2 4  0.0097689085
0 0 4 4  0.0267822036
0 0 6 4  0.0000000012
0 1 3 4  0.0097689085
0 1 5 4  0.0267822036
0 1 7 4  0.0000000012
0 2 0 4  0.0097689085
0 2 2 4  0.0000000013
0 2 4 4  0.0000000006
0 2 6 4  0.0055783781
0 3 1 4  0.0097689085
0 3 3 4  0.0000000013
0 3 5 4  0.0000000006
0 3 7 4  0.0055783781
0 4 0 4  0.0267822036
0 4 2 4  0.0000000006
0 4 4 4  -0.0000000027
0 4 6 4  -0.0241581801
0 5 1 4  0.0267822036
0 5 3 4  0.0000000006
0 5 5 4  -0.0000000027
0 5 7 4  -0.0241581801
0 6 0 4  0.0000000012
0 6 2 4  0.0055783781
0 6 4 4  -0.0241581801
0 6 6 4  0.0000000014
0 7 1 4  0.0000000012
0 7 3 4  0.0055783781
0 7 5 4  -0.0241581801
0 7 7 4  0.0000000014
0 0 2 6  -0.0000000008
0 0 4 6  0.0000000012
0 0 6 6  0.0634637758
0 1 3 6  -0.0000000008
0 1 5 6  0.0000000012
0 1 7 6  0.0634637758
0 2 0 6  -0.0000000008
0 2 2 6  0.0594410599
0 2 6 6  0.0000000018
0 3 1 6  -0.0000000008
0 3 3 6  0.0594410599
0 3 7 6  0.0000000018
0 4 0 6  0.0000000012
0 4 4 6  -0.0594410600
0 4 6 6  0.0000000019
0 5 1 6  0.0000000012
0 5 5 6  -0.0594410600
0 5 7 6  0.0000000019
0 6 0 6  0.0634637758
0 6 2 6  0.0000000018
0 6 4 6  0.0000000019
0 6 6 6  -0.0000000001
0 7 1 6  0.0634637758
0 7 3 6  0.0000000018
0 7 5 6  0.0000000019
0 7 7 6  -0.0000000001
1 0 0 1  0.3317429139
1 1 1 1  0.3317429139
1 2 2 1  0.2538160738
1 2 4 1  0.0037774818
1 2 6 1  -0.0000000007
1 3 3 1  0.2538160738
1 3 5 1  0.0037774818
1 3 7 1  -0.0000000007
1 4 2 1  0.0037774818
1 4 4 1  0.2538160738
1 4 6 1  0.0000000014
1 5 3 1  0.0037774818
1 5 5 1  0.2538160738
1 5 7 1  0.0000000014
1 6 2 1  -0.0000000007
1 6 4 1  0.0000000014
1 6 6 1  0.2990423607
1 7 3 1  -0.0000000007
1 7 5 1  0.0000000014
1 7 7 1  0.2990423607
1 0 2 3  0.0267822036
1 0 4 3  0.0097689085
1 0 6 3  -0.0000000008
1 1 3 3  0.0267822036
1 1 5 3  0.0097689085
1 1 7 3  -0.0000000008
1 2 0 3  0.0267822036
1 2 2 3  -0.0000000015
1 2 4 3  0.0000000007
1 2 6 3  0.0241581801
1 3 1 3  0.0267822036
1 3 3 3  -0.0000000015
1 3 5 3  0.0000000007
1 3 7 3  0.0241581801
1 4 0 3  0.0097689085
1 4 2 3  0.0000000007
1 4 4 3  0.0000000008
1 4 6 3  -0.0055783781
1 5 1 3  0.0097689085
1 5 3 3  0.0000000007
1 5 5 3  0.0000000008
1 5 7 3  -0.0055783781
1 6 0 3  -0.0000000008
1 6 2 3  0.0241581801
1 6 4 3  -0.0055783781
1 6 6 3  0.0000000013
1 7 1 3  -0.0000000008
1 7 3 3  0.0241581801
1 7 5 3  -0.0055783781
1 7 7 3  0.0000000013
1 0 2 5  0.0097689085
1 0 4 5  0.0267822036
1 0 6 5  0.0000000012
1 1 3 5  0.0097689085
1 1 5 5  0.0267822036
1 1 7 5  0.0000000012
1 2 0 5  0.0097689085
1 2 2 5  0.0000000013
1 2 4 5  0.0000000006
1 2 6 5  0.0055783781
1 3 1 5  0.0097689085
1 3 3 5  0.0000000013
1 3 5 5  0.0000000006
1 3 7 5  0.0055783781
1 4 0 5  0.0267822036
1 4 2 5  0.0000000006
1 4 4 5  -0.0000000027
1 4 6 5  -0.0241581801
1 5 1 5  0.0267822036
1 5 3 5  0.0000000006
1 5 5 5  -0.0000000027
1 5 7 5  -0.0241581801
1 6 0 5  0.0000000012
1 6 2 5  0.0055783781
1 6 4 5  -0.0241581801
1 6 6 5  0.0000000014
1 7 1 5  0.0000000012
1 7 3 5  0.0055783781
1 7 5 5  -0.0241581801
1 7 7 5  0.0000000014
1 0 2 7  -0.0000000008
1 0 4 7  0.0000000012
1 0 6 7  0.0634637758
1 1 3 7  -0.0000000008
1 1 5 7  0.0000000012
1 1 7 7  0.0634637758
1 2 0 7  -0.0000000008
1 2 2 7  0.0594410599
1 2 6 7  0.0000000018
1 3 1 7  -0.0000000008
1 3 3 7  0.0594410599
1 3 7 7  0.0000000018
1 4 0 7  0.0000000012
1 4 4 7  -0.0594410600
1 4 6 7  0.0000000019
1 5 1 7  0.0000000012
1 5 5 7  -0.0594410600
1 5 7 7  0.0000000019
1 6 0 7  0.0634637758
1 6 2 7  0.0000000018
1 6 4 7  0.0000000019
1 6 6 7  -0.0000000001
1 7 1 7  0.0634637758
1 7 3 7  0.0000000018
1 7 5 7  0.0000000019
1 7 7 7  -0.0000000001
2 0 2 0  0.0267822036
2 0 4 0  0.0097689085
2 0 6 0  -0.0000000008
2 1 3 0  0.0267822036
2 1 5 0  0.0097689085
2 1 7 0  -0.0000000008
2 2 0 0  0.0267822036
2 2 2 0  -0.0000000015
2 2 4 0  0.0000000007
2 2 6 0  0.0241581801
2 3 1 0  0.0267822036
2 3 3 0  -0.0000000015
2 3 5 0  0.0000000007
2 3 7 0  0.0241581801
2 4 0 0  0.0097689085
2 4 2 0  0.0000000007
2 4 4 0  0.0000000008
2 4 6 0  -0.0055783781
2 5 1 0  0.0097689085
2 5 3 0  0.0000000007
2 5 5 0  0.0000000008
2 5 7 0  -0.0055783781
2 6 0 0  -0.0000000008
2 6 2 0  0.0241581801
2 6 4 0  -0.0055783781
2 6 6 0  0.0000000013
2 7 1 0  -0.0000000008
2 7 3 0  0.0241581801
2 7 5 0  -0.0055783781
2 7 7 0  0.0000000013
2 0 0 2  0.2538160738
2 0 2 2  -0.0000000015
2 0 4 2  0.0000000013
2 0 6 2  0.0594410599
2 1 1 2  0.2538160738
2 1 3 2  -0.0000000015
2 1 5 2  0.0000000013
2 1 7 2  0.0594410599
2 2 0 2  -0.0000000015
2 2 2 2  0.3401459725
2 2 4 2  -0.0020473521
2 2 6 2  0.0000000019
2 3 1 2  -0.0000000015
2 3 3 2  0.3401459725
2 3 5 2  -0.0020473521
2 3 7 2  0.0000000019
2 4 0 2  0.0000000013
2 4 2 2  -0.0020473521
2 4 4 2  0.1569183018
2 4 6 2  0.0000000023
2 5 1 2  0.0000000013
2 5 3 2  -0.0020473521
2 5 5 2  0.1569183018
2 5 7 2  0.0000000023
2 6 0 2  0.0594410599
2 6 2 2  0.0000000019
2 6 4 2  0.0000000023
2 6 6 2  0.2485943323
2 7 1 2  0.0594410599
2 7 3 2  0.0000000019
2 7 5 2  0.0000000023
2 7 7 2  0.2485943323
2 0 0 4  0.0037774818
2 0 2 4  0.0000000007
2 0 4 4  0.0000000006
2 1 1 4  0.0037774818
2 1 3 4  0.0000000007
2 1 5 4  0.0000000006
2 2 0 4  0.0000000007
2 2 2 4  -0.0020473521
2 2 4 4  0.0011115997
2 2 6 4  0.0000000005
2 3 1 4  0.0000000007
2 3 3 4  -0.0020473521
2 3 5 4  0.0011115997
2 3 7 4  0.0000000005
2 4 0 4  0.0000000006
2 4 2 4  0.0011115997
2 4 4 4  -0.0020473521
2 4 6 4  -0.0000000004
2 5 1 4  0.0000000006
2 5 3 4  0.0011115997
2 5 5 4  -0.0020473521
2 5 7 4  -0.0000000004
2 6 2 4  0.0000000005
2 6 4 4  -0.0000000004
2 6 6 4  0.0002291703
2 7 3 4  0.0000000005
2 7 5 4  -0.0000000004
2 7 7 4  0.0002291703
2 0 0 6  -0.0000000007
2 0 2 6  0.0241581801
2 0 4 6  0.0055783781
2 0 6 6  0.0000000018
2 1 1 6  -0.0000000007
2 1 3 6  0.0241581801
2 1 5 6  0.0055783781
2 1 7 6  0.0000000018
2 2 0 6  0.0241581801
2 2 2 6  0.0000000019
2 2 4 6  0.0000000005
2 2 6 6  0.0240500751
2 3 1 6  0.0241581801
2 3 3 6  0.0000000019
2 3 5 6  0.0000000005
2 3 7 6  0.0240500751
2 4 0 6  0.0055783781
2 4 2 6  0.0000000005
2 4 4 6  -0.0000000020
2 4 6 6  -0.0032490339
2 5 1 6  0.0055783781
2 5 3 6  0.0000000005
2 5 5 6  -0.0000000020
2 5 7 6  -0.0032490339
2 6 0 6  0.0000000018
2 6 2 6  0.0240500751
2 6 4 6  -0.0032490339
2 6 6 6  0.0000000006
2 7 1 6  0.0000000018
2 7 3 6  0.0240500751
2 7 5 6  -0.0032490339
2 7 7 6  0.0000000006
3 0 2 1  0.0267822036
3 0 4 1  0.0097689085
3 0 6 1  -0.0000000008
3 1 3 1  0.0267822036
3 1 5 1  0.0097689085
3 1 7 1  -0.0000000008
3 2 0 1  0.0267822036
3 2 2 1  -0.0000000015
3 2 4 1  0.0000000007
3 2 6 1  0.0241581801
3 3 1 1  0.0267822036
3 3 3 1  -0.0000000015
3 3 5 1  0.0000000007
3 3 7 1  0.0241581801
3 4 0 1  0.0097689085
3 4 2 1  0.0000000007
3 4 4 1  0.0000000008
3 4 6 1  -0.0055783781
3 5 1 1  0.0097689085
3 5 3 1  0.0000000007
3 5 5 1  0.0000000008
3 5 7 1  -0.0055783781
3 6 0 1  -0.0000000008
3 6 2 1  0.0241581801
3 6 4 1  -0.0055783781
3 6 6 1  0.0000000013
3 7 1 1  -0.0000000008
3 7 3 1  0.0241581801
3 7 5 1  -0.0055783781
3 7 7 1  0.0000000013
3 0 0 3  0.2538160738
3 0 2 3  -0.0000000015
3 0 4 3  0.0000000013
3 0 6 3  0.0594410599
3 1 1 3  0.2538160738
3 1 3 3  -0.0000000015
3 1 5 3  0.0000000013
3 1 7 3  0.0594410599
3 2 0 3  -0.0000000015
3 2 2 3  0.3401459725
3 2 4 3  -0.0020473521
3 2 6 3  0.0000000019
3 3 1 3  -0.0000000015
3 3 3 3  0.3401459725
3 3 5 3  -0.0020473521
3 3 7 3  0.0000000019
3 4 0 3  0.0000000013
3 4 2 3  -0.0020473521
3 4 4 3  0.1569183018
3 4 6 3  0.0000000023
3 5 1 3  0.0000000013
3 5 3 3  -0.0020473521
3 5 5 3  0.1569183018
3 5 7 3  0.0000000023
3 6 0 3  0.0594410599
3 6 2 3  0.0000000019
3 6 4 3  0.0000000023
3 6 6 3  0.2485943323
3 7 1 3  0.0594410599
3 7 3 3  0.0000000019
3 7 5 3  0.0000000023
3 7 7 3  0.2485943323
3 0 0 5  0.0037774818
3 0 2 5  0.0000000007
3 0 4 5  0.0000000006
3 1 1 5  0.0037774818
3 1 3 5  0.0000000007
3 1 5 5  0.0000000006
3 2 0 5  0.0000000007
3 2 2 5  -0.0020473521
3 2 4 5  0.0011115997
3 2 6 5  0.0000000005
3 3 1 5  0.0000000007
3 3 3 5  -0.0020473521
3 3 5 5  0.0011115997
3 3 7 5  0.0000000005
3 4 0 5  0.0000000006
3 4 2 5  0.0011115997
3 4 4 5  -0.0020473521
3 4 6 5  -0.0000000004
3 5 1 5  0.0000000006
3 5 3 5  0.0011115997
3 5 5 5  -0.0020473521
3 5 7 5  -0.0000000004
3 6 2 5  0.0000000005
3 6 4 5  -0.0000000004
3 6 6 5  0.0002291703
3 7 3 5  0.0000000005
3 7 5 5  -0.0000000004
3 7 7 5  0.0002291703
3 0 0 7  -0.0000000007
3 0 2 7  0.0241581801
3 0 4 7  0.0055783781
3 0 6 7  0.0000000018
3 1 1 7  -0.0000000007
3 1 3 7  0.0241581801
3 1 5 7  0.0055783781
3 1 7 7  0.0000000018
3 2 0 7  0.0241581801
3 2 2 7  0.0000000019
3 2 4 7  0.0000000005
3 2 6 7  0.0240500751
3 3 1 7  0.0241581801
3 3 3 7  0.0000000019
3 3 5 7  0.0000000005
3 3 7 7  0.0240500751
3 4 0 7  0.0055783781
3 4 2 7  0.0000000005
3 4 4 7  -0.0000000020
3 4 6 7  -0.0032490339
3 5 1 7  0.0055783781
3 5 3 7  0.0000000005
3 5 5 7  -0.0000000020
3 5 7 7  -0.0032490339
3 6 0 7  0.0000000018
3 6 2 7  0.0240500751
3 6 4 7  -0.0032490339
3 6 6 7  0.0000000006
3 7 1 7  0.0000000018
3 7 3 7  0.0240500751
3 7 5 7  -0.0032490339
3 7 7 7  0.0000000006
4 0 2 0  0.0097689085
4 0 4 0  0.0267822036
4 0 6 0  0.0000000012
4 1 3 0  0.0097689085
4 1 5 0  0.0267822036
4 1 7 0  0.0000000012
4 2 0 0  0.0097689085
4 2 2 0  0.0000000013
4 2 4 0  0.0000000006
4 2 6 0  0.0055783781
4 3 1 0  0.0097689085
4 3 3 0  0.0000000013
4 3 5 0  0.0000000006
4 3 7 0  0.0055783781
4 4 0 0  0.0267822036
4 4 2 0  0.0000000006
4 4 4 0  -0.0000000027
4 4 6 0  -0.0241581801
4 5 1 0  0.0267822036
4 5 3 0  0.0000000006
4 5 5 0  -0.0000000027
4 5 7 0  -0.0241581801
4 6 0 0  0.0000000012
4 6 2 0  0.0055783781
4 6 4 0  -0.0241581801
4 6 6 0  0.0000000014
4 7 1 0  0.0000000012
4 7 3 0  0.0055783781
4 7 5 0  -0.0241581801
4 7 7 0  0.0000000014
4 0 0 2  0.0037774818
4 0 2 2  0.0000000007
4 0 4 2  0.0000000006
4 1 1 2  0.0037774818
4 1 3 2  0.0000000007
4 1 5 2  0.0000000006
4 2 0 2  0.0000000007
4 2 2 2  -0.0020473521
4 2 4 2  0.0011115997
4 2 6 2  0.0000000005
4 3 1 2  0.0000000007
4 3 3 2  -0.0020473521
4 3 5 2  0.0011115997
4 3 7 2  0.0000000005
4 4 0 2  0.0000000006
4 4 2 2  0.0011115997
4 4 4 2  -0.0020473521
4 4 6 2  -0.0000000004
4 5 1 2  0.0000000006
4 5 3 2  0.0011115997
4 5 5 2  -0.0020473521
4 5 7 2  -0.0000000004
4 6 2 2  0.0000000005
4 6 4 2  -0.0000000004
4 6 6 2  0.0002291703
4 7 3 2  0.0000000005
4 7 5 2  -0.0000000004
4 7 7 2  0.0002291703
4 0 0 4  0.2538160738
4 0 2 4  0.0000000008
4 0 4 4  -0.0000000027
4 0 6 4  -0.0594410600
4 1 1 4  0.2538160738
4 1 3 4  0.0000000008
4 1 5 4  -0.0000000027
4 1 7 4  -0.0594410600
4 2 0 4  0.0000000008
4 2 2 4  0.1569183018
4 2 4 4  -0.0020473521
4 2 6 4  -0.0000000020
4 3 1 4  0.0000000008
4 3 3 4  0.1569183018
4 3 5 4  -0.0020473521
4 3 7 4  -0.0000000020
4 4 0 4  -0.0000000027
4 4 2 4  -0.0020473521
4 4 4 4  0.3401459725
4 4 6 4  -0.0000000009
4 5 1 4  -0.0000000027
4 5 3 4  -0.0020473521
4 5 5 4  0.3401459725
4 5 7 4  -0.0000000009
4 6 0 4  -0.0594410600
4 6 2 4  -0.0000000020
4 6 4 4  -0.0000000009
4 6 6 4  0.2485943324
4 7 1 4  -0.0594410600
4 7 3 4  -0.0000000020
4 7 5 4  -0.0000000009
4 7 7 4  0.2485943324
4 0 0 6  0.0000000014
4 0 2 6  -0.0055783781
4 0 4 6  -0.0241581801
4 0 6 6  0.0000000019
4 1 1 6  0.0000000014
4 1 3 6  -0.0055783781
4 1 5 6  -0.0241581801
4 1 7 6  0.0000000019
4 2 0 6  -0.0055783781
4 2 2 6  0.0000000023
4 2 4 6  -0.0000000004
4 2 6 6  -0.0032490339
4 3 1 6  -0.0055783781
4 3 3 6  0.0000000023
4 3 5 6  -0.0000000004
4 3 7 6  -0.0032490339
4 4 0 6  -0.0241581801
4 4 2 6  -0.0000000004
4 4 4 6  -0.0000000009
4 4 6 6  0.0240500751
4 5 1 6  -0.0241581801
4 5 3 6  -0.0000000004
4 5 5 6  -0.0000000009
4 5 7 6  0.0240500751
4 6 0 6  0.0000000019
4 6 2 6  -0.0032490339
4 6 4 6  0.0240500751
4 6 6 6  -0.0000000002
4 7 1 6  0.0000000019
4 7 3 6  -0.0032490339
4 7 5 6  0.0240500751
4 7 7 6  -0.0000000002
5 0 2 1  0.0097689085
5 0 4 1  0.0267822036
5 0 6 1  0.0000000012
5 1 3 1  0.0097689085
5 1 5 1  0.0267822036
5 1 7 1  0.0000000012
5 2 0 1  0.0097689085
5 2 2 1  0.0000000013
5 2 4 1  0.0000000006
5 2 6 1  0.0055783781
5 3 1 1  0.0097689085
5 3 3 1  0.0000000013
5 3 5 1  0.0000000006
5 3 7 1  0.0055783781
5 4 0 1  0.0267822036
5 4 2 1  0.0000000006
5 4 4 1  -0.0000000027
5 4 6 1  -0.0241581801
5 5 1 1  0.0267822036
5 5 3 1  0.0000000006
5 5 5 1  -0.0000000027
5 5 7 1  -0.0241581801
5 6 0 1  0.0000000012
5 6 2 1  0.0055783781
5 6 4 1  -0.0241581801
5 6 6 1  0.0000000014
5 7 1 1  0.0000000012
5 7 3 1  0.0055783781
5 7 5 1  -0.0241581801
5 7 7 1  0.0000000014
5 0 0 3  0.0037774818
5 0 2 3  0.0000000007
5 0 4 3  0.0000000006
5 1 1 3  0.0037774818
5 1 3 3  0.0000000007
5 1 5 3  0.0000000006
5 2 0 3  0.0000000007
5 2 2 3  -0.0020473521
5 2 4 3  0.0011115997
5 2 6 3  0.0000000005
5 3 1 3  0.0000000007
5 3 3 3  -0.0020473521
5 3 5 3  0.0011115997
5 3 7 3  0.0000000005
5 4 0 3  0.0000000006
5 4 2 3  0.0011115997
5 4 4 3  -0.0020473521
5 4 6 3  -0.0000000004
5 5 1 3  0.0000000006
5 5 3 3  0.0011115997
5 5 5 3  -0.0020473521
5 5 7 3  -0.0000000004
5 6 2 3  0.0000000005
5 6 4 3  -0.0000000004
5 6 6 3  0.0002291703
5 7 3 3  0.0000000005
5 7 5 3  -0.0000000004
5 7 7 3  0.0002291703
5 0 0 5  0.2538160738
5 0 2 5  0.0000000008
5 0 4 5  -0.0000000027
5 0 6 5  -0.0594410600
5 1 1 5  0.2538160738
5 1 3 5  0.0000000008
5 1 5 5  -0.0000000027
5 1 7 5  -0.0594410600
5 2 0 5  0.0000000008
5 2 2 5  0.1569183018
5 2 4 5  -0.0020473521
5 2 6 5  -0.0000000020
5 3 1 5  0.0000000008
5 3 3 5  0.1569183018
5 3 5 5  -0.0020473521
5 3 7 5  -0.0000000020
5 4 0 5  -0.0000000027
5 4 2 5  -0.0020473521
5 4 4 5  0.3401459725
5 4 6 5  -0.0000000009
5 5 1 5  -0.0000000027
5 5 3 5  -0.0020473521
5 5 5 5  0.3401459725
5 5 7 5  -0.0000000009
5 6 0 5  -0.0594410600
5 6 2 5  -0.0000000020
5 6 4 5  -0.0000000009
5 6 6 5  0.2485943324
5 7 1 5  -0.0594410600
5 7 3 5  -0.0000000020
5 7 5 5  -0.0000000009
5 7 7 5  0.2485943324
5 0 0 7  0.0000000014
5 0 2 7  -0.0055783781
5 0 4 7  -0.0241581801
5 0 6 7  0.0000000019
5 1 1 7  0.0000000014
5 1 3 7  -0.0055783781
5 1 5 7  -0.0241581801
5 1 7 7  0.0000000019
5 2 0 7  -0.0055783781
5 2 2 7  0.0000000023
5 2 4 7  -0.0000000004
5 2 6 7  -0.0032490339
5 3 1 7  -0.0055783781
5 3 3 7  0.0000000023
5 3 5 7  -0.0000000004
5 3 7 7  -0.0032490339
5 4 0 7  -0.0241581801
5 4 2 7  -0.0000000004
5 4 4 7  -0.0000000009
5 4 6 7  0.0240500751
5 5 1 7  -0.0241581801
5 5 3 7  -0.0000000004
5 5 5 7  -0.0000000009
5 5 7 7  0.0240500751
5 6 0 7  0.0000000019
5 6 2 7  -0.0032490339
5 6 4 7  0.0240500751
5 6 6 7  -0.0000000002
5 7 1 7  0.0000000019
5 7 3 7  -0.0032490339
5 7 5 7  0.0240500751
5 7 7 7  -0.0000000002
6 0 2 0  -0.0000000008
6 0 4 0  0.0000000012
6 0 6 0  0.0634637758
6 1 3 0  -0.0000000008
6 1 5 0  0.0000000012
6 1 7 0  0.0634637758
6 2 0 0  -0.0000000008
6 2 2 0  0.0594410599
6 2 6 0  0.0000000018
6 3 1 0  -0.0000000008
6 3 3 0  0.0594410599
6 3 7 0  0.0000000018
6 4 0 0  0.0000000012
6 4 4 0  -0.0594410600
6 4 6 0  0.0000000019
6 5 1 0  0.0000000012
6 5 5 0  -0.0594410600
6 5 7 0  0.0000000019
6 6 0 0  0.0634637758
6 6 2 0  0.0000000018
6 6 4 0  0.0000000019
6 6 6 0  -0.0000000001
6 7 1 0  0.0634637758
6 7 3 0  0.0000000018
6 7 5 0  0.0000000019
6 7 7 0  -0.0000000001
6 0 0 2  -0.0000000007
6 0 2 2  0.0241581801
6 0 4 2  0.0055783781
6 0 6 2  0.0000000018
6 1 1 2  -0.0000000007
6 1 3 2  0.0241581801
6 1 5 2  0.0055783781
6 1 7 2  0.0000000018
6 2 0 2  0.0241581801
6 2 2 2  0.0000000019
6 2 4 2  0.0000000005
6 2 6 2  0.0240500751
6 3 1 2  0.0241581801
6 3 3 2  0.0000000019
6 3 5 2  0.0000000005
6 3 7 2  0.0240500751
6 4 0 2  0.0055783781
6 4 2 2  0.0000000005
6 4 4 2  -0.0000000020
6 4 6 2  -0.0032490339
6 5 1 2  0.0055783781
6 5 3 2  0.0000000005
6 5 5 2  -0.0000000020
6 5 7 2  -0.0032490339
6 6 0 2  0.0000000018
6 6 2 2  0.0240500751
6 6 4 2  -0.0032490339
6 6 6 2  0.0000000006
6 7 1 2  0.0000000018
6 7 3 2  0.0240500751
6 7 5 2  -0.0032490339
6 7 7 2  0.0000000006
6 0 0 4  0.0000000014
6 0 2 4  -0.0055783781
6 0 4 4  -0.0241581801
6 0 6 4  0.0000000019
6 1 1 4  0.0000000014
6 1 3 4  -0.0055783781
6 1 5 4  -0.0241581801
6 1 7 4  0.0000000019
6 2 0 4  -0.0055783781
6 2 2 4  0.0000000023
6 2 4 4  -0.0000000004
6 2 6 4  -0.0032490339
6 3 1 4  -0.0055783781
6 3 3 4  0.0000000023
6 3 5 4  -0.0000000004
6 3 7 4  -0.0032490339
6 4 0 4  -0.0241581801
6 4 2 4  -0.0000000004
6 4 4 4  -0.0000000009
6 4 6 4  0.0240500751
6 5 1 4  -0.0241581801
6 5 3 4  -0.0000000004
6 5 5 4  -0.0000000009
6 5 7 4  0.0240500751
6 6 0 4  0.0000000019
6 6 2 4  -0.0032490339
6 6 4 4  0.0240500751
6 6 6 4  -0.0000000002
6 7 1 4  0.0000000019
6 7 3 4  -0.0032490339
6 7 5 4  0.0240500751
6 7 7 4  -0.0000000002
6 0 0 6  0.2990423607
6 0 2 6  0.0000000013
6 0 4 6  0.0000000014
6 0 6 6  -0.0000000001
6 1 1 6  0.2990423607
6 1 3 6  0.0000000013
6 1 5 6  0.0000000014
6 1 7 6  -0.0000000001
6 2 0 6  0.0000000013
6 2 2 6  0.2485943323
6 2 4 6  0.0002291703
6 2 6 6  0.0000000006
6 3 1 6  0.0000000013
6 3 3 6  0.2485943323
6 3 5 6  0.0002291703
6 3 7 6  0.0000000006
6 4 0 6  0.0000000014
6 4 2 6  0.0002291703
6 4 4 6  0.2485943324
6 4 6 6  -0.0000000002
6 5 1 6  0.0000000014
6 5 3 6  0.0002291703
6 5 5 6  0.2485943324
6 5 7 6  -0.0000000002
6 6 0 6  -0.0000000001
6 6 2 6  0.0000000006
6 6 4 6  -0.0000000002
6 6 6 6  0.2887151014
6 7 1 6  -0.0000000001
6 7 3 6  0.0000000006
6 7 5 6  -0.0000000002
6 7 7 6  0.2887151014
7 0 2 1  -0.0000000008
7 0 4 1  0.0000000012
7 0 6 1  0.0634637758
7 1 3 1  -0.0000000008
7 1 5 1  0.0000000012
7 1 7 1  0.0634637758
7 2 0 1  -0.0000000008
7 2 2 1  0.0594410599
7 2 6 1  0.0000000018
7 3 1 1  -0.0000000008
7 3 3 1  0.0594410599
7 3 7 1  0.0000000018
7 4 0 1  0.0000000012
7 4 4 1  -0.0594410600
7 4 6 1  0.0000000019
7 5 1 1  0.0000000012
7 5 5 1  -0.0594410600
7 5 7 1  0.0000000019
7 6 0 1  0.0634637758
7 6 2 1  0.0000000018
7 6 4 1  0.0000000019
7 6 6 1  -0.0000000001
7 7 1 1  0.0634637758
7 7 3 1  0.0000000018
7 7 5 1  0.0000000019
7 7 7 1  -0.0000000001
7 0 0 3  -0.0000000007
7 0 2 3  0.0241581801
7 0 4 3  0.0055783781
7 0 6 3  0.0000000018
7 1 1 3  -0.0000000007
7 1 3 3  0.0241581801
7 1 5 3  0.0055783781
7 1 7 3  0.0000000018
7 2 0 3  0.0241581801
7 2 2 3  0.0000000019
7 2 4 3  0.0000000005
7 2 6 3  0.0240500751
7 3 1 3  0.0241581801
7 3 3 3  0.0000000019
7 3 5 3  0.0000000005
7 3 7 3  0.0240500751
7 4 0 3  0.0055783781
7 4 2 3  0.0000000005
7 4 4 3  -0.0000000020
7 4 6 3  -0.0032490339
7 5 1 3  0.0055783781
7 5 3 3  0.0000000005
7 5 5 3  -0.0000000020
7 5 7 3  -0.0032490339
7 6 0 3  0.0000000018
7 6 2 3  0.0240500751
7 6 4 3  -0.0032490339
7 6 6 3  0.0000000006
7 7 1 3  0.0000000018
7 7 3 3  0.0240500751
7 7 5 3  -0.0032490339
7 7 7 3  0.0000000006
7 0 0 5  0.0000000014
7 0 2 5  -0.0055783781
7 0 4 5  -0.0241581801
7 0 6 5  0.0000000019
7 1 1 5  0.0000000014
7 1 3 5  -0.0055783781
7 1 5 5  -0.0241581801
7 1 7 5  0.0000000019
7 2 0 5  -0.0055783781
7 2 2 5  0.0000000023
7 2 4 5  -0.0000000004
7 2 6 5  -0.0032490339
7 3 1 5  -0.0055783781
7 3 3 5  0.0000000023
7 3 5 5  -0.0000000004
7 3 7 5  -0.0032490339
7 4 0 5  -0.0241581801
7 4 2 5  -0.0000000004
7 4 4 5  -0.0000000009
7 4 6 5  0.0240500751
7 5 1 5  -0.0241581801
7 5 3 5  -0.0000000004
7 5 5 5  -0.0000000009
7 5 7 5  0.0240500751
7 6 0 5  0.0000000019
7 6 2 5  -0.0032490339
7 6 4 5  0.0240500751
7 6 6 5  -0.0000000002
7 7 1 5  0.0000000019
7 7 3 5  -0.0032490339
7 7 5 5  0.0240500751
7 7 7 5  -0.0000000002
7 0 0 7  0.2990423607
7 0 2 7  0.0000000013
7 0 4 7  0.0000000014
7 0 6 7  -0.0000000001
7 1 1 7  0.2990423607
7 1 3 7  0.0000000013
7 1 5 7  0.0000000014
7 1 7 7  -0.0000000001
7 2 0 7  0.0000000013
7 2 2 7  0.2485943323
7 2 4 7  0.0002291703
7 2 6 7  0.0000000006
7 3 1 7  0.0000000013
7 3 3 7  0.2485943323
7 3 5 7  0.0002291703
7 3 7 7  0.0000000006
7 4 0 7  0.0000000014
7 4 2 7  0.0002291703
7 4 4 7  0.2485943324
7 4 6 7  -0.0000000002
7 5 1 7  0.0000000014
7 5 3 7  0.0002291703
7 5 5 7  0.2485943324
7 5 7 7  -0.0000000002
7 6 0 7  -0.0000000001
7 6 2 7  0.0000000006
7 6 4 7  -0.0000000002
7 6 6 7  0.2887151014
7 7 1 7  -0.0000000001
7 7 3 7  0.0000000006
7 7 5 7  -0.0000000002
7 7 7 7  0.2887151014

 E(Ref) = -77.7396238648 Hartree, <S**2> = 1.0000
 E(FCI) = -77.8743341283 Hartree, <S**2> = 0.0000
