-72.35179610122282
0 0  -2.4852270913
0 2  0.0000000003
0 4  0.0000000001
0 6  0.0000000007
1 1  -2.4852270913
1 3  0.0000000003
1 5  0.0000000001
1 7  0.0000000007
2 0  0.0000000003
2 2  -1.6318753632
2 4  -0.1266357562
2 6  0.0000000024
3 1  0.0000000003
3 3  -1.6318753632
3 5  -0.1266357562
3 7  0.0000000024
4 0  0.0000000001
4 2  -0.1266357562
4 4  -1.6318753642
4 6  -0.0000000051
5 1  0.0000000001
5 3  -0.1266357562
5 5  -1.6318753642
5 7  -0.0000000051
6 0  0.0000000007
6 2  0.0000000024
6 4  -0.0000000051
6 6  -1.2087333964
7 1  0.0000000007
7 3  0.0000000024
7 5  -0.0000000051
7 7  -1.2087333964
0 0 0 0  0.3101442532
0 0 2 0  0.0000000009
0 0 4 0  0.0000000008
0 0 6 0  -0.0000000002
0 1 1 0  0.3101442532
0 1 3 0  0.0000000009
0 1 5 0  0.0000000008
0 1 7 0  -0.0000000002
0 2 0 0  0.0000000009
0 2 2 0  0.2542558082
0 2 4 0  0.0037007616
0 2 6 0  0.0000000003
0 3 1 0  0.0000000009
0 3 3 0  0.2542558082
0 3 5 0  0.0037007616
0 3 7 0  0.0000000003
0 4 0 0  0.0000000008
0 4 2 0  0.0037007616
0 4 4 0  0.2542558082
0 4 6 0  -0.0000000001
0 5 1 0  0.0000000008
0 5 3 0  0.0037007616
0 5 5 0  0.2542558082
0 5 7 0  -0.0000000001
0 6 0 0  -0.0000000002
0 6 2 0  0.0000000003
0 6 4 0  -0.0000000001
0 6 6 0  0.2807874924
0 7 1 0  -0.0000000002
0 7 3 0  0.0000000003
0 7 5 0  -0.0000000001
0 7 7 0  0.2807874924
0 0 0 2  0.0000000009
0 0 2 2  0.0297705362
0 0 4 2  0.0107286342
0 0 6 2  0.0000000005
0 1 1 2  0.0000000009
0 1 3 2  0.0297705362
0 1 5 2  0.0107286342
0 1 7 2  0.0000000005
0 2 0 2  0.0297705362
0 2 2 2  -0.0000000019
0 2 4 2  0.0000000006
0 2 6 2  -0.0262985477
0 3 1 2  0.0297705362
0 3 3 2  -0.0000000019
0 3 5 2  0.0000000006
0 3 7 2  -0.0262985477
0 4 0 2  0.0107286342
0 4 2 2  0.0000000006
0 4 4 2  0.0000000013
0 4 6 2  0.0063216903
0 5 1 2  0.0107286342
0 5 3 2  0.0000000006
0 5 5 2  0.0000000013
0 5 7 2  0.0063216903
0 6 0 2  0.0000000005
0 6 2 2  -0.0262985477
0 6 4 2  0.0063216903
0 6 6 2  0.0000000016
0 7 1 2  0.0000000005
0 7 3 2  -0.0262985477
0 7 5 2  0.0063216903
0 7 7 2  0.0000000016
0 0 0 4  0.0000000008
0 0 2 4  0.0107286342
0 0 4 4  0.0297705362
0 0 6 4  -0.0000000003
0 1 1 4  0.0000000008
0 1 3 4  0.0107286342
0 1 5 4  0.0297705362
0 1 7 4  -0.0000000003
0 2 0 4  0.0107286342
0 2 2 4  0.0000000009
0 2 4 4  0.0000000007
0 2 6 4  -0.0063216903
0 3 1 4  0.0107286342
0 3 3 4  0.0000000009
0 3 5 4  0.0000000007
0 3 7 4  -0.0063216903
0 4 0 4  0.0297705362
0 4 2 4  0.0000000007
0 4 4 4  -0.0000000010
0 4 6 4  0.0262985477
0 5 1 4  0.0297705362
0 5 3 4  0.0000000007
0 5 5 4  -0.0000000010
0 5 7 4  0.0262985477
0 6 0 4  -0.0000000003
0 6 2 4  -0.0063216903
0 6 4 4  0.0262985477
0 6 6 4  0.0000000015
0 7 1 4  -0.0000000003
0 7 3 4  -0.0063216903
0 7 5 4  0.0262985477
0 7 7 4  0.0000000015
0 0 0 6  -0.0000000002
0 0 2 6  0.0000000005
0 0 4 6  -0.0000000003
0 0 6 6  0.0507540068
0 1 1 6  -0.0000000002
0 1 3 6  0.0000000005
0 1 5 6  -0.0000000003
0 1 7 6  0.0507540068
0 2 0 6  0.0000000005
0 2 2 6  -0.0526658157
0 2 6 6  0.0000000012
0 3 1 6  0.0000000005
0 3 3 6  -0.0526658157
0 3 7 6  0.0000000012
0 4 0 6  -0.0000000003
0 4 4 6  0.0526658155
0 4 6 6  0.0000000014
0 5 1 6  -0.0000000003
0 5 5 6  0.0526658155
0 5 7 6  0.0000000014
0 6 0 6  0.0507540068
0 6 2 6  0.0000000012
0 6 4 6  0.0000000014
0 6 6 6  -0.0000000002
0 7 1 6  0.0507540068
0 7 3 6  0.0000000012
0 7 5 6  0.0000000014
0 7 7 6  -0.0000000002
1 0 0 1  0.3101442532
1 0 2 1  0.0000000009
1 0 4 1  0.0000000008
1 0 6 1  -0.0000000002
1 1 1 1  0.3101442532
1 1 3 1  0.0000000009
1 1 5 1  0.0000000008
1 1 7 1  -0.0000000002
1 2 0 1  0.0000000009
1 2 2 1  0.2542558082
1 2 4 1  0.0037007616
1 2 6 1  0.0000000003
1 3 1 1  0.0000000009
1 3 3 1  0.2542558082
1 3 5 1  0.0037007616
1 3 7 1  0.0000000003
1 4 0 1  0.0000000008
1 4 2 1  0.0037007616
1 4 4 1  0.2542558082
1 4 6 1  -0.0000000001
1 5 1 1  0.0000000008
1 5 3 1  0.0037007616
1 5 5 1  0.2542558082
1 5 7 1  -0.0000000001
1 6 0 1  -0.0000000002
1 6 2 1  0.0000000003
1 6 4 1  -0.0000000001
1 6 6 1  0.2807874924
1 7 1 1  -0.0000000002
1 7 3 1  0.0000000003
1 7 5 1  -0.0000000001
1 7 7 1  0.2807874924
1 0 0 3  0.0000000009
1 0 2 3  0.0297705362
1 0 4 3  0.0107286342
1 0 6 3  0.0000000005
1 1 1 3  0.0000000009
1 1 3 3  0.0297705362
1 1 5 3  0.0107286342
1 1 7 3  0.0000000005
1 2 0 3  0.0297705362
1 2 2 3  -0.0000000019
1 2 4 3  0.0000000006
1 2 6 3  -0.0262985477
1 3 1 3  0.0297705362
1 3 3 3  -0.0000000019
1 3 5 3  0.0000000006
1 3 7 3  -0.0262985477
1 4 0 3  0.0107286342
1 4 2 3  0.0000000006
1 4 4 3  0.0000000013
1 4 6 3  0.0063216903
1 5 1 3  0.0107286342
1 5 3 3  0.0000000006
1 5 5 3  0.0000000013
1 5 7 3  0.0063216903
1 6 0 3  0.0000000005
1 6 2 3  -0.0262985477
1 6 4 3  0.0063216903
1 6 6 3  0.0000000016
1 7 1 3  0.0000000005
1 7 3 3  -0.0262985477
1 7 5 3  0.0063216903
1 7 7 3  0.0000000016
1 0 0 5  0.0000000008
1 0 2 5  0.0107286342
1 0 4 5  0.0297705362
1 0 6 5  -0.0000000003
1 1 1 5  0.0000000008
1 1 3 5  0.0107286342
1 1 5 5  0.0297705362
1 1 7 5  -0.0000000003
1 2 0 5  0.0107286342
1 2 2 5  0.0000000009
1 2 4 5  0.0000000007
1 2 6 5  -0.0063216903
1 3 1 5  0.0107286342
1 3 3 5  0.0000000009
1 3 5 5  0.0000000007
1 3 7 5  -0.0063216903
1 4 0 5  0.0297705362
1 4 2 5  0.0000000007
1 4 4 5  -0.0000000010
1 4 6 5  0.0262985477
1 5 1 5  0.0297705362
1 5 3 5  0.0000000007
1 5 5 5  -0.0000000010
1 5 7 5  0.0262985477
1 6 0 5  -0.0000000003
1 6 2 5  -0.0063216903
1 6 4 5  0.0262985477
1 6 6 5  0.0000000015
1 7 1 5  -0.0000000003
1 7 3 5  -0.0063216903
1 7 5 5  0.0262985477
1 7 7 5  0.0000000015
1 0 0 7  -0.0000000002
1 0 2 7  0.0000000005
1 0 4 7  -0.0000000003
1 0 6 7  0.0507540068
1 1 1 7  -0.0000000002
1 1 3 7  0.0000000005
1 1 5 7  -0.0000000003
1 1 7 7  0.0507540068
1 2 0 7  0.0000000005
1 2 2 7  -0.0526658157
1 2 6 7  0.0000000012
1 3 1 7  0.0000000005
1 3 3 7  -0.0526658157
1 3 7 7  0.0000000012
1 4 0 7  -0.0000000003
1 4 4 7  0.0526658155
1 4 6 7  0.0000000014
1 5 1 7  -0.0000000003
1 5 5 7  0.0526658155
1 5 7 7  0.0000000014
1 6 0 7  0.0507540068
1 6 2 7  0.0000000012
1 6 4 7  0.0000000014
1 6 6 7  -0.0000000002
1 7 1 7  0.0507540068
1 7 3 7  0.0000000012
1 7 5 7  0.0000000014
1 7 7 7  -0.0000000002
2 0 0 0  0.0000000009
2 0 2 0  0.0297705362
2 0 4 0  0.0107286342
2 0 6 0  0.0000000005
2 1 1 0  0.0000000009
2 1 3 0  0.0297705362
2 1 5 0  0.0107286342
2 1 7 0  0.0000000005
2 2 0 0  0.0297705362
2 2 2 0  -0.0000000019
2 2 4 0  0.0000000006
2 2 6 0  -0.0262985477
2 3 1 0  0.0297705362
2 3 3 0  -0.0000000019
2 3 5 0  0.0000000006
2 3 7 0  -0.0262985477
2 4 0 0  0.0107286342
2 4 2 0  0.0000000006
2 4 4 0  0.0000000013
2 4 6 0  0.0063216903
2 5 1 0  0.0107286342
2 5 3 0  0.0000000006
2 5 5 0  0.0000000013
2 5 7 0  0.0063216903
2 6 0 0  0.0000000005
2 6 2 0  -0.0262985477
2 6 4 0  0.0063216903
2 6 6 0  0.0000000016
2 7 1 0  0.0000000005
2 7 3 0  -0.0262985477
2 7 5 0  0.0063216903
2 7 7 0  0.0000000016
2 0 0 2  0.2542558082
2 0 2 2  -0.0000000019
2 0 4 2  0.0000000009
2 0 6 2  -0.0526658157
2 1 1 2  0.2542558082
2 1 3 2  -0.0000000019
2 1 5 2  0.0000000009
2 1 7 2  -0.0526658157
2 2 0 2  -0.0000000019
2 2 2 2  0.3413642396
2 2 4 2  -0.0019750799
2 2 6 2  -0.0000000004
2 3 1 2  -0.0000000019
2 3 3 2  0.3413642396
2 3 5 2  -0.0019750799
2 3 7 2  -0.0000000004
2 4 0 2  0.0000000009
2 4 2 2  -0.0019750799
2 4 4 2  0.1649705382
2 4 6 2  -0.0000000015
2 5 1 2  0.0000000009
2 5 3 2  -0.0019750799
2 5 5 2  0.1649705382
2 5 7 2  -0.0000000015
2 6 0 2  -0.0526658157
2 6 2 2  -0.0000000004
2 6 4 2  -0.0000000015
2 6 6 2  0.2460708059
2 7 1 2  -0.0526658157
2 7 3 2  -0.0000000004
2 7 5 2  -0.0000000015
2 7 7 2  0.2460708059
2 0 0 4  0.0037007616
2 0 2 4  0.0000000006
2 0 4 4  0.0000000007
2 1 1 4  0.0037007616
2 1 3 4  0.0000000006
2 1 5 4  0.0000000007
2 2 0 4  0.0000000006
2 2 2 4  -0.0019750799
2 2 4 4  0.0014414966
2 2 6 4  -0.0000000004
2 3 1 4  0.0000000006
2 3 3 4  -0.0019750799
2 3 5 4  0.0014414966
2 3 7 4  -0.0000000004
2 4 0 4  0.0000000007
2 4 2 4  0.0014414966
2 4 4 4  -0.0019750799
2 4 6 4  0.0000000005
2 5 1 4  0.0000000007
2 5 3 4  0.0014414966
2 5 5 4  -0.0019750799
2 5 7 4  0.0000000005
2 6 2 4  -0.0000000004
2 6 4 4  0.0000000005
2 6 6 4  0.0000988440
2 7 3 4  -0.0000000004
2 7 5 4  0.0000000005
2 7 7 4  0.0000988440
2 0 0 6  0.0000000003
2 0 2 6  -0.0262985477
2 0 4 6  -0.0063216903
2 0 6 6  0.0000000012
2 1 1 6  0.0000000003
2 1 3 6  -0.0262985477
2 1 5 6  -0.0063216903
2 1 7 6  0.0000000012
2 2 0 6  -0.0262985477
2 2 2 6  -0.0000000004
2 2 4 6  -0.0000000004
2 2 6 6  0.0257960737
2 3 1 6  -0.0262985477
2 3 3 6  -0.0000000004
2 3 5 6  -0.0000000004
2 3 7 6  0.0257960737
2 4 0 6  -0.0063216903
2 4 2 6  -0.0000000004
2 4 4 6  0.0000000015
2 4 6 6  -0.0039774412
2 5 1 6  -0.0063216903
2 5 3 6  -0.0000000004
2 5 5 6  0.0000000015
2 5 7 6  -0.0039774412
2 6 0 6  0.0000000012
2 6 2 6  0.0257960737
2 6 4 6  -0.0039774412
2 6 6 6  -0.0000000006
2 7 1 6  0.0000000012
2 7 3 6  0.0257960737
2 7 5 6  -0.0039774412
2 7 7 6  -0.0000000006
3 0 0 1  0.0000000009
3 0 2 1  0.0297705362
3 0 4 1  0.0107286342
3 0 6 1  0.0000000005
3 1 1 1  0.0000000009
3 1 3 1  0.0297705362
3 1 5 1  0.0107286342
3 1 7 1  0.0000000005
3 2 0 1  0.0297705362
3 2 2 1  -0.0000000019
3 2 4 1  0.0000000006
3 2 6 1  -0.0262985477
3 3 1 1  0.0297705362
3 3 3 1  -0.0000000019
3 3 5 1  0.0000000006
3 3 7 1  -0.0262985477
3 4 0 1  0.0107286342
3 4 2 1  0.0000000006
3 4 4 1  0.0000000013
3 4 6 1  0.0063216903
3 5 1 1  0.0107286342
3 5 3 1  0.0000000006
3 5 5 1  0.0000000013
3 5 7 1  0.0063216903
3 6 0 1  0.0000000005
3 6 2 1  -0.0262985477
3 6 4 1  0.0063216903
3 6 6 1  0.0000000016
3 7 1 1  0.0000000005
3 7 3 1  -0.0262985477
3 7 5 1  0.0063216903
3 7 7 1  0.0000000016
3 0 0 3  0.2542558082
3 0 2 3  -0.0000000019
3 0 4 3  0.0000000009
3 0 6 3  -0.0526658157
3 1 1 3  0.2542558082
3 1 3 3  -0.0000000019
3 1 5 3  0.0000000009
3 1 7 3  -0.0526658157
3 2 0 3  -0.0000000019
3 2 2 3  0.3413642396
3 2 4 3  -0.0019750799
3 2 6 3  -0.0000000004
3 3 1 3  -0.0000000019
3 3 3 3  0.3413642396
3 3 5 3  -0.0019750799
3 3 7 3  -0.0000000004
3 4 0 3  0.0000000009
3 4 2 3  -0.0019750799
3 4 4 3  0.1649705382
3 4 6 3  -0.0000000015
3 5 1 3  0.0000000009
3 5 3 3  -0.0019750799
3 5 5 3  0.1649705382
3 5 7 3  -0.0000000015
3 6 0 3  -0.0526658157
3 6 2 3  -0.0000000004
3 6 4 3  -0.0000000015
3 6 6 3  0.2460708059
3 7 1 3  -0.0526658157
3 7 3 3  -0.0000000004
3 7 5 3  -0.0000000015
3 7 7 3  0.2460708059
3 0 0 5  0.0037007616
3 0 2 5  0.0000000006
3 0 4 5  0.0000000007
3 1 1 5  0.0037007616
3 1 3 5  0.0000000006
3 1 5 5  0.0000000007
3 2 0 5  0.0000000006
3 2 2 5  -0.0019750799
3 2 4 5  0.0014414966
3 2 6 5  -0.0000000004
3 3 1 5  0.0000000006
3 3 3 5  -0.0019750799
3 3 5 5  0.0014414966
3 3 7 5  -0.0000000004
3 4 0 5  0.0000000007
3 4 2 5  0.0014414966
3 4 4 5  -0.0019750799
3 4 6 5  0.0000000005
3 5 1 5  0.0000000007
3 5 3 5  0.0014414966
3 5 5 5  -0.0019750799
3 5 7 5  0.0000000005
3 6 2 5  -0.0000000004
3 6 4 5  0.0000000005
3 6 6 5  0.0000988440
3 7 3 5  -0.0000000004
3 7 5 5  0.0000000005
3 7 7 5  0.0000988440
3 0 0 7  0.0000000003
3 0 2 7  -0.0262985477
3 0 4 7  -0.0063216903
3 0 6 7  0.0000000012
3 1 1 7  0.0000000003
3 1 3 7  -0.0262985477
3 1 5 7  -0.0063216903
3 1 7 7  0.0000000012
3 2 0 7  -0.0262985477
3 2 2 7  -0.0000000004
3 2 4 7  -0.0000000004
3 2 6 7  0.0257960737
3 3 1 7  -0.0262985477
3 3 3 7  -0.0000000004
3 3 5 7  -0.0000000004
3 3 7 7  0.0257960737
3 4 0 7  -0.0063216903
3 4 2 7  -0.0000000004
3 4 4 7  0.0000000015
3 4 6 7  -0.0039774412
3 5 1 7  -0.0063216903
3 5 3 7  -0.0000000004
3 5 5 7  0.0000000015
3 5 7 7  -0.0039774412
3 6 0 7  0.0000000012
3 6 2 7  0.0257960737
3 6 4 7  -0.0039774412
3 6 6 7  -0.0000000006
3 7 1 7  0.0000000012
3 7 3 7  0.0257960737
3 7 5 7  -0.0039774412
3 7 7 7  -0.0000000006
4 0 0 0  0.0000000008
4 0 2 0  0.0107286342
4 0 4 0  0.0297705362
4 0 6 0  -0.0000000003
4 1 1 0  0.0000000008
4 1 3 0  0.0107286342
4 1 5 0  0.0297705362
4 1 7 0  -0.0000000003
4 2 0 0  0.0107286342
4 2 2 0  0.0000000009
4 2 4 0  0.0000000007
4 2 6 0  -0.0063216903
4 3 1 0  0.0107286342
4 3 3 0  0.0000000009
4 3 5 0  0.0000000007
4 3 7 0  -0.0063216903
4 4 0 0  0.0297705362
4 4 2 0  0.0000000007
4 4 4 0  -0.0000000010
4 4 6 0  0.0262985477
4 5 1 0  0.0297705362
4 5 3 0  0.0000000007
4 5 5 0  -0.0000000010
4 5 7 0  0.0262985477
4 6 0 0  -0.0000000003
4 6 2 0  -0.0063216903
4 6 4 0  0.0262985477
4 6 6 0  0.0000000015
4 7 1 0  -0.0000000003
4 7 3 0  -0.0063216903
4 7 5 0  0.0262985477
4 7 7 0  0.0000000015
4 0 0 2  0.0037007616
4 0 2 2  0.0000000006
4 0 4 2  0.0000000007
4 1 1 2  0.0037007616
4 1 3 2  0.0000000006
4 1 5 2  0.0000000007
4 2 0 2  0.0000000006
4 2 2 2  -0.0019750799
4 2 4 2  0.0014414966
4 2 6 2  -0.0000000004
4 3 1 2  0.0000000006
4 3 3 2  -0.0019750799
4 3 5 2  0.0014414966
4 3 7 2  -0.0000000004
4 4 0 2  0.0000000007
4 4 2 2  0.0014414966
4 4 4 2  -0.0019750799
4 4 6 2  0.0000000005
4 5 1 2  0.0000000007
4 5 3 2  0.0014414966
4 5 5 2  -0.0019750799
4 5 7 2  0.0000000005
4 6 2 2  -0.0000000004
4 6 4 2  0.0000000005
4 6 6 2  0.0000988440
4 7 3 2  -0.0000000004
4 7 5 2  0.0000000005
4 7 7 2  0.0000988440
4 0 0 4  0.2542558082
4 0 2 4  0.0000000013
4 0 4 4  -0.0000000010
4 0 6 4  0.0526658155
4 1 1 4  0.2542558082
4 1 3 4  0.0000000013
4 1 5 4  -0.0000000010
4 1 7 4  0.0526658155
4 2 0 4  0.0000000013
4 2 2 4  0.1649705382
4 2 4 4  -0.0019750799
4 2 6 4  0.0000000015
4 3 1 4  0.0000000013
4 3 3 4  0.1649705382
4 3 5 4  -0.0019750799
4 3 7 4  0.0000000015
4 4 0 4  -0.0000000010
4 4 2 4  -0.0019750799
4 4 4 4  0.3413642396
4 4 6 4  0.0000000013
4 5 1 4  -0.0000000010
4 5 3 4  -0.0019750799
4 5 5 4  0.3413642396
4 5 7 4  0.0000000013
4 6 0 4  0.0526658155
4 6 2 4  0.0000000015
4 6 4 4  0.0000000013
4 6 6 4  0.2460708058
4 7 1 4  0.0526658155
4 7 3 4  0.0000000015
4 7 5 4  0.0000000013
4 7 7 4  0.2460708058
4 0 0 6  -0.0000000001
4 0 2 6  0.0063216903
4 0 4 6  0.0262985477
4 0 6 6  0.0000000014
4 1 1 6  -0.0000000001
4 1 3 6  0.0063216903
4 1 5 6  0.0262985477
4 1 7 6  0.0000000014
4 2 0 6  0.0063216903
4 2 2 6  -0.0000000015
4 2 4 6  0.0000000005
4 2 6 6  -0.0039774412
4 3 1 6  0.0063216903
4 3 3 6  -0.0000000015
4 3 5 6  0.0000000005
4 3 7 6  -0.0039774412
4 4 0 6  0.0262985477
4 4 2 6  0.0000000005
4 4 4 6  0.0000000013
4 4 6 6  0.0257960737
4 5 1 6  0.0262985477
4 5 3 6  0.0000000005
4 5 5 6  0.0000000013
4 5 7 6  0.0257960737
4 6 0 6  0.0000000014
4 6 2 6  -0.0039774412
4 6 4 6  0.0257960737
4 6 6 6  0.0000000008
4 7 1 6  0.0000000014
4 7 3 6  -0.0039774412
4 7 5 6  0.0257960737
4 7 7 6  0.0000000008
5 0 0 1  0.0000000008
5 0 2 1  0.0107286342
5 0 4 1  0.0297705362
5 0 6 1  -0.0000000003
5 1 1 1  0.0000000008
5 1 3 1  0.0107286342
5 1 5 1  0.0297705362
5 1 7 1  -0.0000000003
5 2 0 1  0.0107286342
5 2 2 1  0.0000000009
5 2 4 1  0.0000000007
5 2 6 1  -0.0063216903
5 3 1 1  0.0107286342
5 3 3 1  0.0000000009
5 3 5 1  0.0000000007
5 3 7 1  -0.0063216903
5 4 0 1  0.0297705362
5 4 2 1  0.0000000007
5 4 4 1  -0.0000000010
5 4 6 1  0.0262985477
5 5 1 1  0.0297705362
5 5 3 1  0.0000000007
5 5 5 1  -0.0000000010
5 5 7 1  0.0262985477
5 6 0 1  -0.0000000003
5 6 2 1  -0.0063216903
5 6 4 1  0.0262985477
5 6 6 1  0.0000000015
5 7 1 1  -0.0000000003
5 7 3 1  -0.0063216903
5 7 5 1  0.0262985477
5 7 7 1  0.0000000015
5 0 0 3  0.0037007616
5 0 2 3  0.0000000006
5 0 4 3  0.0000000007
5 1 1 3  0.0037007616
5 1 3 3  0.0000000006
5 1 5 3  0.0000000007
5 2 0 3  0.0000000006
5 2 2 3  -0.0019750799
5 2 4 3  0.0014414966
5 2 6 3  -0.0000000004
5 3 1 3  0.0000000006
5 3 3 3  -0.0019750799
5 3 5 3  0.0014414966
5 3 7 3  -0.0000000004
5 4 0 3  0.0000000007
5 4 2 3  0.0014414966
5 4 4 3  -0.0019750799
5 4 6 3  0.0000000005
5 5 1 3  0.0000000007
5 5 3 3  0.0014414966
5 5 5 3  -0.0019750799
5 5 7 3  0.0000000005
5 6 2 3  -0.0000000004
5 6 4 3  0.0000000005
5 6 6 3  0.0000988440
5 7 3 3  -0.0000000004
5 7 5 3  0.0000000005
5 7 7 3  0.0000988440
5 0 0 5  0.2542558082
5 0 2 5  0.0000000013
5 0 4 5  -0.0000000010
5 0 6 5  0.0526658155
5 1 1 5  0.2542558082
5 1 3 5  0.0000000013
5 1 5 5  -0.0000000010
5 1 7 5  0.0526658155
5 2 0 5  0.0000000013
5 2 2 5  0.1649705382
5 2 4 5  -0.0019750799
5 2 6 5  0.0000000015
5 3 1 5  0.0000000013
5 3 3 5  0.1649705382
5 3 5 5  -0.0019750799
5 3 7 5  0.0000000015
5 4 0 5  -0.0000000010
5 4 2 5  -0.0019750799
5 4 4 5  0.3413642396
5 4 6 5  0.0000000013
5 5 1 5  -0.0000000010
5 5 3 5  -0.0019750799
5 5 5 5  0.3413642396
5 5 7 5  0.0000000013
5 6 0 5  0.0526658155
5 6 2 5  0.0000000015
5 6 4 5  0.0000000013
5 6 6 5  0.2460708058
5 7 1 5  0.0526658155
5 7 3 5  0.0000000015
5 7 5 5  0.0000000013
5 7 7 5  0.2460708058
5 0 0 7  -0.0000000001
5 0 2 7  0.0063216903
5 0 4 7  0.0262985477
5 0 6 7  0.0000000014
5 1 1 7  -0.0000000001
5 1 3 7  0.0063216903
5 1 5 7  0.0262985477
5 1 7 7  0.0000000014
5 2 0 7  0.0063216903
5 2 2 7  -0.0000000015
5 2 4 7  0.0000000005
5 2 6 7  -0.0039774412
5 3 1 7  0.0063216903
5 3 3 7  -0.0000000015
5 3 5 7  0.0000000005
5 3 7 7  -0.0039774412
5 4 0 7  0.0262985477
5 4 2 7  0.0000000005
5 4 4 7  0.0000000013
5 4 6 7  0.0257960737
5 5 1 7  0.0262985477
5 5 3 7  0.0000000005
5 5 5 7  0.0000000013
5 5 7 7  0.0257960737
5 6 0 7  0.0000000014
5 6 2 7  -0.0039774412
5 6 4 7  0.0257960737
5 6 6 7  0.0000000008
5 7 1 7  0.0000000014
5 7 3 7  -0.0039774412
5 7 5 7  0.0257960737
5 7 7 7  0.0000000008
6 0 0 0  -0.0000000002
6 0 2 0  0.0000000005
6 0 4 0  -0.0000000003
6 0 6 0  0.0507540068
6 1 1 0  -0.0000000002
6 1 3 0  0.0000000005
6 1 5 0  -0.0000000003
6 1 7 0  0.0507540068
6 2 0 0  0.0000000005
6 2 2 0  -0.0526658157
6 2 6 0  0.0000000012
6 3 1 0  0.0000000005
6 3 3 0  -0.0526658157
6 3 7 0  0.0000000012
6 4 0 0  -0.0000000003
6 4 4 0  0.0526658155
6 4 6 0  0.0000000014
6 5 1 0  -0.0000000003
6 5 5 0  0.0526658155
6 5 7 0  0.0000000014
6 6 0 0  0.0507540068
6 6 2 0  0.0000000012
6 6 4 0  0.0000000014
6 6 6 0  -0.0000000002
6 7 1 0  0.0507540068
6 7 3 0  0.0000000012
6 7 5 0  0.0000000014
6 7 7 0  -0.0000000002
6 0 0 2  0.0000000003
6 0 2 2  -0.0262985477
6 0 4 2  -0.0063216903
6 0 6 2  0.0000000012
6 1 1 2  0.0000000003
6 1 3 2  -0.0262985477
6 1 5 2  -0.0063216903
6 1 7 2  0.0000000012
6 2 0 2  -0.0262985477
6 2 2 2  -0.0000000004
6 2 4 2  -0.0000000004
6 2 6 2  0.0257960737
6 3 1 2  -0.0262985477
6 3 3 2  -0.0000000004
6 3 5 2  -0.0000000004
6 3 7 2  0.0257960737
6 4 0 2  -0.0063216903
6 4 2 2  -0.0000000004
6 4 4 2  0.0000000015
6 4 6 2  -0.0039774412
6 5 1 2  -0.0063216903
6 5 3 2  -0.0000000004
6 5 5 2  0.0000000015
6 5 7 2  -0.0039774412
6 6 0 2  0.0000000012
6 6 2 2  0.0257960737
6 6 4 2  -0.0039774412
6 6 6 2  -0.0000000006
6 7 1 2  0.0000000012
6 7 3 2  0.0257960737
6 7 5 2  -0.0039774412
6 7 7 2  -0.0000000006
6 0 0 4  -0.0000000001
6 0 2 4  0.0063216903
6 0 4 4  0.0262985477
6 0 6 4  0.0000000014
6 1 1 4  -0.0000000001
6 1 3 4  0.0063216903
6 1 5 4  0.0262985477
6 1 7 4  0.0000000014
6 2 0 4  0.0063216903
6 2 2 4  -0.0000000015
6 2 4 4  0.0000000005
6 2 6 4  -0.0039774412
6 3 1 4  0.0063216903
6 3 3 4  -0.0000000015
6 3 5 4  0.0000000005
6 3 7 4  -0.0039774412
6 4 0 4  0.0262985477
6 4 2 4  0.0000000005
6 4 4 4  0.0000000013
6 4 6 4  0.0257960737
6 5 1 4  0.0262985477
6 5 3 4  0.0000000005
6 5 5 4  0.0000000013
6 5 7 4  0.0257960737
6 6 0 4  0.0000000014
6 6 2 4  -0.0039774412
6 6 4 4  0.0257960737
6 6 6 4  0.0000000008
6 7 1 4  0.0000000014
6 7 3 4  -0.0039774412
6 7 5 4  0.0257960737
6 7 7 4  0.0000000008
6 0 0 6  0.2807874924
6 0 2 6  0.0000000016
6 0 4 6  0.0000000015
6 0 6 6  -0.0000000002
6 1 1 6  0.2807874924
6 1 3 6  0.0000000016
6 1 5 6  0.0000000015
6 1 7 6  -0.0000000002
6 2 0 6  0.0000000016
6 2 2 6  0.2460708059
6 2 4 6  0.0000988440
6 2 6 6  -0.0000000006
6 3 1 6  0.0000000016
6 3 3 6  0.2460708059
6 3 5 6  0.0000988440
6 3 7 6  -0.0000000006
6 4 0 6  0.0000000015
6 4 2 6  0.0000988440
6 4 4 6  0.2460708058
6 4 6 6  0.0000000008
6 5 1 6  0.0000000015
6 5 3 6  0.0000988440
6 5 5 6  0.2460708058
6 5 7 6  0.0000000008
6 6 0 6  -0.0000000002
6 6 2 6  -0.0000000006
6 6 4 6  0.0000000008
6 6 6 6  0.2710720789
6 7 1 6  -0.0000000002
6 7 3 6  -0.0000000006
6 7 5 6  0.0000000008
6 7 7 6  0.2710720789
7 0 0 1  -0.0000000002
7 0 2 1  0.0000000005
7 0 4 1  -0.0000000003
7 0 6 1  0.0507540068
7 1 1 1  -0.0000000002
7 1 3 1  0.0000000005
7 1 5 1  -0.0000000003
7 1 7 1  0.0507540068
7 2 0 1  0.0000000005
7 2 2 1  -0.0526658157
7 2 6 1  0.0000000012
7 3 1 1  0.0000000005
7 3 3 1  -0.0526658157
7 3 7 1  0.0000000012
7 4 0 1  -0.0000000003
7 4 4 1  0.0526658155
7 4 6 1  0.0000000014
7 5 1 1  -0.0000000003
7 5 5 1  0.0526658155
7 5 7 1  0.0000000014
7 6 0 1  0.0507540068
7 6 2 1  0.0000000012
7 6 4 1  0.0000000014
7 6 6 1  -0.0000000002
7 7 1 1  0.0507540068
7 7 3 1  0.0000000012
7 7 5 1  0.0000000014
7 7 7 1  -0.0000000002
7 0 0 3  0.0000000003
7 0 2 3  -0.0262985477
7 0 4 3  -0.0063216903
7 0 6 3  0.0000000012
7 1 1 3  0.0000000003
7 1 3 3  -0.0262985477
7 1 5 3  -0.0063216903
7 1 7 3  0.0000000012
7 2 0 3  -0.0262985477
7 2 2 3  -0.0000000004
7 2 4 3  -0.0000000004
7 2 6 3  0.0257960737
7 3 1 3  -0.0262985477
7 3 3 3  -0.0000000004
7 3 5 3  -0.0000000004
7 3 7 3  0.0257960737
7 4 0 3  -0.0063216903
7 4 2 3  -0.0000000004
7 4 4 3  0.0000000015
7 4 6 3  -0.0039774412
7 5 1 3  -0.0063216903
7 5 3 3  -0.0000000004
7 5 5 3  0.0000000015
7 5 7 3  -0.0039774412
7 6 0 3  0.0000000012
7 6 2 3  0.0257960737
7 6 4 3  -0.0039774412
7 6 6 3  -0.0000000006
7 7 1 3  0.0000000012
7 7 3 3  0.0257960737
7 7 5 3  -0.0039774412
7 7 7 3  -0.0000000006
7 0 0 5  -0.0000000001
7 0 2 5  0.0063216903
7 0 4 5  0.0262985477
7 0 6 5  0.0000000014
7 1 1 5  -0.0000000001
7 1 3 5  0.0063216903
7 1 5 5  0.0262985477
7 1 7 5  0.0000000014
7 2 0 5  0.0063216903
7 2 2 5  -0.0000000015
7 2 4 5  0.0000000005
7 2 6 5  -0.0039774412
7 3 1 5  0.0063216903
7 3 3 5  -0.0000000015
7 3 5 5  0.0000000005
7 3 7 5  -0.0039774412
7 4 0 5  0.0262985477
7 4 2 5  0.0000000005
7 4 4 5  0.0000000013
7 4 6 5  0.0257960737
7 5 1 5  0.0262985477
7 5 3 5  0.0000000005
7 5 5 5  0.0000000013
7 5 7 5  0.0257960737
7 6 0 5  0.0000000014
7 6 2 5  -0.0039774412
7 6 4 5  0.0257960737
7 6 6 5  0.0000000008
7 7 1 5  0.0000000014
7 7 3 5  -0.0039774412
7 7 5 5  0.0257960737
7 7 7 5  0.0000000008
7 0 0 7  0.2807874924
7 0 2 7  0.0000000016
7 0 4 7  0.0000000015
7 0 6 7  -0.0000000002
7 1 1 7  0.2807874924
7 1 3 7  0.0000000016
7 1 5 7  0.0000000015
7 1 7 7  -0.0000000002
7 2 0 7  0.0000000016
7 2 2 7  0.2460708059
7 2 4 7  0.0000988440
7 2 6 7  -0.0000000006
7 3 1 7  0.0000000016
7 3 3 7  0.2460708059
7 3 5 7  0.0000988440
7 3 7 7  -0.0000000006
7 4 0 7  0.0000000015
7 4 2 7  0.0000988440
7 4 4 7  0.2460708058
7 4 6 7  0.0000000008
7 5 1 7  0.0000000015
7 5 3 7  0.0000988440
7 5 5 7  0.2460708058
7 5 7 7  0.0000000008
7 6 0 7  -0.0000000002
7 6 2 7  -0.0000000006
7 6 4 7  0.0000000008
7 6 6 7  0.2710720789
7 7 1 7  -0.0000000002
7 7 3 7  -0.0000000006
7 7 5 7  0.0000000008
7 7 7 7  0.2710720789

