 MO Integrals with frozen core/virtual approximation

-73.25038857746483
0 0  -2.0633044145
0 2  0.0000000120
0 4  0.0000000071
1 1  -2.0633044145
1 3  0.0000000120
1 5  0.0000000071
2 0  0.0000000120
2 2  -1.5203813150
2 4  -0.0591875544
2 6  -0.0000000030
3 1  0.0000000120
3 3  -1.5203813150
3 5  -0.0591875544
3 7  -0.0000000030
4 0  0.0000000071
4 2  -0.0591875544
4 4  -1.5203813150
4 6  -0.0000000003
5 1  0.0000000071
5 3  -0.0591875544
5 5  -1.5203813150
5 7  -0.0000000003
6 2  -0.0000000030
6 4  -0.0000000003
6 6  -1.4834138867
7 3  -0.0000000030
7 5  -0.0000000003
7 7  -1.4834138867
0 0 0 0  0.3127666341
0 0 2 0  -0.0000000007
0 0 4 0  -0.0000000003
0 1 1 0  0.3127666341
0 1 3 0  -0.0000000007
0 1 5 0  -0.0000000003
0 2 0 0  -0.0000000007
0 2 2 0  0.2357446564
0 2 4 0  0.0020319187
0 2 6 0  0.0000000011
0 3 1 0  -0.0000000007
0 3 3 0  0.2357446564
0 3 5 0  0.0020319187
0 3 7 0  0.0000000011
0 4 0 0  -0.0000000003
0 4 2 0  0.0020319187
0 4 4 0  0.2357446564
0 4 6 0  -0.0000000004
0 5 1 0  -0.0000000003
0 5 3 0  0.0020319187
0 5 5 0  0.2357446564
0 5 7 0  -0.0000000004
0 6 2 0  0.0000000011
0 6 4 0  -0.0000000004
0 6 6 0  0.2937647041
0 7 3 0  0.0000000011
0 7 5 0  -0.0000000004
0 7 7 0  0.2937647041
0 0 0 2  -0.0000000007
0 0 2 2  0.0181399166
0 0 4 2  0.0054782858
0 0 6 2  0.0000000001
0 1 1 2  -0.0000000007
0 1 3 2  0.0181399166
0 1 5 2  0.0054782858
0 1 7 2  0.0000000001
0 2 0 2  0.0181399166
0 2 2 2  -0.0000000018
0 2 6 2  -0.0181285250
0 3 1 2  0.0181399166
0 3 3 2  -0.0000000018
0 3 7 2  -0.0181285250
0 4 0 2  0.0054782858
0 4 4 2  -0.0000000006
0 4 6 2  0.0032639600
0 5 1 2  0.0054782858
0 5 5 2  -0.0000000006
0 5 7 2  0.0032639600
0 6 0 2  0.0000000001
0 6 2 2  -0.0181285250
0 6 4 2  0.0032639600
0 6 6 2  -0.0000000002
0 7 1 2  0.0000000001
0 7 3 2  -0.0181285250
0 7 5 2  0.0032639600
0 7 7 2  -0.0000000002
0 0 0 4  -0.0000000003
0 0 2 4  0.0054782858
0 0 4 4  0.0181399166
0 0 6 4  0.0000000002
0 1 1 4  -0.0000000003
0 1 3 4  0.0054782858
0 1 5 4  0.0181399166
0 1 7 4  0.0000000002
0 2 0 4  0.0054782858
0 2 2 4  -0.0000000009
0 2 4 4  0.0000000002
0 2 6 4  -0.0032639600
0 3 1 4  0.0054782858
0 3 3 4  -0.0000000009
0 3 5 4  0.0000000002
0 3 7 4  -0.0032639600
0 4 0 4  0.0181399166
0 4 2 4  0.0000000002
0 4 4 4  -0.0000000009
0 4 6 4  0.0181285250
0 5 1 4  0.0181399166
0 5 3 4  0.0000000002
0 5 5 4  -0.0000000009
0 5 7 4  0.0181285250
0 6 0 4  0.0000000002
0 6 2 4  -0.0032639600
0 6 4 4  0.0181285250
0 6 6 4  0.0000000001
0 7 1 4  0.0000000002
0 7 3 4  -0.0032639600
0 7 5 4  0.0181285250
0 7 7 4  0.0000000001
0 0 2 6  0.0000000001
0 0 4 6  0.0000000002
0 0 6 6  0.0837828107
0 1 3 6  0.0000000001
0 1 5 6  0.0000000002
0 1 7 6  0.0837828107
0 2 0 6  0.0000000001
0 2 2 6  -0.0722989043
0 2 6 6  0.0000000008
0 3 1 6  0.0000000001
0 3 3 6  -0.0722989043
0 3 7 6  0.0000000008
0 4 0 6  0.0000000002
0 4 4 6  0.0722989043
0 4 6 6  0.0000000006
0 5 1 6  0.0000000002
0 5 5 6  0.0722989043
0 5 7 6  0.0000000006
0 6 0 6  0.0837828107
0 6 2 6  0.0000000008
0 6 4 6  0.0000000006
0 7 1 6  0.0837828107
0 7 3 6  0.0000000008
0 7 5 6  0.0000000006
1 0 0 1  0.3127666341
1 0 2 1  -0.0000000007
1 0 4 1  -0.0000000003
1 1 1 1  0.3127666341
1 1 3 1  -0.0000000007
1 1 5 1  -0.0000000003
1 2 0 1  -0.0000000007
1 2 2 1  0.2357446564
1 2 4 1  0.0020319187
1 2 6 1  0.0000000011
1 3 1 1  -0.0000000007
1 3 3 1  0.2357446564
1 3 5 1  0.0020319187
1 3 7 1  0.0000000011
1 4 0 1  -0.0000000003
1 4 2 1  0.0020319187
1 4 4 1  0.2357446564
1 4 6 1  -0.0000000004
1 5 1 1  -0.0000000003
1 5 3 1  0.0020319187
1 5 5 1  0.2357446564
1 5 7 1  -0.0000000004
1 6 2 1  0.0000000011
1 6 4 1  -0.0000000004
1 6 6 1  0.2937647041
1 7 3 1  0.0000000011
1 7 5 1  -0.0000000004
1 7 7 1  0.2937647041
1 0 0 3  -0.0000000007
1 0 2 3  0.0181399166
1 0 4 3  0.0054782858
1 0 6 3  0.0000000001
1 1 1 3  -0.0000000007
1 1 3 3  0.0181399166
1 1 5 3  0.0054782858
1 1 7 3  0.0000000001
1 2 0 3  0.0181399166
1 2 2 3  -0.0000000018
1 2 6 3  -0.0181285250
1 3 1 3  0.0181399166
1 3 3 3  -0.0000000018
1 3 7 3  -0.0181285250
1 4 0 3  0.0054782858
1 4 4 3  -0.0000000006
1 4 6 3  0.0032639600
1 5 1 3  0.0054782858
1 5 5 3  -0.0000000006
1 5 7 3  0.0032639600
1 6 0 3  0.0000000001
1 6 2 3  -0.0181285250
1 6 4 3  0.0032639600
1 6 6 3  -0.0000000002
1 7 1 3  0.0000000001
1 7 3 3  -0.0181285250
1 7 5 3  0.0032639600
1 7 7 3  -0.0000000002
1 0 0 5  -0.0000000003
1 0 2 5  0.0054782858
1 0 4 5  0.0181399166
1 0 6 5  0.0000000002
1 1 1 5  -0.0000000003
1 1 3 5  0.0054782858
1 1 5 5  0.0181399166
1 1 7 5  0.0000000002
1 2 0 5  0.0054782858
1 2 2 5  -0.0000000009
1 2 4 5  0.0000000002
1 2 6 5  -0.0032639600
1 3 1 5  0.0054782858
1 3 3 5  -0.0000000009
1 3 5 5  0.0000000002
1 3 7 5  -0.0032639600
1 4 0 5  0.0181399166
1 4 2 5  0.0000000002
1 4 4 5  -0.0000000009
1 4 6 5  0.0181285250
1 5 1 5  0.0181399166
1 5 3 5  0.0000000002
1 5 5 5  -0.0000000009
1 5 7 5  0.0181285250
1 6 0 5  0.0000000002
1 6 2 5  -0.0032639600
1 6 4 5  0.0181285250
1 6 6 5  0.0000000001
1 7 1 5  0.0000000002
1 7 3 5  -0.0032639600
1 7 5 5  0.0181285250
1 7 7 5  0.0000000001
1 0 2 7  0.0000000001
1 0 4 7  0.0000000002
1 0 6 7  0.0837828107
1 1 3 7  0.0000000001
1 1 5 7  0.0000000002
1 1 7 7  0.0837828107
1 2 0 7  0.0000000001
1 2 2 7  -0.0722989043
1 2 6 7  0.0000000008
1 3 1 7  0.0000000001
1 3 3 7  -0.0722989043
1 3 7 7  0.0000000008
1 4 0 7  0.0000000002
1 4 4 7  0.0722989043
1 4 6 7  0.0000000006
1 5 1 7  0.0000000002
1 5 5 7  0.0722989043
1 5 7 7  0.0000000006
1 6 0 7  0.0837828107
1 6 2 7  0.0000000008
1 6 4 7  0.0000000006
1 7 1 7  0.0837828107
1 7 3 7  0.0000000008
1 7 5 7  0.0000000006
2 0 0 0  -0.0000000007
2 0 2 0  0.0181399166
2 0 4 0  0.0054782858
2 0 6 0  0.0000000001
2 1 1 0  -0.0000000007
2 1 3 0  0.0181399166
2 1 5 0  0.0054782858
2 1 7 0  0.0000000001
2 2 0 0  0.0181399166
2 2 2 0  -0.0000000018
2 2 6 0  -0.0181285250
2 3 1 0  0.0181399166
2 3 3 0  -0.0000000018
2 3 7 0  -0.0181285250
2 4 0 0  0.0054782858
2 4 4 0  -0.0000000006
2 4 6 0  0.0032639600
2 5 1 0  0.0054782858
2 5 5 0  -0.0000000006
2 5 7 0  0.0032639600
2 6 0 0  0.0000000001
2 6 2 0  -0.0181285250
2 6 4 0  0.0032639600
2 6 6 0  -0.0000000002
2 7 1 0  0.0000000001
2 7 3 0  -0.0181285250
2 7 5 0  0.0032639600
2 7 7 0  -0.0000000002
2 0 0 2  0.2357446564
2 0 2 2  -0.0000000018
2 0 4 2  -0.0000000009
2 0 6 2  -0.0722989043
2 1 1 2  0.2357446564
2 1 3 2  -0.0000000018
2 1 5 2  -0.0000000009
2 1 7 2  -0.0722989043
2 2 0 2  -0.0000000018
2 2 2 2  0.3379363905
2 2 4 2  -0.0018959572
2 2 6 2  0.0000000013
2 3 1 2  -0.0000000018
2 3 3 2  0.3379363905
2 3 5 2  -0.0018959572
2 3 7 2  0.0000000013
2 4 0 2  -0.0000000009
2 4 2 2  -0.0018959572
2 4 4 2  0.1357794616
2 4 6 2  -0.0000000010
2 5 1 2  -0.0000000009
2 5 3 2  -0.0018959572
2 5 5 2  0.1357794616
2 5 7 2  -0.0000000010
2 6 0 2  -0.0722989043
2 6 2 2  0.0000000013
2 6 4 2  -0.0000000010
2 6 6 2  0.2396397822
2 7 1 2  -0.0722989043
2 7 3 2  0.0000000013
2 7 5 2  -0.0000000010
2 7 7 2  0.2396397822
2 0 0 4  0.0020319187
2 0 4 4  0.0000000002
2 1 1 4  0.0020319187
2 1 5 4  0.0000000002
2 2 2 4  -0.0018959572
2 2 4 4  0.0004549205
2 2 6 4  -0.0000000001
2 3 3 4  -0.0018959572
2 3 5 4  0.0004549205
2 3 7 4  -0.0000000001
2 4 0 4  0.0000000002
2 4 2 4  0.0004549205
2 4 4 4  -0.0018959572
2 4 6 4  0.0000000002
2 5 1 4  0.0000000002
2 5 3 4  0.0004549205
2 5 5 4  -0.0018959572
2 5 7 4  0.0000000002
2 6 2 4  -0.0000000001
2 6 4 4  0.0000000002
2 6 6 4  -0.0000437636
2 7 3 4  -0.0000000001
2 7 5 4  0.0000000002
2 7 7 4  -0.0000437636
2 0 0 6  0.0000000011
2 0 2 6  -0.0181285250
2 0 4 6  -0.0032639600
2 0 6 6  0.0000000008
2 1 1 6  0.0000000011
2 1 3 6  -0.0181285250
2 1 5 6  -0.0032639600
2 1 7 6  0.0000000008
2 2 0 6  -0.0181285250
2 2 2 6  0.0000000013
2 2 4 6  -0.0000000001
2 2 6 6  0.0193695711
2 3 1 6  -0.0181285250
2 3 3 6  0.0000000013
2 3 5 6  -0.0000000001
2 3 7 6  0.0193695711
2 4 0 6  -0.0032639600
2 4 2 6  -0.0000000001
2 4 4 6  0.0000000016
2 4 6 6  -0.0018746803
2 5 1 6  -0.0032639600
2 5 3 6  -0.0000000001
2 5 5 6  0.0000000016
2 5 7 6  -0.0018746803
2 6 0 6  0.0000000008
2 6 2 6  0.0193695711
2 6 4 6  -0.0018746803
2 6 6 6  0.0000000007
2 7 1 6  0.0000000008
2 7 3 6  0.0193695711
2 7 5 6  -0.0018746803
2 7 7 6  0.0000000007
3 0 0 1  -0.0000000007
3 0 2 1  0.0181399166
3 0 4 1  0.0054782858
3 0 6 1  0.0000000001
3 1 1 1  -0.0000000007
3 1 3 1  0.0181399166
3 1 5 1  0.0054782858
3 1 7 1  0.0000000001
3 2 0 1  0.0181399166
3 2 2 1  -0.0000000018
3 2 6 1  -0.0181285250
3 3 1 1  0.0181399166
3 3 3 1  -0.0000000018
3 3 7 1  -0.0181285250
3 4 0 1  0.0054782858
3 4 4 1  -0.0000000006
3 4 6 1  0.0032639600
3 5 1 1  0.0054782858
3 5 5 1  -0.0000000006
3 5 7 1  0.0032639600
3 6 0 1  0.0000000001
3 6 2 1  -0.0181285250
3 6 4 1  0.0032639600
3 6 6 1  -0.0000000002
3 7 1 1  0.0000000001
3 7 3 1  -0.0181285250
3 7 5 1  0.0032639600
3 7 7 1  -0.0000000002
3 0 0 3  0.2357446564
3 0 2 3  -0.0000000018
3 0 4 3  -0.0000000009
3 0 6 3  -0.0722989043
3 1 1 3  0.2357446564
3 1 3 3  -0.0000000018
3 1 5 3  -0.0000000009
3 1 7 3  -0.0722989043
3 2 0 3  -0.0000000018
3 2 2 3  0.3379363905
3 2 4 3  -0.0018959572
3 2 6 3  0.0000000013
3 3 1 3  -0.0000000018
3 3 3 3  0.3379363905
3 3 5 3  -0.0018959572
3 3 7 3  0.0000000013
3 4 0 3  -0.0000000009
3 4 2 3  -0.0018959572
3 4 4 3  0.1357794616
3 4 6 3  -0.0000000010
3 5 1 3  -0.0000000009
3 5 3 3  -0.0018959572
3 5 5 3  0.1357794616
3 5 7 3  -0.0000000010
3 6 0 3  -0.0722989043
3 6 2 3  0.0000000013
3 6 4 3  -0.0000000010
3 6 6 3  0.2396397822
3 7 1 3  -0.0722989043
3 7 3 3  0.0000000013
3 7 5 3  -0.0000000010
3 7 7 3  0.2396397822
3 0 0 5  0.0020319187
3 0 4 5  0.0000000002
3 1 1 5  0.0020319187
3 1 5 5  0.0000000002
3 2 2 5  -0.0018959572
3 2 4 5  0.0004549205
3 2 6 5  -0.0000000001
3 3 3 5  -0.0018959572
3 3 5 5  0.0004549205
3 3 7 5  -0.0000000001
3 4 0 5  0.0000000002
3 4 2 5  0.0004549205
3 4 4 5  -0.0018959572
3 4 6 5  0.0000000002
3 5 1 5  0.0000000002
3 5 3 5  0.0004549205
3 5 5 5  -0.0018959572
3 5 7 5  0.0000000002
3 6 2 5  -0.0000000001
3 6 4 5  0.0000000002
3 6 6 5  -0.0000437636
3 7 3 5  -0.0000000001
3 7 5 5  0.0000000002
3 7 7 5  -0.0000437636
3 0 0 7  0.0000000011
3 0 2 7  -0.0181285250
3 0 4 7  -0.0032639600
3 0 6 7  0.0000000008
3 1 1 7  0.0000000011
3 1 3 7  -0.0181285250
3 1 5 7  -0.0032639600
3 1 7 7  0.0000000008
3 2 0 7  -0.0181285250
3 2 2 7  0.0000000013
3 2 4 7  -0.0000000001
3 2 6 7  0.0193695711
3 3 1 7  -0.0181285250
3 3 3 7  0.0000000013
3 3 5 7  -0.0000000001
3 3 7 7  0.0193695711
3 4 0 7  -0.0032639600
3 4 2 7  -0.0000000001
3 4 4 7  0.0000000016
3 4 6 7  -0.0018746803
3 5 1 7  -0.0032639600
3 5 3 7  -0.0000000001
3 5 5 7  0.0000000016
3 5 7 7  -0.0018746803
3 6 0 7  0.0000000008
3 6 2 7  0.0193695711
3 6 4 7  -0.0018746803
3 6 6 7  0.0000000007
3 7 1 7  0.0000000008
3 7 3 7  0.0193695711
3 7 5 7  -0.0018746803
3 7 7 7  0.0000000007
4 0 0 0  -0.0000000003
4 0 2 0  0.0054782858
4 0 4 0  0.0181399166
4 0 6 0  0.0000000002
4 1 1 0  -0.0000000003
4 1 3 0  0.0054782858
4 1 5 0  0.0181399166
4 1 7 0  0.0000000002
4 2 0 0  0.0054782858
4 2 2 0  -0.0000000009
4 2 4 0  0.0000000002
4 2 6 0  -0.0032639600
4 3 1 0  0.0054782858
4 3 3 0  -0.0000000009
4 3 5 0  0.0000000002
4 3 7 0  -0.0032639600
4 4 0 0  0.0181399166
4 4 2 0  0.0000000002
4 4 4 0  -0.0000000009
4 4 6 0  0.0181285250
4 5 1 0  0.0181399166
4 5 3 0  0.0000000002
4 5 5 0  -0.0000000009
4 5 7 0  0.0181285250
4 6 0 0  0.0000000002
4 6 2 0  -0.0032639600
4 6 4 0  0.0181285250
4 6 6 0  0.0000000001
4 7 1 0  0.0000000002
4 7 3 0  -0.0032639600
4 7 5 0  0.0181285250
4 7 7 0  0.0000000001
4 0 0 2  0.0020319187
4 0 4 2  0.0000000002
4 1 1 2  0.0020319187
4 1 5 2  0.0000000002
4 2 2 2  -0.0018959572
4 2 4 2  0.0004549205
4 2 6 2  -0.0000000001
4 3 3 2  -0.0018959572
4 3 5 2  0.0004549205
4 3 7 2  -0.0000000001
4 4 0 2  0.0000000002
4 4 2 2  0.0004549205
4 4 4 2  -0.0018959572
4 4 6 2  0.0000000002
4 5 1 2  0.0000000002
4 5 3 2  0.0004549205
4 5 5 2  -0.0018959572
4 5 7 2  0.0000000002
4 6 2 2  -0.0000000001
4 6 4 2  0.0000000002
4 6 6 2  -0.0000437636
4 7 3 2  -0.0000000001
4 7 5 2  0.0000000002
4 7 7 2  -0.0000437636
4 0 0 4  0.2357446564
4 0 2 4  -0.0000000006
4 0 4 4  -0.0000000009
4 0 6 4  0.0722989043
4 1 1 4  0.2357446564
4 1 3 4  -0.0000000006
4 1 5 4  -0.0000000009
4 1 7 4  0.0722989043
4 2 0 4  -0.0000000006
4 2 2 4  0.1357794616
4 2 4 4  -0.0018959572
4 2 6 4  0.0000000016
4 3 1 4  -0.0000000006
4 3 3 4  0.1357794616
4 3 5 4  -0.0018959572
4 3 7 4  0.0000000016
4 4 0 4  -0.0000000009
4 4 2 4  -0.0018959572
4 4 4 4  0.3379363905
4 4 6 4  -0.0000000008
4 5 1 4  -0.0000000009
4 5 3 4  -0.0018959572
4 5 5 4  0.3379363905
4 5 7 4  -0.0000000008
4 6 0 4  0.0722989043
4 6 2 4  0.0000000016
4 6 4 4  -0.0000000008
4 6 6 4  0.2396397822
4 7 1 4  0.0722989043
4 7 3 4  0.0000000016
4 7 5 4  -0.0000000008
4 7 7 4  0.2396397822
4 0 0 6  -0.0000000004
4 0 2 6  0.0032639600
4 0 4 6  0.0181285250
4 0 6 6  0.0000000006
4 1 1 6  -0.0000000004
4 1 3 6  0.0032639600
4 1 5 6  0.0181285250
4 1 7 6  0.0000000006
4 2 0 6  0.0032639600
4 2 2 6  -0.0000000010
4 2 4 6  0.0000000002
4 2 6 6  -0.0018746803
4 3 1 6  0.0032639600
4 3 3 6  -0.0000000010
4 3 5 6  0.0000000002
4 3 7 6  -0.0018746803
4 4 0 6  0.0181285250
4 4 2 6  0.0000000002
4 4 4 6  -0.0000000008
4 4 6 6  0.0193695711
4 5 1 6  0.0181285250
4 5 3 6  0.0000000002
4 5 5 6  -0.0000000008
4 5 7 6  0.0193695711
4 6 0 6  0.0000000006
4 6 2 6  -0.0018746803
4 6 4 6  0.0193695711
4 6 6 6  -0.0000000001
4 7 1 6  0.0000000006
4 7 3 6  -0.0018746803
4 7 5 6  0.0193695711
4 7 7 6  -0.0000000001
5 0 0 1  -0.0000000003
5 0 2 1  0.0054782858
5 0 4 1  0.0181399166
5 0 6 1  0.0000000002
5 1 1 1  -0.0000000003
5 1 3 1  0.0054782858
5 1 5 1  0.0181399166
5 1 7 1  0.0000000002
5 2 0 1  0.0054782858
5 2 2 1  -0.0000000009
5 2 4 1  0.0000000002
5 2 6 1  -0.0032639600
5 3 1 1  0.0054782858
5 3 3 1  -0.0000000009
5 3 5 1  0.0000000002
5 3 7 1  -0.0032639600
5 4 0 1  0.0181399166
5 4 2 1  0.0000000002
5 4 4 1  -0.0000000009
5 4 6 1  0.0181285250
5 5 1 1  0.0181399166
5 5 3 1  0.0000000002
5 5 5 1  -0.0000000009
5 5 7 1  0.0181285250
5 6 0 1  0.0000000002
5 6 2 1  -0.0032639600
5 6 4 1  0.0181285250
5 6 6 1  0.0000000001
5 7 1 1  0.0000000002
5 7 3 1  -0.0032639600
5 7 5 1  0.0181285250
5 7 7 1  0.0000000001
5 0 0 3  0.0020319187
5 0 4 3  0.0000000002
5 1 1 3  0.0020319187
5 1 5 3  0.0000000002
5 2 2 3  -0.0018959572
5 2 4 3  0.0004549205
5 2 6 3  -0.0000000001
5 3 3 3  -0.0018959572
5 3 5 3  0.0004549205
5 3 7 3  -0.0000000001
5 4 0 3  0.0000000002
5 4 2 3  0.0004549205
5 4 4 3  -0.0018959572
5 4 6 3  0.0000000002
5 5 1 3  0.0000000002
5 5 3 3  0.0004549205
5 5 5 3  -0.0018959572
5 5 7 3  0.0000000002
5 6 2 3  -0.0000000001
5 6 4 3  0.0000000002
5 6 6 3  -0.0000437636
5 7 3 3  -0.0000000001
5 7 5 3  0.0000000002
5 7 7 3  -0.0000437636
5 0 0 5  0.2357446564
5 0 2 5  -0.0000000006
5 0 4 5  -0.0000000009
5 0 6 5  0.0722989043
5 1 1 5  0.2357446564
5 1 3 5  -0.0000000006
5 1 5 5  -0.0000000009
5 1 7 5  0.0722989043
5 2 0 5  -0.0000000006
5 2 2 5  0.1357794616
5 2 4 5  -0.0018959572
5 2 6 5  0.0000000016
5 3 1 5  -0.0000000006
5 3 3 5  0.1357794616
5 3 5 5  -0.0018959572
5 3 7 5  0.0000000016
5 4 0 5  -0.0000000009
5 4 2 5  -0.0018959572
5 4 4 5  0.3379363905
5 4 6 5  -0.0000000008
5 5 1 5  -0.0000000009
5 5 3 5  -0.0018959572
5 5 5 5  0.3379363905
5 5 7 5  -0.0000000008
5 6 0 5  0.0722989043
5 6 2 5  0.0000000016
5 6 4 5  -0.0000000008
5 6 6 5  0.2396397822
5 7 1 5  0.0722989043
5 7 3 5  0.0000000016
5 7 5 5  -0.0000000008
5 7 7 5  0.2396397822
5 0 0 7  -0.0000000004
5 0 2 7  0.0032639600
5 0 4 7  0.0181285250
5 0 6 7  0.0000000006
5 1 1 7  -0.0000000004
5 1 3 7  0.0032639600
5 1 5 7  0.0181285250
5 1 7 7  0.0000000006
5 2 0 7  0.0032639600
5 2 2 7  -0.0000000010
5 2 4 7  0.0000000002
5 2 6 7  -0.0018746803
5 3 1 7  0.0032639600
5 3 3 7  -0.0000000010
5 3 5 7  0.0000000002
5 3 7 7  -0.0018746803
5 4 0 7  0.0181285250
5 4 2 7  0.0000000002
5 4 4 7  -0.0000000008
5 4 6 7  0.0193695711
5 5 1 7  0.0181285250
5 5 3 7  0.0000000002
5 5 5 7  -0.0000000008
5 5 7 7  0.0193695711
5 6 0 7  0.0000000006
5 6 2 7  -0.0018746803
5 6 4 7  0.0193695711
5 6 6 7  -0.0000000001
5 7 1 7  0.0000000006
5 7 3 7  -0.0018746803
5 7 5 7  0.0193695711
5 7 7 7  -0.0000000001
6 0 2 0  0.0000000001
6 0 4 0  0.0000000002
6 0 6 0  0.0837828107
6 1 3 0  0.0000000001
6 1 5 0  0.0000000002
6 1 7 0  0.0837828107
6 2 0 0  0.0000000001
6 2 2 0  -0.0722989043
6 2 6 0  0.0000000008
6 3 1 0  0.0000000001
6 3 3 0  -0.0722989043
6 3 7 0  0.0000000008
6 4 0 0  0.0000000002
6 4 4 0  0.0722989043
6 4 6 0  0.0000000006
6 5 1 0  0.0000000002
6 5 5 0  0.0722989043
6 5 7 0  0.0000000006
6 6 0 0  0.0837828107
6 6 2 0  0.0000000008
6 6 4 0  0.0000000006
6 7 1 0  0.0837828107
6 7 3 0  0.0000000008
6 7 5 0  0.0000000006
6 0 0 2  0.0000000011
6 0 2 2  -0.0181285250
6 0 4 2  -0.0032639600
6 0 6 2  0.0000000008
6 1 1 2  0.0000000011
6 1 3 2  -0.0181285250
6 1 5 2  -0.0032639600
6 1 7 2  0.0000000008
6 2 0 2  -0.0181285250
6 2 2 2  0.0000000013
6 2 4 2  -0.0000000001
6 2 6 2  0.0193695711
6 3 1 2  -0.0181285250
6 3 3 2  0.0000000013
6 3 5 2  -0.0000000001
6 3 7 2  0.0193695711
6 4 0 2  -0.0032639600
6 4 2 2  -0.0000000001
6 4 4 2  0.0000000016
6 4 6 2  -0.0018746803
6 5 1 2  -0.0032639600
6 5 3 2  -0.0000000001
6 5 5 2  0.0000000016
6 5 7 2  -0.0018746803
6 6 0 2  0.0000000008
6 6 2 2  0.0193695711
6 6 4 2  -0.0018746803
6 6 6 2  0.0000000007
6 7 1 2  0.0000000008
6 7 3 2  0.0193695711
6 7 5 2  -0.0018746803
6 7 7 2  0.0000000007
6 0 0 4  -0.0000000004
6 0 2 4  0.0032639600
6 0 4 4  0.0181285250
6 0 6 4  0.0000000006
6 1 1 4  -0.0000000004
6 1 3 4  0.0032639600
6 1 5 4  0.0181285250
6 1 7 4  0.0000000006
6 2 0 4  0.0032639600
6 2 2 4  -0.0000000010
6 2 4 4  0.0000000002
6 2 6 4  -0.0018746803
6 3 1 4  0.0032639600
6 3 3 4  -0.0000000010
6 3 5 4  0.0000000002
6 3 7 4  -0.0018746803
6 4 0 4  0.0181285250
6 4 2 4  0.0000000002
6 4 4 4  -0.0000000008
6 4 6 4  0.0193695711
6 5 1 4  0.0181285250
6 5 3 4  0.0000000002
6 5 5 4  -0.0000000008
6 5 7 4  0.0193695711
6 6 0 4  0.0000000006
6 6 2 4  -0.0018746803
6 6 4 4  0.0193695711
6 6 6 4  -0.0000000001
6 7 1 4  0.0000000006
6 7 3 4  -0.0018746803
6 7 5 4  0.0193695711
6 7 7 4  -0.0000000001
6 0 0 6  0.2937647041
6 0 2 6  -0.0000000002
6 0 4 6  0.0000000001
6 1 1 6  0.2937647041
6 1 3 6  -0.0000000002
6 1 5 6  0.0000000001
6 2 0 6  -0.0000000002
6 2 2 6  0.2396397822
6 2 4 6  -0.0000437636
6 2 6 6  0.0000000007
6 3 1 6  -0.0000000002
6 3 3 6  0.2396397822
6 3 5 6  -0.0000437636
6 3 7 6  0.0000000007
6 4 0 6  0.0000000001
6 4 2 6  -0.0000437636
6 4 4 6  0.2396397822
6 4 6 6  -0.0000000001
6 5 1 6  0.0000000001
6 5 3 6  -0.0000437636
6 5 5 6  0.2396397822
6 5 7 6  -0.0000000001
6 6 2 6  0.0000000007
6 6 4 6  -0.0000000001
6 6 6 6  0.2923704279
6 7 3 6  0.0000000007
6 7 5 6  -0.0000000001
6 7 7 6  0.2923704279
7 0 2 1  0.0000000001
7 0 4 1  0.0000000002
7 0 6 1  0.0837828107
7 1 3 1  0.0000000001
7 1 5 1  0.0000000002
7 1 7 1  0.0837828107
7 2 0 1  0.0000000001
7 2 2 1  -0.0722989043
7 2 6 1  0.0000000008
7 3 1 1  0.0000000001
7 3 3 1  -0.0722989043
7 3 7 1  0.0000000008
7 4 0 1  0.0000000002
7 4 4 1  0.0722989043
7 4 6 1  0.0000000006
7 5 1 1  0.0000000002
7 5 5 1  0.0722989043
7 5 7 1  0.0000000006
7 6 0 1  0.0837828107
7 6 2 1  0.0000000008
7 6 4 1  0.0000000006
7 7 1 1  0.0837828107
7 7 3 1  0.0000000008
7 7 5 1  0.0000000006
7 0 0 3  0.0000000011
7 0 2 3  -0.0181285250
7 0 4 3  -0.0032639600
7 0 6 3  0.0000000008
7 1 1 3  0.0000000011
7 1 3 3  -0.0181285250
7 1 5 3  -0.0032639600
7 1 7 3  0.0000000008
7 2 0 3  -0.0181285250
7 2 2 3  0.0000000013
7 2 4 3  -0.0000000001
7 2 6 3  0.0193695711
7 3 1 3  -0.0181285250
7 3 3 3  0.0000000013
7 3 5 3  -0.0000000001
7 3 7 3  0.0193695711
7 4 0 3  -0.0032639600
7 4 2 3  -0.0000000001
7 4 4 3  0.0000000016
7 4 6 3  -0.0018746803
7 5 1 3  -0.0032639600
7 5 3 3  -0.0000000001
7 5 5 3  0.0000000016
7 5 7 3  -0.0018746803
7 6 0 3  0.0000000008
7 6 2 3  0.0193695711
7 6 4 3  -0.0018746803
7 6 6 3  0.0000000007
7 7 1 3  0.0000000008
7 7 3 3  0.0193695711
7 7 5 3  -0.0018746803
7 7 7 3  0.0000000007
7 0 0 5  -0.0000000004
7 0 2 5  0.0032639600
7 0 4 5  0.0181285250
7 0 6 5  0.0000000006
7 1 1 5  -0.0000000004
7 1 3 5  0.0032639600
7 1 5 5  0.0181285250
7 1 7 5  0.0000000006
7 2 0 5  0.0032639600
7 2 2 5  -0.0000000010
7 2 4 5  0.0000000002
7 2 6 5  -0.0018746803
7 3 1 5  0.0032639600
7 3 3 5  -0.0000000010
7 3 5 5  0.0000000002
7 3 7 5  -0.0018746803
7 4 0 5  0.0181285250
7 4 2 5  0.0000000002
7 4 4 5  -0.0000000008
7 4 6 5  0.0193695711
7 5 1 5  0.0181285250
7 5 3 5  0.0000000002
7 5 5 5  -0.0000000008
7 5 7 5  0.0193695711
7 6 0 5  0.0000000006
7 6 2 5  -0.0018746803
7 6 4 5  0.0193695711
7 6 6 5  -0.0000000001
7 7 1 5  0.0000000006
7 7 3 5  -0.0018746803
7 7 5 5  0.0193695711
7 7 7 5  -0.0000000001
7 0 0 7  0.2937647041
7 0 2 7  -0.0000000002
7 0 4 7  0.0000000001
7 1 1 7  0.2937647041
7 1 3 7  -0.0000000002
7 1 5 7  0.0000000001
7 2 0 7  -0.0000000002
7 2 2 7  0.2396397822
7 2 4 7  -0.0000437636
7 2 6 7  0.0000000007
7 3 1 7  -0.0000000002
7 3 3 7  0.2396397822
7 3 5 7  -0.0000437636
7 3 7 7  0.0000000007
7 4 0 7  0.0000000001
7 4 2 7  -0.0000437636
7 4 4 7  0.2396397822
7 4 6 7  -0.0000000001
7 5 1 7  0.0000000001
7 5 3 7  -0.0000437636
7 5 5 7  0.2396397822
7 5 7 7  -0.0000000001
7 6 2 7  0.0000000007
7 6 4 7  -0.0000000001
7 6 6 7  0.2923704279
7 7 3 7  0.0000000007
7 7 5 7  -0.0000000001
7 7 7 7  0.2923704279

 E(Ref) = -77.7072702604 Hartree, <S**2> = 1.0000
 E(FCI) = -77.7922309267 Hartree, <S**2> = 0.0000
