1.1465507067
0 0  -0.9515858933
0 2  -0.0614848233
0 4  0.0035955639
0 6  0.0013141690
1 1  -0.9515858933
1 3  -0.0614848233
1 5  0.0035955639
1 7  0.0013141690
2 0  -0.0614848233
2 2  -1.1093029481
2 4  -0.0528253057
2 6  0.0035955639
3 1  -0.0614848233
3 3  -1.1093029481
3 5  -0.0528253057
3 7  0.0035955639
4 0  0.0035955639
4 2  -0.0528253057
4 4  -1.1093029481
4 6  -0.0614848234
5 1  0.0035955639
5 3  -0.0528253057
5 5  -1.1093029481
5 7  -0.0614848234
6 0  0.0013141690
6 2  0.0035955639
6 4  -0.0614848234
6 6  -0.9515858930
7 1  0.0013141690
7 3  0.0035955639
7 5  -0.0614848234
7 7  -0.9515858930
0 0 0 0  0.3872215812
0 0 2 0  -0.0183644591
0 0 4 0  0.0041042302
0 0 6 0  0.0001841440
0 1 1 0  0.3872215812
0 1 3 0  -0.0183644591
0 1 5 0  0.0041042302
0 1 7 0  0.0001841440
0 2 0 0  -0.0183644591
0 2 2 0  0.1329403646
0 2 4 0  -0.0013133804
0 2 6 0  -0.0009772220
0 3 1 0  -0.0183644591
0 3 3 0  0.1329403646
0 3 5 0  -0.0013133804
0 3 7 0  -0.0009772220
0 4 0 0  0.0041042302
0 4 2 0  -0.0013133804
0 4 4 0  0.0661813409
0 4 6 0  0.0011162557
0 5 1 0  0.0041042302
0 5 3 0  -0.0013133804
0 5 5 0  0.0661813409
0 5 7 0  0.0011162557
0 6 0 0  0.0001841440
0 6 2 0  -0.0009772220
0 6 4 0  0.0011162557
0 6 6 0  0.0441183423
0 7 1 0  0.0001841440
0 7 3 0  -0.0009772220
0 7 5 0  0.0011162557
0 7 7 0  0.0441183423
0 0 0 2  -0.0183644591
0 0 2 2  0.0025552741
0 0 4 2  -0.0003349653
0 0 6 2  -0.0000280840
0 1 1 2  -0.0183644591
0 1 3 2  0.0025552741
0 1 5 2  -0.0003349653
0 1 7 2  -0.0000280840
0 2 0 2  0.0025552741
0 2 2 2  0.0121920012
0 2 4 2  -0.0001578896
0 2 6 2  -0.0001198367
0 3 1 2  0.0025552741
0 3 3 2  0.0121920012
0 3 5 2  -0.0001578896
0 3 7 2  -0.0001198367
0 4 0 2  -0.0003349653
0 4 2 2  -0.0001578896
0 4 4 2  0.0028705417
0 4 6 2  0.0000774540
0 5 1 2  -0.0003349653
0 5 3 2  -0.0001578896
0 5 5 2  0.0028705417
0 5 7 2  0.0000774540
0 6 0 2  -0.0000280840
0 6 2 2  -0.0001198367
0 6 4 2  0.0000774540
0 6 6 2  0.0011162557
0 7 1 2  -0.0000280840
0 7 3 2  -0.0001198367
0 7 5 2  0.0000774540
0 7 7 2  0.0011162557
0 0 0 4  0.0041042302
0 0 2 4  -0.0003349653
0 0 4 4  0.0000941377
0 0 6 4  0.0000048493
0 1 1 4  0.0041042302
0 1 3 4  -0.0003349653
0 1 5 4  0.0000941377
0 1 7 4  0.0000048493
0 2 0 4  -0.0003349653
0 2 2 4  -0.0004730170
0 2 4 4  0.0000304067
0 2 6 4  -0.0000004161
0 3 1 4  -0.0003349653
0 3 3 4  -0.0004730170
0 3 5 4  0.0000304067
0 3 7 4  -0.0000004161
0 4 0 4  0.0000941377
0 4 2 4  0.0000304067
0 4 4 4  -0.0035307072
0 4 6 4  -0.0001198367
0 5 1 4  0.0000941377
0 5 3 4  0.0000304067
0 5 5 4  -0.0035307072
0 5 7 4  -0.0001198367
0 6 0 4  0.0000048493
0 6 2 4  -0.0000004161
0 6 4 4  -0.0001198367
0 6 6 4  -0.0009772220
0 7 1 4  0.0000048493
0 7 3 4  -0.0000004161
0 7 5 4  -0.0001198367
0 7 7 4  -0.0009772220
0 0 0 6  0.0001841440
0 0 2 6  -0.0000280840
0 0 4 6  0.0000048493
0 0 6 6  0.0000005992
0 1 1 6  0.0001841440
0 1 3 6  -0.0000280840
0 1 5 6  0.0000048493
0 1 7 6  0.0000005992
0 2 0 6  -0.0000280840
0 2 2 6  -0.0001603180
0 2 4 6  0.0000033096
0 2 6 6  0.0000048493
0 3 1 6  -0.0000280840
0 3 3 6  -0.0001603180
0 3 5 6  0.0000033096
0 3 7 6  0.0000048493
0 4 0 6  0.0000048493
0 4 2 6  0.0000033096
0 4 4 6  -0.0001603180
0 4 6 6  -0.0000280840
0 5 1 6  0.0000048493
0 5 3 6  0.0000033096
0 5 5 6  -0.0001603180
0 5 7 6  -0.0000280840
0 6 0 6  0.0000005992
0 6 2 6  0.0000048493
0 6 4 6  -0.0000280840
0 6 6 6  0.0001841440
0 7 1 6  0.0000005992
0 7 3 6  0.0000048493
0 7 5 6  -0.0000280840
0 7 7 6  0.0001841440
1 0 0 1  0.3872215812
1 0 2 1  -0.0183644591
1 0 4 1  0.0041042302
1 0 6 1  0.0001841440
1 1 1 1  0.3872215812
1 1 3 1  -0.0183644591
1 1 5 1  0.0041042302
1 1 7 1  0.0001841440
1 2 0 1  -0.0183644591
1 2 2 1  0.1329403646
1 2 4 1  -0.0013133804
1 2 6 1  -0.0009772220
1 3 1 1  -0.0183644591
1 3 3 1  0.1329403646
1 3 5 1  -0.0013133804
1 3 7 1  -0.0009772220
1 4 0 1  0.0041042302
1 4 2 1  -0.0013133804
1 4 4 1  0.0661813409
1 4 6 1  0.0011162557
1 5 1 1  0.0041042302
1 5 3 1  -0.0013133804
1 5 5 1  0.0661813409
1 5 7 1  0.0011162557
1 6 0 1  0.0001841440
1 6 2 1  -0.0009772220
1 6 4 1  0.0011162557
1 6 6 1  0.0441183423
1 7 1 1  0.0001841440
1 7 3 1  -0.0009772220
1 7 5 1  0.0011162557
1 7 7 1  0.0441183423
1 0 0 3  -0.0183644591
1 0 2 3  0.0025552741
1 0 4 3  -0.0003349653
1 0 6 3  -0.0000280840
1 1 1 3  -0.0183644591
1 1 3 3  0.0025552741
1 1 5 3  -0.0003349653
1 1 7 3  -0.0000280840
1 2 0 3  0.0025552741
1 2 2 3  0.0121920012
1 2 4 3  -0.0001578896
1 2 6 3  -0.0001198367
1 3 1 3  0.0025552741
1 3 3 3  0.0121920012
1 3 5 3  -0.0001578896
1 3 7 3  -0.0001198367
1 4 0 3  -0.0003349653
1 4 2 3  -0.0001578896
1 4 4 3  0.0028705417
1 4 6 3  0.0000774540
1 5 1 3  -0.0003349653
1 5 3 3  -0.0001578896
1 5 5 3  0.0028705417
1 5 7 3  0.0000774540
1 6 0 3  -0.0000280840
1 6 2 3  -0.0001198367
1 6 4 3  0.0000774540
1 6 6 3  0.0011162557
1 7 1 3  -0.0000280840
1 7 3 3  -0.0001198367
1 7 5 3  0.0000774540
1 7 7 3  0.0011162557
1 0 0 5  0.0041042302
1 0 2 5  -0.0003349653
1 0 4 5  0.0000941377
1 0 6 5  0.0000048493
1 1 1 5  0.0041042302
1 1 3 5  -0.0003349653
1 1 5 5  0.0000941377
1 1 7 5  0.0000048493
1 2 0 5  -0.0003349653
1 2 2 5  -0.0004730170
1 2 4 5  0.0000304067
1 2 6 5  -0.0000004161
1 3 1 5  -0.0003349653
1 3 3 5  -0.0004730170
1 3 5 5  0.0000304067
1 3 7 5  -0.0000004161
1 4 0 5  0.0000941377
1 4 2 5  0.0000304067
1 4 4 5  -0.0035307072
1 4 6 5  -0.0001198367
1 5 1 5  0.0000941377
1 5 3 5  0.0000304067
1 5 5 5  -0.0035307072
1 5 7 5  -0.0001198367
1 6 0 5  0.0000048493
1 6 2 5  -0.0000004161
1 6 4 5  -0.0001198367
1 6 6 5  -0.0009772220
1 7 1 5  0.0000048493
1 7 3 5  -0.0000004161
1 7 5 5  -0.0001198367
1 7 7 5  -0.0009772220
1 0 0 7  0.0001841440
1 0 2 7  -0.0000280840
1 0 4 7  0.0000048493
1 0 6 7  0.0000005992
1 1 1 7  0.0001841440
1 1 3 7  -0.0000280840
1 1 5 7  0.0000048493
1 1 7 7  0.0000005992
1 2 0 7  -0.0000280840
1 2 2 7  -0.0001603180
1 2 4 7  0.0000033096
1 2 6 7  0.0000048493
1 3 1 7  -0.0000280840
1 3 3 7  -0.0001603180
1 3 5 7  0.0000033096
1 3 7 7  0.0000048493
1 4 0 7  0.0000048493
1 4 2 7  0.0000033096
1 4 4 7  -0.0001603180
1 4 6 7  -0.0000280840
1 5 1 7  0.0000048493
1 5 3 7  0.0000033096
1 5 5 7  -0.0001603180
1 5 7 7  -0.0000280840
1 6 0 7  0.0000005992
1 6 2 7  0.0000048493
1 6 4 7  -0.0000280840
1 6 6 7  0.0001841440
1 7 1 7  0.0000005992
1 7 3 7  0.0000048493
1 7 5 7  -0.0000280840
1 7 7 7  0.0001841440
2 0 0 0  -0.0183644591
2 0 2 0  0.0025552741
2 0 4 0  -0.0003349653
2 0 6 0  -0.0000280840
2 1 1 0  -0.0183644591
2 1 3 0  0.0025552741
2 1 5 0  -0.0003349653
2 1 7 0  -0.0000280840
2 2 0 0  0.0025552741
2 2 2 0  0.0121920012
2 2 4 0  -0.0001578896
2 2 6 0  -0.0001198367
2 3 1 0  0.0025552741
2 3 3 0  0.0121920012
2 3 5 0  -0.0001578896
2 3 7 0  -0.0001198367
2 4 0 0  -0.0003349653
2 4 2 0  -0.0001578896
2 4 4 0  0.0028705417
2 4 6 0  0.0000774540
2 5 1 0  -0.0003349653
2 5 3 0  -0.0001578896
2 5 5 0  0.0028705417
2 5 7 0  0.0000774540
2 6 0 0  -0.0000280840
2 6 2 0  -0.0001198367
2 6 4 0  0.0000774540
2 6 6 0  0.0011162557
2 7 1 0  -0.0000280840
2 7 3 0  -0.0001198367
2 7 5 0  0.0000774540
2 7 7 0  0.0011162557
2 0 0 2  0.1329403646
2 0 2 2  0.0121920012
2 0 4 2  -0.0004730170
2 0 6 2  -0.0001603180
2 1 1 2  0.1329403646
2 1 3 2  0.0121920012
2 1 5 2  -0.0004730170
2 1 7 2  -0.0001603180
2 2 0 2  0.0121920012
2 2 2 2  0.3914052434
2 2 4 2  -0.0030874660
2 2 6 2  -0.0035307072
2 3 1 2  0.0121920012
2 3 3 2  0.3914052434
2 3 5 2  -0.0030874660
2 3 7 2  -0.0035307072
2 4 0 2  -0.0004730170
2 4 2 2  -0.0030874660
2 4 4 2  0.1312344370
2 4 6 2  0.0028705417
2 5 1 2  -0.0004730170
2 5 3 2  -0.0030874660
2 5 5 2  0.1312344370
2 5 7 2  0.0028705417
2 6 0 2  -0.0001603180
2 6 2 2  -0.0035307072
2 6 4 2  0.0028705417
2 6 6 2  0.0661813409
2 7 1 2  -0.0001603180
2 7 3 2  -0.0035307072
2 7 5 2  0.0028705417
2 7 7 2  0.0661813409
2 0 0 4  -0.0013133804
2 0 2 4  -0.0001578896
2 0 4 4  0.0000304067
2 0 6 4  0.0000033096
2 1 1 4  -0.0013133804
2 1 3 4  -0.0001578896
2 1 5 4  0.0000304067
2 1 7 4  0.0000033096
2 2 0 4  -0.0001578896
2 2 2 4  -0.0030874660
2 2 4 4  0.0007247272
2 2 6 4  0.0000304067
2 3 1 4  -0.0001578896
2 3 3 4  -0.0030874660
2 3 5 4  0.0007247272
2 3 7 4  0.0000304067
2 4 0 4  0.0000304067
2 4 2 4  0.0007247272
2 4 4 4  -0.0030874659
2 4 6 4  -0.0001578896
2 5 1 4  0.0000304067
2 5 3 4  0.0007247272
2 5 5 4  -0.0030874659
2 5 7 4  -0.0001578896
2 6 0 4  0.0000033096
2 6 2 4  0.0000304067
2 6 4 4  -0.0001578896
2 6 6 4  -0.0013133804
2 7 1 4  0.0000033096
2 7 3 4  0.0000304067
2 7 5 4  -0.0001578896
2 7 7 4  -0.0013133804
2 0 0 6  -0.0009772220
2 0 2 6  -0.0001198367
2 0 4 6  -0.0000004161
2 0 6 6  0.0000048493
2 1 1 6  -0.0009772220
2 1 3 6  -0.0001198367
2 1 5 6  -0.0000004161
2 1 7 6  0.0000048493
2 2 0 6  -0.0001198367
2 2 2 6  -0.0035307072
2 2 4 6  0.0000304067
2 2 6 6  0.0000941377
2 3 1 6  -0.0001198367
2 3 3 6  -0.0035307072
2 3 5 6  0.0000304067
2 3 7 6  0.0000941377
2 4 0 6  -0.0000004161
2 4 2 6  0.0000304067
2 4 4 6  -0.0004730170
2 4 6 6  -0.0003349653
2 5 1 6  -0.0000004161
2 5 3 6  0.0000304067
2 5 5 6  -0.0004730170
2 5 7 6  -0.0003349653
2 6 0 6  0.0000048493
2 6 2 6  0.0000941377
2 6 4 6  -0.0003349653
2 6 6 6  0.0041042302
2 7 1 6  0.0000048493
2 7 3 6  0.0000941377
2 7 5 6  -0.0003349653
2 7 7 6  0.0041042302
3 0 0 1  -0.0183644591
3 0 2 1  0.0025552741
3 0 4 1  -0.0003349653
3 0 6 1  -0.0000280840
3 1 1 1  -0.0183644591
3 1 3 1  0.0025552741
3 1 5 1  -0.0003349653
3 1 7 1  -0.0000280840
3 2 0 1  0.0025552741
3 2 2 1  0.0121920012
3 2 4 1  -0.0001578896
3 2 6 1  -0.0001198367
3 3 1 1  0.0025552741
3 3 3 1  0.0121920012
3 3 5 1  -0.0001578896
3 3 7 1  -0.0001198367
3 4 0 1  -0.0003349653
3 4 2 1  -0.0001578896
3 4 4 1  0.0028705417
3 4 6 1  0.0000774540
3 5 1 1  -0.0003349653
3 5 3 1  -0.0001578896
3 5 5 1  0.0028705417
3 5 7 1  0.0000774540
3 6 0 1  -0.0000280840
3 6 2 1  -0.0001198367
3 6 4 1  0.0000774540
3 6 6 1  0.0011162557
3 7 1 1  -0.0000280840
3 7 3 1  -0.0001198367
3 7 5 1  0.0000774540
3 7 7 1  0.0011162557
3 0 0 3  0.1329403646
3 0 2 3  0.0121920012
3 0 4 3  -0.0004730170
3 0 6 3  -0.0001603180
3 1 1 3  0.1329403646
3 1 3 3  0.0121920012
3 1 5 3  -0.0004730170
3 1 7 3  -0.0001603180
3 2 0 3  0.0121920012
3 2 2 3  0.3914052434
3 2 4 3  -0.0030874660
3 2 6 3  -0.0035307072
3 3 1 3  0.0121920012
3 3 3 3  0.3914052434
3 3 5 3  -0.0030874660
3 3 7 3  -0.0035307072
3 4 0 3  -0.0004730170
3 4 2 3  -0.0030874660
3 4 4 3  0.1312344370
3 4 6 3  0.0028705417
3 5 1 3  -0.0004730170
3 5 3 3  -0.0030874660
3 5 5 3  0.1312344370
3 5 7 3  0.0028705417
3 6 0 3  -0.0001603180
3 6 2 3  -0.0035307072
3 6 4 3  0.0028705417
3 6 6 3  0.0661813409
3 7 1 3  -0.0001603180
3 7 3 3  -0.0035307072
3 7 5 3  0.0028705417
3 7 7 3  0.0661813409
3 0 0 5  -0.0013133804
3 0 2 5  -0.0001578896
3 0 4 5  0.0000304067
3 0 6 5  0.0000033096
3 1 1 5  -0.0013133804
3 1 3 5  -0.0001578896
3 1 5 5  0.0000304067
3 1 7 5  0.0000033096
3 2 0 5  -0.0001578896
3 2 2 5  -0.0030874660
3 2 4 5  0.0007247272
3 2 6 5  0.0000304067
3 3 1 5  -0.0001578896
3 3 3 5  -0.0030874660
3 3 5 5  0.0007247272
3 3 7 5  0.0000304067
3 4 0 5  0.0000304067
3 4 2 5  0.0007247272
3 4 4 5  -0.0030874659
3 4 6 5  -0.0001578896
3 5 1 5  0.0000304067
3 5 3 5  0.0007247272
3 5 5 5  -0.0030874659
3 5 7 5  -0.0001578896
3 6 0 5  0.0000033096
3 6 2 5  0.0000304067
3 6 4 5  -0.0001578896
3 6 6 5  -0.0013133804
3 7 1 5  0.0000033096
3 7 3 5  0.0000304067
3 7 5 5  -0.0001578896
3 7 7 5  -0.0013133804
3 0 0 7  -0.0009772220
3 0 2 7  -0.0001198367
3 0 4 7  -0.0000004161
3 0 6 7  0.0000048493
3 1 1 7  -0.0009772220
3 1 3 7  -0.0001198367
3 1 5 7  -0.0000004161
3 1 7 7  0.0000048493
3 2 0 7  -0.0001198367
3 2 2 7  -0.0035307072
3 2 4 7  0.0000304067
3 2 6 7  0.0000941377
3 3 1 7  -0.0001198367
3 3 3 7  -0.0035307072
3 3 5 7  0.0000304067
3 3 7 7  0.0000941377
3 4 0 7  -0.0000004161
3 4 2 7  0.0000304067
3 4 4 7  -0.0004730170
3 4 6 7  -0.0003349653
3 5 1 7  -0.0000004161
3 5 3 7  0.0000304067
3 5 5 7  -0.0004730170
3 5 7 7  -0.0003349653
3 6 0 7  0.0000048493
3 6 2 7  0.0000941377
3 6 4 7  -0.0003349653
3 6 6 7  0.0041042302
3 7 1 7  0.0000048493
3 7 3 7  0.0000941377
3 7 5 7  -0.0003349653
3 7 7 7  0.0041042302
4 0 0 0  0.0041042302
4 0 2 0  -0.0003349653
4 0 4 0  0.0000941377
4 0 6 0  0.0000048493
4 1 1 0  0.0041042302
4 1 3 0  -0.0003349653
4 1 5 0  0.0000941377
4 1 7 0  0.0000048493
4 2 0 0  -0.0003349653
4 2 2 0  -0.0004730170
4 2 4 0  0.0000304067
4 2 6 0  -0.0000004161
4 3 1 0  -0.0003349653
4 3 3 0  -0.0004730170
4 3 5 0  0.0000304067
4 3 7 0  -0.0000004161
4 4 0 0  0.0000941377
4 4 2 0  0.0000304067
4 4 4 0  -0.0035307072
4 4 6 0  -0.0001198367
4 5 1 0  0.0000941377
4 5 3 0  0.0000304067
4 5 5 0  -0.0035307072
4 5 7 0  -0.0001198367
4 6 0 0  0.0000048493
4 6 2 0  -0.0000004161
4 6 4 0  -0.0001198367
4 6 6 0  -0.0009772220
4 7 1 0  0.0000048493
4 7 3 0  -0.0000004161
4 7 5 0  -0.0001198367
4 7 7 0  -0.0009772220
4 0 0 2  -0.0013133804
4 0 2 2  -0.0001578896
4 0 4 2  0.0000304067
4 0 6 2  0.0000033096
4 1 1 2  -0.0013133804
4 1 3 2  -0.0001578896
4 1 5 2  0.0000304067
4 1 7 2  0.0000033096
4 2 0 2  -0.0001578896
4 2 2 2  -0.0030874660
4 2 4 2  0.0007247272
4 2 6 2  0.0000304067
4 3 1 2  -0.0001578896
4 3 3 2  -0.0030874660
4 3 5 2  0.0007247272
4 3 7 2  0.0000304067
4 4 0 2  0.0000304067
4 4 2 2  0.0007247272
4 4 4 2  -0.0030874659
4 4 6 2  -0.0001578896
4 5 1 2  0.0000304067
4 5 3 2  0.0007247272
4 5 5 2  -0.0030874659
4 5 7 2  -0.0001578896
4 6 0 2  0.0000033096
4 6 2 2  0.0000304067
4 6 4 2  -0.0001578896
4 6 6 2  -0.0013133804
4 7 1 2  0.0000033096
4 7 3 2  0.0000304067
4 7 5 2  -0.0001578896
4 7 7 2  -0.0013133804
4 0 0 4  0.0661813409
4 0 2 4  0.0028705417
4 0 4 4  -0.0035307072
4 0 6 4  -0.0001603180
4 1 1 4  0.0661813409
4 1 3 4  0.0028705417
4 1 5 4  -0.0035307072
4 1 7 4  -0.0001603180
4 2 0 4  0.0028705417
4 2 2 4  0.1312344370
4 2 4 4  -0.0030874659
4 2 6 4  -0.0004730170
4 3 1 4  0.0028705417
4 3 3 4  0.1312344370
4 3 5 4  -0.0030874659
4 3 7 4  -0.0004730170
4 4 0 4  -0.0035307072
4 4 2 4  -0.0030874659
4 4 4 4  0.3914052434
4 4 6 4  0.0121920010
4 5 1 4  -0.0035307072
4 5 3 4  -0.0030874659
4 5 5 4  0.3914052434
4 5 7 4  0.0121920010
4 6 0 4  -0.0001603180
4 6 2 4  -0.0004730170
4 6 4 4  0.0121920010
4 6 6 4  0.1329403645
4 7 1 4  -0.0001603180
4 7 3 4  -0.0004730170
4 7 5 4  0.0121920010
4 7 7 4  0.1329403645
4 0 0 6  0.0011162557
4 0 2 6  0.0000774540
4 0 4 6  -0.0001198367
4 0 6 6  -0.0000280840
4 1 1 6  0.0011162557
4 1 3 6  0.0000774540
4 1 5 6  -0.0001198367
4 1 7 6  -0.0000280840
4 2 0 6  0.0000774540
4 2 2 6  0.0028705417
4 2 4 6  -0.0001578896
4 2 6 6  -0.0003349653
4 3 1 6  0.0000774540
4 3 3 6  0.0028705417
4 3 5 6  -0.0001578896
4 3 7 6  -0.0003349653
4 4 0 6  -0.0001198367
4 4 2 6  -0.0001578896
4 4 4 6  0.0121920010
4 4 6 6  0.0025552740
4 5 1 6  -0.0001198367
4 5 3 6  -0.0001578896
4 5 5 6  0.0121920010
4 5 7 6  0.0025552740
4 6 0 6  -0.0000280840
4 6 2 6  -0.0003349653
4 6 4 6  0.0025552740
4 6 6 6  -0.0183644588
4 7 1 6  -0.0000280840
4 7 3 6  -0.0003349653
4 7 5 6  0.0025552740
4 7 7 6  -0.0183644588
5 0 0 1  0.0041042302
5 0 2 1  -0.0003349653
5 0 4 1  0.0000941377
5 0 6 1  0.0000048493
5 1 1 1  0.0041042302
5 1 3 1  -0.0003349653
5 1 5 1  0.0000941377
5 1 7 1  0.0000048493
5 2 0 1  -0.0003349653
5 2 2 1  -0.0004730170
5 2 4 1  0.0000304067
5 2 6 1  -0.0000004161
5 3 1 1  -0.0003349653
5 3 3 1  -0.0004730170
5 3 5 1  0.0000304067
5 3 7 1  -0.0000004161
5 4 0 1  0.0000941377
5 4 2 1  0.0000304067
5 4 4 1  -0.0035307072
5 4 6 1  -0.0001198367
5 5 1 1  0.0000941377
5 5 3 1  0.0000304067
5 5 5 1  -0.0035307072
5 5 7 1  -0.0001198367
5 6 0 1  0.0000048493
5 6 2 1  -0.0000004161
5 6 4 1  -0.0001198367
5 6 6 1  -0.0009772220
5 7 1 1  0.0000048493
5 7 3 1  -0.0000004161
5 7 5 1  -0.0001198367
5 7 7 1  -0.0009772220
5 0 0 3  -0.0013133804
5 0 2 3  -0.0001578896
5 0 4 3  0.0000304067
5 0 6 3  0.0000033096
5 1 1 3  -0.0013133804
5 1 3 3  -0.0001578896
5 1 5 3  0.0000304067
5 1 7 3  0.0000033096
5 2 0 3  -0.0001578896
5 2 2 3  -0.0030874660
5 2 4 3  0.0007247272
5 2 6 3  0.0000304067
5 3 1 3  -0.0001578896
5 3 3 3  -0.0030874660
5 3 5 3  0.0007247272
5 3 7 3  0.0000304067
5 4 0 3  0.0000304067
5 4 2 3  0.0007247272
5 4 4 3  -0.0030874659
5 4 6 3  -0.0001578896
5 5 1 3  0.0000304067
5 5 3 3  0.0007247272
5 5 5 3  -0.0030874659
5 5 7 3  -0.0001578896
5 6 0 3  0.0000033096
5 6 2 3  0.0000304067
5 6 4 3  -0.0001578896
5 6 6 3  -0.0013133804
5 7 1 3  0.0000033096
5 7 3 3  0.0000304067
5 7 5 3  -0.0001578896
5 7 7 3  -0.0013133804
5 0 0 5  0.0661813409
5 0 2 5  0.0028705417
5 0 4 5  -0.0035307072
5 0 6 5  -0.0001603180
5 1 1 5  0.0661813409
5 1 3 5  0.0028705417
5 1 5 5  -0.0035307072
5 1 7 5  -0.0001603180
5 2 0 5  0.0028705417
5 2 2 5  0.1312344370
5 2 4 5  -0.0030874659
5 2 6 5  -0.0004730170
5 3 1 5  0.0028705417
5 3 3 5  0.1312344370
5 3 5 5  -0.0030874659
5 3 7 5  -0.0004730170
5 4 0 5  -0.0035307072
5 4 2 5  -0.0030874659
5 4 4 5  0.3914052434
5 4 6 5  0.0121920010
5 5 1 5  -0.0035307072
5 5 3 5  -0.0030874659
5 5 5 5  0.3914052434
5 5 7 5  0.0121920010
5 6 0 5  -0.0001603180
5 6 2 5  -0.0004730170
5 6 4 5  0.0121920010
5 6 6 5  0.1329403645
5 7 1 5  -0.0001603180
5 7 3 5  -0.0004730170
5 7 5 5  0.0121920010
5 7 7 5  0.1329403645
5 0 0 7  0.0011162557
5 0 2 7  0.0000774540
5 0 4 7  -0.0001198367
5 0 6 7  -0.0000280840
5 1 1 7  0.0011162557
5 1 3 7  0.0000774540
5 1 5 7  -0.0001198367
5 1 7 7  -0.0000280840
5 2 0 7  0.0000774540
5 2 2 7  0.0028705417
5 2 4 7  -0.0001578896
5 2 6 7  -0.0003349653
5 3 1 7  0.0000774540
5 3 3 7  0.0028705417
5 3 5 7  -0.0001578896
5 3 7 7  -0.0003349653
5 4 0 7  -0.0001198367
5 4 2 7  -0.0001578896
5 4 4 7  0.0121920010
5 4 6 7  0.0025552740
5 5 1 7  -0.0001198367
5 5 3 7  -0.0001578896
5 5 5 7  0.0121920010
5 5 7 7  0.0025552740
5 6 0 7  -0.0000280840
5 6 2 7  -0.0003349653
5 6 4 7  0.0025552740
5 6 6 7  -0.0183644588
5 7 1 7  -0.0000280840
5 7 3 7  -0.0003349653
5 7 5 7  0.0025552740
5 7 7 7  -0.0183644588
6 0 0 0  0.0001841440
6 0 2 0  -0.0000280840
6 0 4 0  0.0000048493
6 0 6 0  0.0000005992
6 1 1 0  0.0001841440
6 1 3 0  -0.0000280840
6 1 5 0  0.0000048493
6 1 7 0  0.0000005992
6 2 0 0  -0.0000280840
6 2 2 0  -0.0001603180
6 2 4 0  0.0000033096
6 2 6 0  0.0000048493
6 3 1 0  -0.0000280840
6 3 3 0  -0.0001603180
6 3 5 0  0.0000033096
6 3 7 0  0.0000048493
6 4 0 0  0.0000048493
6 4 2 0  0.0000033096
6 4 4 0  -0.0001603180
6 4 6 0  -0.0000280840
6 5 1 0  0.0000048493
6 5 3 0  0.0000033096
6 5 5 0  -0.0001603180
6 5 7 0  -0.0000280840
6 6 0 0  0.0000005992
6 6 2 0  0.0000048493
6 6 4 0  -0.0000280840
6 6 6 0  0.0001841440
6 7 1 0  0.0000005992
6 7 3 0  0.0000048493
6 7 5 0  -0.0000280840
6 7 7 0  0.0001841440
6 0 0 2  -0.0009772220
6 0 2 2  -0.0001198367
6 0 4 2  -0.0000004161
6 0 6 2  0.0000048493
6 1 1 2  -0.0009772220
6 1 3 2  -0.0001198367
6 1 5 2  -0.0000004161
6 1 7 2  0.0000048493
6 2 0 2  -0.0001198367
6 2 2 2  -0.0035307072
6 2 4 2  0.0000304067
6 2 6 2  0.0000941377
6 3 1 2  -0.0001198367
6 3 3 2  -0.0035307072
6 3 5 2  0.0000304067
6 3 7 2  0.0000941377
6 4 0 2  -0.0000004161
6 4 2 2  0.0000304067
6 4 4 2  -0.0004730170
6 4 6 2  -0.0003349653
6 5 1 2  -0.0000004161
6 5 3 2  0.0000304067
6 5 5 2  -0.0004730170
6 5 7 2  -0.0003349653
6 6 0 2  0.0000048493
6 6 2 2  0.0000941377
6 6 4 2  -0.0003349653
6 6 6 2  0.0041042302
6 7 1 2  0.0000048493
6 7 3 2  0.0000941377
6 7 5 2  -0.0003349653
6 7 7 2  0.0041042302
6 0 0 4  0.0011162557
6 0 2 4  0.0000774540
6 0 4 4  -0.0001198367
6 0 6 4  -0.0000280840
6 1 1 4  0.0011162557
6 1 3 4  0.0000774540
6 1 5 4  -0.0001198367
6 1 7 4  -0.0000280840
6 2 0 4  0.0000774540
6 2 2 4  0.0028705417
6 2 4 4  -0.0001578896
6 2 6 4  -0.0003349653
6 3 1 4  0.0000774540
6 3 3 4  0.0028705417
6 3 5 4  -0.0001578896
6 3 7 4  -0.0003349653
6 4 0 4  -0.0001198367
6 4 2 4  -0.0001578896
6 4 4 4  0.0121920010
6 4 6 4  0.0025552740
6 5 1 4  -0.0001198367
6 5 3 4  -0.0001578896
6 5 5 4  0.0121920010
6 5 7 4  0.0025552740
6 6 0 4  -0.0000280840
6 6 2 4  -0.0003349653
6 6 4 4  0.0025552740
6 6 6 4  -0.0183644588
6 7 1 4  -0.0000280840
6 7 3 4  -0.0003349653
6 7 5 4  0.0025552740
6 7 7 4  -0.0183644588
6 0 0 6  0.0441183423
6 0 2 6  0.0011162557
6 0 4 6  -0.0009772220
6 0 6 6  0.0001841440
6 1 1 6  0.0441183423
6 1 3 6  0.0011162557
6 1 5 6  -0.0009772220
6 1 7 6  0.0001841440
6 2 0 6  0.0011162557
6 2 2 6  0.0661813409
6 2 4 6  -0.0013133804
6 2 6 6  0.0041042302
6 3 1 6  0.0011162557
6 3 3 6  0.0661813409
6 3 5 6  -0.0013133804
6 3 7 6  0.0041042302
6 4 0 6  -0.0009772220
6 4 2 6  -0.0013133804
6 4 4 6  0.1329403645
6 4 6 6  -0.0183644588
6 5 1 6  -0.0009772220
6 5 3 6  -0.0013133804
6 5 5 6  0.1329403645
6 5 7 6  -0.0183644588
6 6 0 6  0.0001841440
6 6 2 6  0.0041042302
6 6 4 6  -0.0183644588
6 6 6 6  0.3872215811
6 7 1 6  0.0001841440
6 7 3 6  0.0041042302
6 7 5 6  -0.0183644588
6 7 7 6  0.3872215811
7 0 0 1  0.0001841440
7 0 2 1  -0.0000280840
7 0 4 1  0.0000048493
7 0 6 1  0.0000005992
7 1 1 1  0.0001841440
7 1 3 1  -0.0000280840
7 1 5 1  0.0000048493
7 1 7 1  0.0000005992
7 2 0 1  -0.0000280840
7 2 2 1  -0.0001603180
7 2 4 1  0.0000033096
7 2 6 1  0.0000048493
7 3 1 1  -0.0000280840
7 3 3 1  -0.0001603180
7 3 5 1  0.0000033096
7 3 7 1  0.0000048493
7 4 0 1  0.0000048493
7 4 2 1  0.0000033096
7 4 4 1  -0.0001603180
7 4 6 1  -0.0000280840
7 5 1 1  0.0000048493
7 5 3 1  0.0000033096
7 5 5 1  -0.0001603180
7 5 7 1  -0.0000280840
7 6 0 1  0.0000005992
7 6 2 1  0.0000048493
7 6 4 1  -0.0000280840
7 6 6 1  0.0001841440
7 7 1 1  0.0000005992
7 7 3 1  0.0000048493
7 7 5 1  -0.0000280840
7 7 7 1  0.0001841440
7 0 0 3  -0.0009772220
7 0 2 3  -0.0001198367
7 0 4 3  -0.0000004161
7 0 6 3  0.0000048493
7 1 1 3  -0.0009772220
7 1 3 3  -0.0001198367
7 1 5 3  -0.0000004161
7 1 7 3  0.0000048493
7 2 0 3  -0.0001198367
7 2 2 3  -0.0035307072
7 2 4 3  0.0000304067
7 2 6 3  0.0000941377
7 3 1 3  -0.0001198367
7 3 3 3  -0.0035307072
7 3 5 3  0.0000304067
7 3 7 3  0.0000941377
7 4 0 3  -0.0000004161
7 4 2 3  0.0000304067
7 4 4 3  -0.0004730170
7 4 6 3  -0.0003349653
7 5 1 3  -0.0000004161
7 5 3 3  0.0000304067
7 5 5 3  -0.0004730170
7 5 7 3  -0.0003349653
7 6 0 3  0.0000048493
7 6 2 3  0.0000941377
7 6 4 3  -0.0003349653
7 6 6 3  0.0041042302
7 7 1 3  0.0000048493
7 7 3 3  0.0000941377
7 7 5 3  -0.0003349653
7 7 7 3  0.0041042302
7 0 0 5  0.0011162557
7 0 2 5  0.0000774540
7 0 4 5  -0.0001198367
7 0 6 5  -0.0000280840
7 1 1 5  0.0011162557
7 1 3 5  0.0000774540
7 1 5 5  -0.0001198367
7 1 7 5  -0.0000280840
7 2 0 5  0.0000774540
7 2 2 5  0.0028705417
7 2 4 5  -0.0001578896
7 2 6 5  -0.0003349653
7 3 1 5  0.0000774540
7 3 3 5  0.0028705417
7 3 5 5  -0.0001578896
7 3 7 5  -0.0003349653
7 4 0 5  -0.0001198367
7 4 2 5  -0.0001578896
7 4 4 5  0.0121920010
7 4 6 5  0.0025552740
7 5 1 5  -0.0001198367
7 5 3 5  -0.0001578896
7 5 5 5  0.0121920010
7 5 7 5  0.0025552740
7 6 0 5  -0.0000280840
7 6 2 5  -0.0003349653
7 6 4 5  0.0025552740
7 6 6 5  -0.0183644588
7 7 1 5  -0.0000280840
7 7 3 5  -0.0003349653
7 7 5 5  0.0025552740
7 7 7 5  -0.0183644588
7 0 0 7  0.0441183423
7 0 2 7  0.0011162557
7 0 4 7  -0.0009772220
7 0 6 7  0.0001841440
7 1 1 7  0.0441183423
7 1 3 7  0.0011162557
7 1 5 7  -0.0009772220
7 1 7 7  0.0001841440
7 2 0 7  0.0011162557
7 2 2 7  0.0661813409
7 2 4 7  -0.0013133804
7 2 6 7  0.0041042302
7 3 1 7  0.0011162557
7 3 3 7  0.0661813409
7 3 5 7  -0.0013133804
7 3 7 7  0.0041042302
7 4 0 7  -0.0009772220
7 4 2 7  -0.0013133804
7 4 4 7  0.1329403645
7 4 6 7  -0.0183644588
7 5 1 7  -0.0009772220
7 5 3 7  -0.0013133804
7 5 5 7  0.1329403645
7 5 7 7  -0.0183644588
7 6 0 7  0.0001841440
7 6 2 7  0.0041042302
7 6 4 7  -0.0183644588
7 6 6 7  0.3872215811
7 7 1 7  0.0001841440
7 7 3 7  0.0041042302
7 7 5 7  -0.0183644588
7 7 7 7  0.3872215811
