1.1465507067
0 0  -1.1337969544
0 4  0.0924698457
1 1  -1.1337969544
1 5  0.0924698457
2 2  -1.0422681232
2 6  -0.0741979308
3 3  -1.0422681232
3 7  -0.0741979308
4 0  0.0924698457
4 4  -0.9786030113
5 1  0.0924698457
5 5  -0.9786030113
6 2  -0.0741979308
6 6  -0.9671095697
7 3  -0.0741979308
7 7  -0.9671095697
0 0 0 0  0.1752405387
0 0 4 0  -0.0288087606
0 1 1 0  0.1752405387
0 1 5 0  -0.0288087606
0 2 2 0  0.1595532096
0 2 6 0  0.0299199167
0 3 3 0  0.1595532096
0 3 7 0  0.0299199167
0 4 0 0  -0.0288087606
0 4 4 0  0.1610730239
0 5 1 0  -0.0288087606
0 5 5 0  0.1610730239
0 6 2 0  0.0299199167
0 6 6 0  0.1809752928
0 7 3 0  0.0299199167
0 7 7 0  0.1809752928
0 0 2 2  0.0823219265
0 0 6 2  0.0151991996
0 1 3 2  0.0823219265
0 1 7 2  0.0151991996
0 2 0 2  0.0823219265
0 2 4 2  0.0348532349
0 3 1 2  0.0823219265
0 3 5 2  0.0348532349
0 4 2 2  0.0348532349
0 4 6 2  -0.0841634172
0 5 3 2  0.0348532349
0 5 7 2  -0.0841634172
0 6 0 2  0.0151991996
0 6 4 2  -0.0841634172
0 7 1 2  0.0151991996
0 7 5 2  -0.0841634172
0 0 0 4  -0.0288087606
0 0 4 4  0.0638909839
0 1 1 4  -0.0288087606
0 1 5 4  0.0638909839
0 2 2 4  0.0087140627
0 2 6 4  -0.0645117143
0 3 3 4  0.0087140627
0 3 7 4  -0.0645117143
0 4 0 4  0.0638909839
0 4 4 4  0.0089516744
0 5 1 4  0.0638909839
0 5 5 4  0.0089516744
0 6 2 4  -0.0645117143
0 6 6 4  -0.0298790186
0 7 3 4  -0.0645117143
0 7 7 4  -0.0298790186
0 0 2 6  0.0151991996
0 0 6 6  0.0616734263
0 1 3 6  0.0151991996
0 1 7 6  0.0616734263
0 2 0 6  0.0151991996
0 2 4 6  -0.0519755389
0 3 1 6  0.0151991996
0 3 5 6  -0.0519755389
0 4 2 6  -0.0519755389
0 4 6 6  -0.0151145984
0 5 3 6  -0.0519755389
0 5 7 6  -0.0151145984
0 6 0 6  0.0616734263
0 6 4 6  -0.0151145984
0 7 1 6  0.0616734263
0 7 5 6  -0.0151145984
1 0 0 1  0.1752405387
1 0 4 1  -0.0288087606
1 1 1 1  0.1752405387
1 1 5 1  -0.0288087606
1 2 2 1  0.1595532096
1 2 6 1  0.0299199167
1 3 3 1  0.1595532096
1 3 7 1  0.0299199167
1 4 0 1  -0.0288087606
1 4 4 1  0.1610730239
1 5 1 1  -0.0288087606
1 5 5 1  0.1610730239
1 6 2 1  0.0299199167
1 6 6 1  0.1809752928
1 7 3 1  0.0299199167
1 7 7 1  0.1809752928
1 0 2 3  0.0823219265
1 0 6 3  0.0151991996
1 1 3 3  0.0823219265
1 1 7 3  0.0151991996
1 2 0 3  0.0823219265
1 2 4 3  0.0348532349
1 3 1 3  0.0823219265
1 3 5 3  0.0348532349
1 4 2 3  0.0348532349
1 4 6 3  -0.0841634172
1 5 3 3  0.0348532349
1 5 7 3  -0.0841634172
1 6 0 3  0.0151991996
1 6 4 3  -0.0841634172
1 7 1 3  0.0151991996
1 7 5 3  -0.0841634172
1 0 0 5  -0.0288087606
1 0 4 5  0.0638909839
1 1 1 5  -0.0288087606
1 1 5 5  0.0638909839
1 2 2 5  0.0087140627
1 2 6 5  -0.0645117143
1 3 3 5  0.0087140627
1 3 7 5  -0.0645117143
1 4 0 5  0.0638909839
1 4 4 5  0.0089516744
1 5 1 5  0.0638909839
1 5 5 5  0.0089516744
1 6 2 5  -0.0645117143
1 6 6 5  -0.0298790186
1 7 3 5  -0.0645117143
1 7 7 5  -0.0298790186
1 0 2 7  0.0151991996
1 0 6 7  0.0616734263
1 1 3 7  0.0151991996
1 1 7 7  0.0616734263
1 2 0 7  0.0151991996
1 2 4 7  -0.0519755389
1 3 1 7  0.0151991996
1 3 5 7  -0.0519755389
1 4 2 7  -0.0519755389
1 4 6 7  -0.0151145984
1 5 3 7  -0.0519755389
1 5 7 7  -0.0151145984
1 6 0 7  0.0616734263
1 6 4 7  -0.0151145984
1 7 1 7  0.0616734263
1 7 5 7  -0.0151145984
2 0 2 0  0.0823219265
2 0 6 0  0.0151991996
2 1 3 0  0.0823219265
2 1 7 0  0.0151991996
2 2 0 0  0.0823219265
2 2 4 0  0.0348532349
2 3 1 0  0.0823219265
2 3 5 0  0.0348532349
2 4 2 0  0.0348532349
2 4 6 0  -0.0841634172
2 5 3 0  0.0348532349
2 5 7 0  -0.0841634172
2 6 0 0  0.0151991996
2 6 4 0  -0.0841634172
2 7 1 0  0.0151991996
2 7 5 0  -0.0841634172
2 0 0 2  0.1595532096
2 0 4 2  0.0087140627
2 1 1 2  0.1595532096
2 1 5 2  0.0087140627
2 2 2 2  0.1661712912
2 2 6 2  -0.0075427638
2 3 3 2  0.1661712912
2 3 7 2  -0.0075427638
2 4 0 2  0.0087140627
2 4 4 2  0.1674993927
2 5 1 2  0.0087140627
2 5 5 2  0.1674993927
2 6 2 2  -0.0075427638
2 6 6 2  0.1652079015
2 7 3 2  -0.0075427638
2 7 7 2  0.1652079015
2 0 2 4  0.0348532349
2 0 6 4  -0.0519755389
2 1 3 4  0.0348532349
2 1 7 4  -0.0519755389
2 2 0 4  0.0348532349
2 2 4 4  0.0727955271
2 3 1 4  0.0348532349
2 3 5 4  0.0727955271
2 4 2 4  0.0727955271
2 4 6 4  -0.0363892281
2 5 3 4  0.0727955271
2 5 7 4  -0.0363892281
2 6 0 4  -0.0519755389
2 6 4 4  -0.0363892281
2 7 1 4  -0.0519755389
2 7 5 4  -0.0363892281
2 0 0 6  0.0299199167
2 0 4 6  -0.0645117143
2 1 1 6  0.0299199167
2 1 5 6  -0.0645117143
2 2 2 6  -0.0075427638
2 2 6 6  0.0659880686
2 3 3 6  -0.0075427638
2 3 7 6  0.0659880686
2 4 0 6  -0.0645117143
2 4 4 6  -0.0088170788
2 5 1 6  -0.0645117143
2 5 5 6  -0.0088170788
2 6 2 6  0.0659880686
2 6 6 6  0.0314140785
2 7 3 6  0.0659880686
2 7 7 6  0.0314140785
3 0 2 1  0.0823219265
3 0 6 1  0.0151991996
3 1 3 1  0.0823219265
3 1 7 1  0.0151991996
3 2 0 1  0.0823219265
3 2 4 1  0.0348532349
3 3 1 1  0.0823219265
3 3 5 1  0.0348532349
3 4 2 1  0.0348532349
3 4 6 1  -0.0841634172
3 5 3 1  0.0348532349
3 5 7 1  -0.0841634172
3 6 0 1  0.0151991996
3 6 4 1  -0.0841634172
3 7 1 1  0.0151991996
3 7 5 1  -0.0841634172
3 0 0 3  0.1595532096
3 0 4 3  0.0087140627
3 1 1 3  0.1595532096
3 1 5 3  0.0087140627
3 2 2 3  0.1661712912
3 2 6 3  -0.0075427638
3 3 3 3  0.1661712912
3 3 7 3  -0.0075427638
3 4 0 3  0.0087140627
3 4 4 3  0.1674993927
3 5 1 3  0.0087140627
3 5 5 3  0.1674993927
3 6 2 3  -0.0075427638
3 6 6 3  0.1652079015
3 7 3 3  -0.0075427638
3 7 7 3  0.1652079015
3 0 2 5  0.0348532349
3 0 6 5  -0.0519755389
3 1 3 5  0.0348532349
3 1 7 5  -0.0519755389
3 2 0 5  0.0348532349
3 2 4 5  0.0727955271
3 3 1 5  0.0348532349
3 3 5 5  0.0727955271
3 4 2 5  0.0727955271
3 4 6 5  -0.0363892281
3 5 3 5  0.0727955271
3 5 7 5  -0.0363892281
3 6 0 5  -0.0519755389
3 6 4 5  -0.0363892281
3 7 1 5  -0.0519755389
3 7 5 5  -0.0363892281
3 0 0 7  0.0299199167
3 0 4 7  -0.0645117143
3 1 1 7  0.0299199167
3 1 5 7  -0.0645117143
3 2 2 7  -0.0075427638
3 2 6 7  0.0659880686
3 3 3 7  -0.0075427638
3 3 7 7  0.0659880686
3 4 0 7  -0.0645117143
3 4 4 7  -0.0088170788
3 5 1 7  -0.0645117143
3 5 5 7  -0.0088170788
3 6 2 7  0.0659880686
3 6 6 7  0.0314140785
3 7 3 7  0.0659880686
3 7 7 7  0.0314140785
4 0 0 0  -0.0288087606
4 0 4 0  0.0638909839
4 1 1 0  -0.0288087606
4 1 5 0  0.0638909839
4 2 2 0  0.0087140627
4 2 6 0  -0.0645117143
4 3 3 0  0.0087140627
4 3 7 0  -0.0645117143
4 4 0 0  0.0638909839
4 4 4 0  0.0089516744
4 5 1 0  0.0638909839
4 5 5 0  0.0089516744
4 6 2 0  -0.0645117143
4 6 6 0  -0.0298790186
4 7 3 0  -0.0645117143
4 7 7 0  -0.0298790186
4 0 2 2  0.0348532349
4 0 6 2  -0.0519755389
4 1 3 2  0.0348532349
4 1 7 2  -0.0519755389
4 2 0 2  0.0348532349
4 2 4 2  0.0727955271
4 3 1 2  0.0348532349
4 3 5 2  0.0727955271
4 4 2 2  0.0727955271
4 4 6 2  -0.0363892281
4 5 3 2  0.0727955271
4 5 7 2  -0.0363892281
4 6 0 2  -0.0519755389
4 6 4 2  -0.0363892281
4 7 1 2  -0.0519755389
4 7 5 2  -0.0363892281
4 0 0 4  0.1610730239
4 0 4 4  0.0089516744
4 1 1 4  0.1610730239
4 1 5 4  0.0089516744
4 2 2 4  0.1674993927
4 2 6 4  -0.0088170788
4 3 3 4  0.1674993927
4 3 7 4  -0.0088170788
4 4 0 4  0.0089516744
4 4 4 4  0.1707028181
4 5 1 4  0.0089516744
4 5 5 4  0.1707028181
4 6 2 4  -0.0088170788
4 6 6 4  0.1673516592
4 7 3 4  -0.0088170788
4 7 7 4  0.1673516592
4 0 2 6  -0.0841634172
4 0 6 6  -0.0151145984
4 1 3 6  -0.0841634172
4 1 7 6  -0.0151145984
4 2 0 6  -0.0841634172
4 2 4 6  -0.0363892281
4 3 1 6  -0.0841634172
4 3 5 6  -0.0363892281
4 4 2 6  -0.0363892281
4 4 6 6  0.0874185138
4 5 3 6  -0.0363892281
4 5 7 6  0.0874185138
4 6 0 6  -0.0151145984
4 6 4 6  0.0874185138
4 7 1 6  -0.0151145984
4 7 5 6  0.0874185138
5 0 0 1  -0.0288087606
5 0 4 1  0.0638909839
5 1 1 1  -0.0288087606
5 1 5 1  0.0638909839
5 2 2 1  0.0087140627
5 2 6 1  -0.0645117143
5 3 3 1  0.0087140627
5 3 7 1  -0.0645117143
5 4 0 1  0.0638909839
5 4 4 1  0.0089516744
5 5 1 1  0.0638909839
5 5 5 1  0.0089516744
5 6 2 1  -0.0645117143
5 6 6 1  -0.0298790186
5 7 3 1  -0.0645117143
5 7 7 1  -0.0298790186
5 0 2 3  0.0348532349
5 0 6 3  -0.0519755389
5 1 3 3  0.0348532349
5 1 7 3  -0.0519755389
5 2 0 3  0.0348532349
5 2 4 3  0.0727955271
5 3 1 3  0.0348532349
5 3 5 3  0.0727955271
5 4 2 3  0.0727955271
5 4 6 3  -0.0363892281
5 5 3 3  0.0727955271
5 5 7 3  -0.0363892281
5 6 0 3  -0.0519755389
5 6 4 3  -0.0363892281
5 7 1 3  -0.0519755389
5 7 5 3  -0.0363892281
5 0 0 5  0.1610730239
5 0 4 5  0.0089516744
5 1 1 5  0.1610730239
5 1 5 5  0.0089516744
5 2 2 5  0.1674993927
5 2 6 5  -0.0088170788
5 3 3 5  0.1674993927
5 3 7 5  -0.0088170788
5 4 0 5  0.0089516744
5 4 4 5  0.1707028181
5 5 1 5  0.0089516744
5 5 5 5  0.1707028181
5 6 2 5  -0.0088170788
5 6 6 5  0.1673516592
5 7 3 5  -0.0088170788
5 7 7 5  0.1673516592
5 0 2 7  -0.0841634172
5 0 6 7  -0.0151145984
5 1 3 7  -0.0841634172
5 1 7 7  -0.0151145984
5 2 0 7  -0.0841634172
5 2 4 7  -0.0363892281
5 3 1 7  -0.0841634172
5 3 5 7  -0.0363892281
5 4 2 7  -0.0363892281
5 4 6 7  0.0874185138
5 5 3 7  -0.0363892281
5 5 7 7  0.0874185138
5 6 0 7  -0.0151145984
5 6 4 7  0.0874185138
5 7 1 7  -0.0151145984
5 7 5 7  0.0874185138
6 0 2 0  0.0151991996
6 0 6 0  0.0616734263
6 1 3 0  0.0151991996
6 1 7 0  0.0616734263
6 2 0 0  0.0151991996
6 2 4 0  -0.0519755389
6 3 1 0  0.0151991996
6 3 5 0  -0.0519755389
6 4 2 0  -0.0519755389
6 4 6 0  -0.0151145984
6 5 3 0  -0.0519755389
6 5 7 0  -0.0151145984
6 6 0 0  0.0616734263
6 6 4 0  -0.0151145984
6 7 1 0  0.0616734263
6 7 5 0  -0.0151145984
6 0 0 2  0.0299199167
6 0 4 2  -0.0645117143
6 1 1 2  0.0299199167
6 1 5 2  -0.0645117143
6 2 2 2  -0.0075427638
6 2 6 2  0.0659880686
6 3 3 2  -0.0075427638
6 3 7 2  0.0659880686
6 4 0 2  -0.0645117143
6 4 4 2  -0.0088170788
6 5 1 2  -0.0645117143
6 5 5 2  -0.0088170788
6 6 2 2  0.0659880686
6 6 6 2  0.0314140785
6 7 3 2  0.0659880686
6 7 7 2  0.0314140785
6 0 2 4  -0.0841634172
6 0 6 4  -0.0151145984
6 1 3 4  -0.0841634172
6 1 7 4  -0.0151145984
6 2 0 4  -0.0841634172
6 2 4 4  -0.0363892281
6 3 1 4  -0.0841634172
6 3 5 4  -0.0363892281
6 4 2 4  -0.0363892281
6 4 6 4  0.0874185138
6 5 3 4  -0.0363892281
6 5 7 4  0.0874185138
6 6 0 4  -0.0151145984
6 6 4 4  0.0874185138
6 7 1 4  -0.0151145984
6 7 5 4  0.0874185138
6 0 0 6  0.1809752928
6 0 4 6  -0.0298790186
6 1 1 6  0.1809752928
6 1 5 6  -0.0298790186
6 2 2 6  0.1652079015
6 2 6 6  0.0314140785
6 3 3 6  0.1652079015
6 3 7 6  0.0314140785
6 4 0 6  -0.0298790186
6 4 4 6  0.1673516592
6 5 1 6  -0.0298790186
6 5 5 6  0.1673516592
6 6 2 6  0.0314140785
6 6 6 6  0.1890103916
6 7 3 6  0.0314140785
6 7 7 6  0.1890103916
7 0 2 1  0.0151991996
7 0 6 1  0.0616734263
7 1 3 1  0.0151991996
7 1 7 1  0.0616734263
7 2 0 1  0.0151991996
7 2 4 1  -0.0519755389
7 3 1 1  0.0151991996
7 3 5 1  -0.0519755389
7 4 2 1  -0.0519755389
7 4 6 1  -0.0151145984
7 5 3 1  -0.0519755389
7 5 7 1  -0.0151145984
7 6 0 1  0.0616734263
7 6 4 1  -0.0151145984
7 7 1 1  0.0616734263
7 7 5 1  -0.0151145984
7 0 0 3  0.0299199167
7 0 4 3  -0.0645117143
7 1 1 3  0.0299199167
7 1 5 3  -0.0645117143
7 2 2 3  -0.0075427638
7 2 6 3  0.0659880686
7 3 3 3  -0.0075427638
7 3 7 3  0.0659880686
7 4 0 3  -0.0645117143
7 4 4 3  -0.0088170788
7 5 1 3  -0.0645117143
7 5 5 3  -0.0088170788
7 6 2 3  0.0659880686
7 6 6 3  0.0314140785
7 7 3 3  0.0659880686
7 7 7 3  0.0314140785
7 0 2 5  -0.0841634172
7 0 6 5  -0.0151145984
7 1 3 5  -0.0841634172
7 1 7 5  -0.0151145984
7 2 0 5  -0.0841634172
7 2 4 5  -0.0363892281
7 3 1 5  -0.0841634172
7 3 5 5  -0.0363892281
7 4 2 5  -0.0363892281
7 4 6 5  0.0874185138
7 5 3 5  -0.0363892281
7 5 7 5  0.0874185138
7 6 0 5  -0.0151145984
7 6 4 5  0.0874185138
7 7 1 5  -0.0151145984
7 7 5 5  0.0874185138
7 0 0 7  0.1809752928
7 0 4 7  -0.0298790186
7 1 1 7  0.1809752928
7 1 5 7  -0.0298790186
7 2 2 7  0.1652079015
7 2 6 7  0.0314140785
7 3 3 7  0.1652079015
7 3 7 7  0.0314140785
7 4 0 7  -0.0298790186
7 4 4 7  0.1673516592
7 5 1 7  -0.0298790186
7 5 5 7  0.1673516592
7 6 2 7  0.0314140785
7 6 6 7  0.1890103916
7 7 3 7  0.0314140785
7 7 7 7  0.1890103916
