 MO Integrals with frozen core/virtual approximation

-73.6587046298656
0 0  -1.6358355580
0 2  -0.0000000061
0 4  0.1599081024
0 6  -0.0000000041
1 1  -1.6358355580
1 3  -0.0000000061
1 5  0.1599081024
1 7  -0.0000000041
2 0  -0.0000000061
2 2  -1.4267309993
2 4  0.0000000042
2 6  -0.0311905362
3 1  -0.0000000061
3 3  -1.4267309993
3 5  0.0000000042
3 7  -0.0311905362
4 0  0.1599081024
4 2  0.0000000042
4 4  -1.6358355570
4 6  0.0000000065
5 1  0.1599081024
5 3  0.0000000042
5 5  -1.6358355570
5 7  0.0000000065
6 0  -0.0000000041
6 2  -0.0311905362
6 4  0.0000000065
6 6  -1.4267309998
7 1  -0.0000000041
7 3  -0.0311905362
7 5  0.0000000065
7 7  -1.4267309998
0 0 0 0  0.3660887446
0 0 4 0  -0.0001045943
0 0 6 0  0.0000000001
0 1 1 0  0.3660887446
0 1 5 0  -0.0001045943
0 1 7 0  0.0000000001
0 2 2 0  0.3028946701
0 2 4 0  0.0000000004
0 2 6 0  0.0002526632
0 3 3 0  0.3028946701
0 3 5 0  0.0000000004
0 3 7 0  0.0002526632
0 4 0 0  -0.0001045943
0 4 2 0  0.0000000004
0 4 4 0  0.1790891991
0 4 6 0  -0.0000000009
0 5 1 0  -0.0001045943
0 5 3 0  0.0000000004
0 5 5 0  0.1790891991
0 5 7 0  -0.0000000009
0 6 0 0  0.0000000001
0 6 2 0  0.0002526632
0 6 4 0  -0.0000000009
0 6 6 0  0.1419679191
0 7 1 0  0.0000000001
0 7 3 0  0.0002526632
0 7 5 0  -0.0000000009
0 7 7 0  0.1419679191
0 0 2 2  0.0315486292
0 0 6 2  0.0008187672
0 1 3 2  0.0315486292
0 1 7 2  0.0008187672
0 2 0 2  0.0315486292
0 2 2 2  0.0000000008
0 2 4 2  0.0013774744
0 2 6 2  0.0000000001
0 3 1 2  0.0315486292
0 3 3 2  0.0000000008
0 3 5 2  0.0013774744
0 3 7 2  0.0000000001
0 4 2 2  0.0013774744
0 4 4 2  0.0000000008
0 4 6 2  -0.0040504678
0 5 3 2  0.0013774744
0 5 5 2  0.0000000008
0 5 7 2  -0.0040504678
0 6 0 2  0.0008187672
0 6 2 2  0.0000000001
0 6 4 2  -0.0040504678
0 6 6 2  0.0000000008
0 7 1 2  0.0008187672
0 7 3 2  0.0000000001
0 7 5 2  -0.0040504678
0 7 7 2  0.0000000008
0 0 0 4  -0.0001045943
0 0 4 4  0.0024794672
0 1 1 4  -0.0001045943
0 1 5 4  0.0024794672
0 2 2 4  0.0037231324
0 2 4 4  0.0000000001
0 2 6 4  -0.0004537540
0 3 3 4  0.0037231324
0 3 5 4  0.0000000001
0 3 7 4  -0.0004537540
0 4 0 4  0.0024794672
0 4 2 4  0.0000000001
0 4 4 4  -0.0001045940
0 4 6 4  0.0000000001
0 5 1 4  0.0024794672
0 5 3 4  0.0000000001
0 5 5 4  -0.0001045940
0 5 7 4  0.0000000001
0 6 2 4  -0.0004537540
0 6 4 4  0.0000000001
0 6 6 4  0.0037231327
0 7 3 4  -0.0004537540
0 7 5 4  0.0000000001
0 7 7 4  0.0037231327
0 0 0 6  0.0000000001
0 0 2 6  0.0008187672
0 0 6 6  0.0003381491
0 1 1 6  0.0000000001
0 1 3 6  0.0008187672
0 1 7 6  0.0003381491
0 2 0 6  0.0008187672
0 2 2 6  0.0000000001
0 2 4 6  -0.0001401279
0 3 1 6  0.0008187672
0 3 3 6  0.0000000001
0 3 5 6  -0.0001401279
0 4 2 6  -0.0001401279
0 4 6 6  0.0013774744
0 5 3 6  -0.0001401279
0 5 7 6  0.0013774744
0 6 0 6  0.0003381491
0 6 4 6  0.0013774744
0 6 6 6  -0.0000000003
0 7 1 6  0.0003381491
0 7 5 6  0.0013774744
0 7 7 6  -0.0000000003
1 0 0 1  0.3660887446
1 0 4 1  -0.0001045943
1 0 6 1  0.0000000001
1 1 1 1  0.3660887446
1 1 5 1  -0.0001045943
1 1 7 1  0.0000000001
1 2 2 1  0.3028946701
1 2 4 1  0.0000000004
1 2 6 1  0.0002526632
1 3 3 1  0.3028946701
1 3 5 1  0.0000000004
1 3 7 1  0.0002526632
1 4 0 1  -0.0001045943
1 4 2 1  0.0000000004
1 4 4 1  0.1790891991
1 4 6 1  -0.0000000009
1 5 1 1  -0.0001045943
1 5 3 1  0.0000000004
1 5 5 1  0.1790891991
1 5 7 1  -0.0000000009
1 6 0 1  0.0000000001
1 6 2 1  0.0002526632
1 6 4 1  -0.0000000009
1 6 6 1  0.1419679191
1 7 1 1  0.0000000001
1 7 3 1  0.0002526632
1 7 5 1  -0.0000000009
1 7 7 1  0.1419679191
1 0 2 3  0.0315486292
1 0 6 3  0.0008187672
1 1 3 3  0.0315486292
1 1 7 3  0.0008187672
1 2 0 3  0.0315486292
1 2 2 3  0.0000000008
1 2 4 3  0.0013774744
1 2 6 3  0.0000000001
1 3 1 3  0.0315486292
1 3 3 3  0.0000000008
1 3 5 3  0.0013774744
1 3 7 3  0.0000000001
1 4 2 3  0.0013774744
1 4 4 3  0.0000000008
1 4 6 3  -0.0040504678
1 5 3 3  0.0013774744
1 5 5 3  0.0000000008
1 5 7 3  -0.0040504678
1 6 0 3  0.0008187672
1 6 2 3  0.0000000001
1 6 4 3  -0.0040504678
1 6 6 3  0.0000000008
1 7 1 3  0.0008187672
1 7 3 3  0.0000000001
1 7 5 3  -0.0040504678
1 7 7 3  0.0000000008
1 0 0 5  -0.0001045943
1 0 4 5  0.0024794672
1 1 1 5  -0.0001045943
1 1 5 5  0.0024794672
1 2 2 5  0.0037231324
1 2 4 5  0.0000000001
1 2 6 5  -0.0004537540
1 3 3 5  0.0037231324
1 3 5 5  0.0000000001
1 3 7 5  -0.0004537540
1 4 0 5  0.0024794672
1 4 2 5  0.0000000001
1 4 4 5  -0.0001045940
1 4 6 5  0.0000000001
1 5 1 5  0.0024794672
1 5 3 5  0.0000000001
1 5 5 5  -0.0001045940
1 5 7 5  0.0000000001
1 6 2 5  -0.0004537540
1 6 4 5  0.0000000001
1 6 6 5  0.0037231327
1 7 3 5  -0.0004537540
1 7 5 5  0.0000000001
1 7 7 5  0.0037231327
1 0 0 7  0.0000000001
1 0 2 7  0.0008187672
1 0 6 7  0.0003381491
1 1 1 7  0.0000000001
1 1 3 7  0.0008187672
1 1 7 7  0.0003381491
1 2 0 7  0.0008187672
1 2 2 7  0.0000000001
1 2 4 7  -0.0001401279
1 3 1 7  0.0008187672
1 3 3 7  0.0000000001
1 3 5 7  -0.0001401279
1 4 2 7  -0.0001401279
1 4 6 7  0.0013774744
1 5 3 7  -0.0001401279
1 5 7 7  0.0013774744
1 6 0 7  0.0003381491
1 6 4 7  0.0013774744
1 6 6 7  -0.0000000003
1 7 1 7  0.0003381491
1 7 5 7  0.0013774744
1 7 7 7  -0.0000000003
2 0 2 0  0.0315486292
2 0 6 0  0.0008187672
2 1 3 0  0.0315486292
2 1 7 0  0.0008187672
2 2 0 0  0.0315486292
2 2 2 0  0.0000000008
2 2 4 0  0.0013774744
2 2 6 0  0.0000000001
2 3 1 0  0.0315486292
2 3 3 0  0.0000000008
2 3 5 0  0.0013774744
2 3 7 0  0.0000000001
2 4 2 0  0.0013774744
2 4 4 0  0.0000000008
2 4 6 0  -0.0040504678
2 5 3 0  0.0013774744
2 5 5 0  0.0000000008
2 5 7 0  -0.0040504678
2 6 0 0  0.0008187672
2 6 2 0  0.0000000001
2 6 4 0  -0.0040504678
2 6 6 0  0.0000000008
2 7 1 0  0.0008187672
2 7 3 0  0.0000000001
2 7 5 0  -0.0040504678
2 7 7 0  0.0000000008
2 0 0 2  0.3028946701
2 0 2 2  0.0000000008
2 0 4 2  0.0037231324
2 0 6 2  0.0000000001
2 1 1 2  0.3028946701
2 1 3 2  0.0000000008
2 1 5 2  0.0037231324
2 1 7 2  0.0000000001
2 2 0 2  0.0000000008
2 2 2 2  0.3370498574
2 2 4 2  0.0000000009
2 2 6 2  -0.0014431121
2 3 1 2  0.0000000008
2 3 3 2  0.3370498574
2 3 5 2  0.0000000009
2 3 7 2  -0.0014431121
2 4 0 2  0.0037231324
2 4 2 2  0.0000000009
2 4 4 2  0.1419679189
2 4 6 2  -0.0000000009
2 5 1 2  0.0037231324
2 5 3 2  0.0000000009
2 5 5 2  0.1419679189
2 5 7 2  -0.0000000009
2 6 0 2  0.0000000001
2 6 2 2  -0.0014431121
2 6 4 2  -0.0000000009
2 6 6 2  0.1188583851
2 7 1 2  0.0000000001
2 7 3 2  -0.0014431121
2 7 5 2  -0.0000000009
2 7 7 2  0.1188583851
2 0 0 4  0.0000000004
2 0 2 4  0.0013774744
2 0 4 4  0.0000000001
2 0 6 4  -0.0001401279
2 1 1 4  0.0000000004
2 1 3 4  0.0013774744
2 1 5 4  0.0000000001
2 1 7 4  -0.0001401279
2 2 0 4  0.0013774744
2 2 2 4  0.0000000009
2 2 4 4  0.0003381491
2 3 1 4  0.0013774744
2 3 3 4  0.0000000009
2 3 5 4  0.0003381491
2 4 0 4  0.0000000001
2 4 2 4  0.0003381491
2 4 4 4  -0.0000000008
2 4 6 4  0.0008187672
2 5 1 4  0.0000000001
2 5 3 4  0.0003381491
2 5 5 4  -0.0000000008
2 5 7 4  0.0008187672
2 6 0 4  -0.0001401279
2 6 4 4  0.0008187672
2 6 6 4  -0.0000000007
2 7 1 4  -0.0001401279
2 7 5 4  0.0008187672
2 7 7 4  -0.0000000007
2 0 0 6  0.0002526632
2 0 2 6  0.0000000001
2 0 4 6  -0.0004537540
2 1 1 6  0.0002526632
2 1 3 6  0.0000000001
2 1 5 6  -0.0004537540
2 2 0 6  0.0000000001
2 2 2 6  -0.0014431121
2 2 6 6  0.0001603638
2 3 1 6  0.0000000001
2 3 3 6  -0.0014431121
2 3 7 6  0.0001603638
2 4 0 6  -0.0004537540
2 4 4 6  0.0002526632
2 4 6 6  -0.0000000002
2 5 1 6  -0.0004537540
2 5 5 6  0.0002526632
2 5 7 6  -0.0000000002
2 6 2 6  0.0001603638
2 6 4 6  -0.0000000002
2 6 6 6  -0.0014431121
2 7 3 6  0.0001603638
2 7 5 6  -0.0000000002
2 7 7 6  -0.0014431121
3 0 2 1  0.0315486292
3 0 6 1  0.0008187672
3 1 3 1  0.0315486292
3 1 7 1  0.0008187672
3 2 0 1  0.0315486292
3 2 2 1  0.0000000008
3 2 4 1  0.0013774744
3 2 6 1  0.0000000001
3 3 1 1  0.0315486292
3 3 3 1  0.0000000008
3 3 5 1  0.0013774744
3 3 7 1  0.0000000001
3 4 2 1  0.0013774744
3 4 4 1  0.0000000008
3 4 6 1  -0.0040504678
3 5 3 1  0.0013774744
3 5 5 1  0.0000000008
3 5 7 1  -0.0040504678
3 6 0 1  0.0008187672
3 6 2 1  0.0000000001
3 6 4 1  -0.0040504678
3 6 6 1  0.0000000008
3 7 1 1  0.0008187672
3 7 3 1  0.0000000001
3 7 5 1  -0.0040504678
3 7 7 1  0.0000000008
3 0 0 3  0.3028946701
3 0 2 3  0.0000000008
3 0 4 3  0.0037231324
3 0 6 3  0.0000000001
3 1 1 3  0.3028946701
3 1 3 3  0.0000000008
3 1 5 3  0.0037231324
3 1 7 3  0.0000000001
3 2 0 3  0.0000000008
3 2 2 3  0.3370498574
3 2 4 3  0.0000000009
3 2 6 3  -0.0014431121
3 3 1 3  0.0000000008
3 3 3 3  0.3370498574
3 3 5 3  0.0000000009
3 3 7 3  -0.0014431121
3 4 0 3  0.0037231324
3 4 2 3  0.0000000009
3 4 4 3  0.1419679189
3 4 6 3  -0.0000000009
3 5 1 3  0.0037231324
3 5 3 3  0.0000000009
3 5 5 3  0.1419679189
3 5 7 3  -0.0000000009
3 6 0 3  0.0000000001
3 6 2 3  -0.0014431121
3 6 4 3  -0.0000000009
3 6 6 3  0.1188583851
3 7 1 3  0.0000000001
3 7 3 3  -0.0014431121
3 7 5 3  -0.0000000009
3 7 7 3  0.1188583851
3 0 0 5  0.0000000004
3 0 2 5  0.0013774744
3 0 4 5  0.0000000001
3 0 6 5  -0.0001401279
3 1 1 5  0.0000000004
3 1 3 5  0.0013774744
3 1 5 5  0.0000000001
3 1 7 5  -0.0001401279
3 2 0 5  0.0013774744
3 2 2 5  0.0000000009
3 2 4 5  0.0003381491
3 3 1 5  0.0013774744
3 3 3 5  0.0000000009
3 3 5 5  0.0003381491
3 4 0 5  0.0000000001
3 4 2 5  0.0003381491
3 4 4 5  -0.0000000008
3 4 6 5  0.0008187672
3 5 1 5  0.0000000001
3 5 3 5  0.0003381491
3 5 5 5  -0.0000000008
3 5 7 5  0.0008187672
3 6 0 5  -0.0001401279
3 6 4 5  0.0008187672
3 6 6 5  -0.0000000007
3 7 1 5  -0.0001401279
3 7 5 5  0.0008187672
3 7 7 5  -0.0000000007
3 0 0 7  0.0002526632
3 0 2 7  0.0000000001
3 0 4 7  -0.0004537540
3 1 1 7  0.0002526632
3 1 3 7  0.0000000001
3 1 5 7  -0.0004537540
3 2 0 7  0.0000000001
3 2 2 7  -0.0014431121
3 2 6 7  0.0001603638
3 3 1 7  0.0000000001
3 3 3 7  -0.0014431121
3 3 7 7  0.0001603638
3 4 0 7  -0.0004537540
3 4 4 7  0.0002526632
3 4 6 7  -0.0000000002
3 5 1 7  -0.0004537540
3 5 5 7  0.0002526632
3 5 7 7  -0.0000000002
3 6 2 7  0.0001603638
3 6 4 7  -0.0000000002
3 6 6 7  -0.0014431121
3 7 3 7  0.0001603638
3 7 5 7  -0.0000000002
3 7 7 7  -0.0014431121
4 0 0 0  -0.0001045943
4 0 4 0  0.0024794672
4 1 1 0  -0.0001045943
4 1 5 0  0.0024794672
4 2 2 0  0.0037231324
4 2 4 0  0.0000000001
4 2 6 0  -0.0004537540
4 3 3 0  0.0037231324
4 3 5 0  0.0000000001
4 3 7 0  -0.0004537540
4 4 0 0  0.0024794672
4 4 2 0  0.0000000001
4 4 4 0  -0.0001045940
4 4 6 0  0.0000000001
4 5 1 0  0.0024794672
4 5 3 0  0.0000000001
4 5 5 0  -0.0001045940
4 5 7 0  0.0000000001
4 6 2 0  -0.0004537540
4 6 4 0  0.0000000001
4 6 6 0  0.0037231327
4 7 3 0  -0.0004537540
4 7 5 0  0.0000000001
4 7 7 0  0.0037231327
4 0 0 2  0.0000000004
4 0 2 2  0.0013774744
4 0 4 2  0.0000000001
4 0 6 2  -0.0001401279
4 1 1 2  0.0000000004
4 1 3 2  0.0013774744
4 1 5 2  0.0000000001
4 1 7 2  -0.0001401279
4 2 0 2  0.0013774744
4 2 2 2  0.0000000009
4 2 4 2  0.0003381491
4 3 1 2  0.0013774744
4 3 3 2  0.0000000009
4 3 5 2  0.0003381491
4 4 0 2  0.0000000001
4 4 2 2  0.0003381491
4 4 4 2  -0.0000000008
4 4 6 2  0.0008187672
4 5 1 2  0.0000000001
4 5 3 2  0.0003381491
4 5 5 2  -0.0000000008
4 5 7 2  0.0008187672
4 6 0 2  -0.0001401279
4 6 4 2  0.0008187672
4 6 6 2  -0.0000000007
4 7 1 2  -0.0001401279
4 7 5 2  0.0008187672
4 7 7 2  -0.0000000007
4 0 0 4  0.1790891991
4 0 2 4  0.0000000008
4 0 4 4  -0.0001045940
4 1 1 4  0.1790891991
4 1 3 4  0.0000000008
4 1 5 4  -0.0001045940
4 2 0 4  0.0000000008
4 2 2 4  0.1419679189
4 2 4 4  -0.0000000008
4 2 6 4  0.0002526632
4 3 1 4  0.0000000008
4 3 3 4  0.1419679189
4 3 5 4  -0.0000000008
4 3 7 4  0.0002526632
4 4 0 4  -0.0001045940
4 4 2 4  -0.0000000008
4 4 4 4  0.3660887437
4 4 6 4  -0.0000000001
4 5 1 4  -0.0001045940
4 5 3 4  -0.0000000008
4 5 5 4  0.3660887437
4 5 7 4  -0.0000000001
4 6 2 4  0.0002526632
4 6 4 4  -0.0000000001
4 6 6 4  0.3028946697
4 7 3 4  0.0002526632
4 7 5 4  -0.0000000001
4 7 7 4  0.3028946697
4 0 0 6  -0.0000000009
4 0 2 6  -0.0040504678
4 0 4 6  0.0000000001
4 0 6 6  0.0013774744
4 1 1 6  -0.0000000009
4 1 3 6  -0.0040504678
4 1 5 6  0.0000000001
4 1 7 6  0.0013774744
4 2 0 6  -0.0040504678
4 2 2 6  -0.0000000009
4 2 4 6  0.0008187672
4 2 6 6  -0.0000000002
4 3 1 6  -0.0040504678
4 3 3 6  -0.0000000009
4 3 5 6  0.0008187672
4 3 7 6  -0.0000000002
4 4 0 6  0.0000000001
4 4 2 6  0.0008187672
4 4 4 6  -0.0000000001
4 4 6 6  0.0315486292
4 5 1 6  0.0000000001
4 5 3 6  0.0008187672
4 5 5 6  -0.0000000001
4 5 7 6  0.0315486292
4 6 0 6  0.0013774744
4 6 2 6  -0.0000000002
4 6 4 6  0.0315486292
4 6 6 6  -0.0000000008
4 7 1 6  0.0013774744
4 7 3 6  -0.0000000002
4 7 5 6  0.0315486292
4 7 7 6  -0.0000000008
5 0 0 1  -0.0001045943
5 0 4 1  0.0024794672
5 1 1 1  -0.0001045943
5 1 5 1  0.0024794672
5 2 2 1  0.0037231324
5 2 4 1  0.0000000001
5 2 6 1  -0.0004537540
5 3 3 1  0.0037231324
5 3 5 1  0.0000000001
5 3 7 1  -0.0004537540
5 4 0 1  0.0024794672
5 4 2 1  0.0000000001
5 4 4 1  -0.0001045940
5 4 6 1  0.0000000001
5 5 1 1  0.0024794672
5 5 3 1  0.0000000001
5 5 5 1  -0.0001045940
5 5 7 1  0.0000000001
5 6 2 1  -0.0004537540
5 6 4 1  0.0000000001
5 6 6 1  0.0037231327
5 7 3 1  -0.0004537540
5 7 5 1  0.0000000001
5 7 7 1  0.0037231327
5 0 0 3  0.0000000004
5 0 2 3  0.0013774744
5 0 4 3  0.0000000001
5 0 6 3  -0.0001401279
5 1 1 3  0.0000000004
5 1 3 3  0.0013774744
5 1 5 3  0.0000000001
5 1 7 3  -0.0001401279
5 2 0 3  0.0013774744
5 2 2 3  0.0000000009
5 2 4 3  0.0003381491
5 3 1 3  0.0013774744
5 3 3 3  0.0000000009
5 3 5 3  0.0003381491
5 4 0 3  0.0000000001
5 4 2 3  0.0003381491
5 4 4 3  -0.0000000008
5 4 6 3  0.0008187672
5 5 1 3  0.0000000001
5 5 3 3  0.0003381491
5 5 5 3  -0.0000000008
5 5 7 3  0.0008187672
5 6 0 3  -0.0001401279
5 6 4 3  0.0008187672
5 6 6 3  -0.0000000007
5 7 1 3  -0.0001401279
5 7 5 3  0.0008187672
5 7 7 3  -0.0000000007
5 0 0 5  0.1790891991
5 0 2 5  0.0000000008
5 0 4 5  -0.0001045940
5 1 1 5  0.1790891991
5 1 3 5  0.0000000008
5 1 5 5  -0.0001045940
5 2 0 5  0.0000000008
5 2 2 5  0.1419679189
5 2 4 5  -0.0000000008
5 2 6 5  0.0002526632
5 3 1 5  0.0000000008
5 3 3 5  0.1419679189
5 3 5 5  -0.0000000008
5 3 7 5  0.0002526632
5 4 0 5  -0.0001045940
5 4 2 5  -0.0000000008
5 4 4 5  0.3660887437
5 4 6 5  -0.0000000001
5 5 1 5  -0.0001045940
5 5 3 5  -0.0000000008
5 5 5 5  0.3660887437
5 5 7 5  -0.0000000001
5 6 2 5  0.0002526632
5 6 4 5  -0.0000000001
5 6 6 5  0.3028946697
5 7 3 5  0.0002526632
5 7 5 5  -0.0000000001
5 7 7 5  0.3028946697
5 0 0 7  -0.0000000009
5 0 2 7  -0.0040504678
5 0 4 7  0.0000000001
5 0 6 7  0.0013774744
5 1 1 7  -0.0000000009
5 1 3 7  -0.0040504678
5 1 5 7  0.0000000001
5 1 7 7  0.0013774744
5 2 0 7  -0.0040504678
5 2 2 7  -0.0000000009
5 2 4 7  0.0008187672
5 2 6 7  -0.0000000002
5 3 1 7  -0.0040504678
5 3 3 7  -0.0000000009
5 3 5 7  0.0008187672
5 3 7 7  -0.0000000002
5 4 0 7  0.0000000001
5 4 2 7  0.0008187672
5 4 4 7  -0.0000000001
5 4 6 7  0.0315486292
5 5 1 7  0.0000000001
5 5 3 7  0.0008187672
5 5 5 7  -0.0000000001
5 5 7 7  0.0315486292
5 6 0 7  0.0013774744
5 6 2 7  -0.0000000002
5 6 4 7  0.0315486292
5 6 6 7  -0.0000000008
5 7 1 7  0.0013774744
5 7 3 7  -0.0000000002
5 7 5 7  0.0315486292
5 7 7 7  -0.0000000008
6 0 0 0  0.0000000001
6 0 2 0  0.0008187672
6 0 6 0  0.0003381491
6 1 1 0  0.0000000001
6 1 3 0  0.0008187672
6 1 7 0  0.0003381491
6 2 0 0  0.0008187672
6 2 2 0  0.0000000001
6 2 4 0  -0.0001401279
6 3 1 0  0.0008187672
6 3 3 0  0.0000000001
6 3 5 0  -0.0001401279
6 4 2 0  -0.0001401279
6 4 6 0  0.0013774744
6 5 3 0  -0.0001401279
6 5 7 0  0.0013774744
6 6 0 0  0.0003381491
6 6 4 0  0.0013774744
6 6 6 0  -0.0000000003
6 7 1 0  0.0003381491
6 7 5 0  0.0013774744
6 7 7 0  -0.0000000003
6 0 0 2  0.0002526632
6 0 2 2  0.0000000001
6 0 4 2  -0.0004537540
6 1 1 2  0.0002526632
6 1 3 2  0.0000000001
6 1 5 2  -0.0004537540
6 2 0 2  0.0000000001
6 2 2 2  -0.0014431121
6 2 6 2  0.0001603638
6 3 1 2  0.0000000001
6 3 3 2  -0.0014431121
6 3 7 2  0.0001603638
6 4 0 2  -0.0004537540
6 4 4 2  0.0002526632
6 4 6 2  -0.0000000002
6 5 1 2  -0.0004537540
6 5 5 2  0.0002526632
6 5 7 2  -0.0000000002
6 6 2 2  0.0001603638
6 6 4 2  -0.0000000002
6 6 6 2  -0.0014431121
6 7 3 2  0.0001603638
6 7 5 2  -0.0000000002
6 7 7 2  -0.0014431121
6 0 0 4  -0.0000000009
6 0 2 4  -0.0040504678
6 0 4 4  0.0000000001
6 0 6 4  0.0013774744
6 1 1 4  -0.0000000009
6 1 3 4  -0.0040504678
6 1 5 4  0.0000000001
6 1 7 4  0.0013774744
6 2 0 4  -0.0040504678
6 2 2 4  -0.0000000009
6 2 4 4  0.0008187672
6 2 6 4  -0.0000000002
6 3 1 4  -0.0040504678
6 3 3 4  -0.0000000009
6 3 5 4  0.0008187672
6 3 7 4  -0.0000000002
6 4 0 4  0.0000000001
6 4 2 4  0.0008187672
6 4 4 4  -0.0000000001
6 4 6 4  0.0315486292
6 5 1 4  0.0000000001
6 5 3 4  0.0008187672
6 5 5 4  -0.0000000001
6 5 7 4  0.0315486292
6 6 0 4  0.0013774744
6 6 2 4  -0.0000000002
6 6 4 4  0.0315486292
6 6 6 4  -0.0000000008
6 7 1 4  0.0013774744
6 7 3 4  -0.0000000002
6 7 5 4  0.0315486292
6 7 7 4  -0.0000000008
6 0 0 6  0.1419679191
6 0 2 6  0.0000000008
6 0 4 6  0.0037231327
6 0 6 6  -0.0000000003
6 1 1 6  0.1419679191
6 1 3 6  0.0000000008
6 1 5 6  0.0037231327
6 1 7 6  -0.0000000003
6 2 0 6  0.0000000008
6 2 2 6  0.1188583851
6 2 4 6  -0.0000000007
6 2 6 6  -0.0014431121
6 3 1 6  0.0000000008
6 3 3 6  0.1188583851
6 3 5 6  -0.0000000007
6 3 7 6  -0.0014431121
6 4 0 6  0.0037231327
6 4 2 6  -0.0000000007
6 4 4 6  0.3028946697
6 4 6 6  -0.0000000008
6 5 1 6  0.0037231327
6 5 3 6  -0.0000000007
6 5 5 6  0.3028946697
6 5 7 6  -0.0000000008
6 6 0 6  -0.0000000003
6 6 2 6  -0.0014431121
6 6 4 6  -0.0000000008
6 6 6 6  0.3370498574
6 7 1 6  -0.0000000003
6 7 3 6  -0.0014431121
6 7 5 6  -0.0000000008
6 7 7 6  0.3370498574
7 0 0 1  0.0000000001
7 0 2 1  0.0008187672
7 0 6 1  0.0003381491
7 1 1 1  0.0000000001
7 1 3 1  0.0008187672
7 1 7 1  0.0003381491
7 2 0 1  0.0008187672
7 2 2 1  0.0000000001
7 2 4 1  -0.0001401279
7 3 1 1  0.0008187672
7 3 3 1  0.0000000001
7 3 5 1  -0.0001401279
7 4 2 1  -0.0001401279
7 4 6 1  0.0013774744
7 5 3 1  -0.0001401279
7 5 7 1  0.0013774744
7 6 0 1  0.0003381491
7 6 4 1  0.0013774744
7 6 6 1  -0.0000000003
7 7 1 1  0.0003381491
7 7 5 1  0.0013774744
7 7 7 1  -0.0000000003
7 0 0 3  0.0002526632
7 0 2 3  0.0000000001
7 0 4 3  -0.0004537540
7 1 1 3  0.0002526632
7 1 3 3  0.0000000001
7 1 5 3  -0.0004537540
7 2 0 3  0.0000000001
7 2 2 3  -0.0014431121
7 2 6 3  0.0001603638
7 3 1 3  0.0000000001
7 3 3 3  -0.0014431121
7 3 7 3  0.0001603638
7 4 0 3  -0.0004537540
7 4 4 3  0.0002526632
7 4 6 3  -0.0000000002
7 5 1 3  -0.0004537540
7 5 5 3  0.0002526632
7 5 7 3  -0.0000000002
7 6 2 3  0.0001603638
7 6 4 3  -0.0000000002
7 6 6 3  -0.0014431121
7 7 3 3  0.0001603638
7 7 5 3  -0.0000000002
7 7 7 3  -0.0014431121
7 0 0 5  -0.0000000009
7 0 2 5  -0.0040504678
7 0 4 5  0.0000000001
7 0 6 5  0.0013774744
7 1 1 5  -0.0000000009
7 1 3 5  -0.0040504678
7 1 5 5  0.0000000001
7 1 7 5  0.0013774744
7 2 0 5  -0.0040504678
7 2 2 5  -0.0000000009
7 2 4 5  0.0008187672
7 2 6 5  -0.0000000002
7 3 1 5  -0.0040504678
7 3 3 5  -0.0000000009
7 3 5 5  0.0008187672
7 3 7 5  -0.0000000002
7 4 0 5  0.0000000001
7 4 2 5  0.0008187672
7 4 4 5  -0.0000000001
7 4 6 5  0.0315486292
7 5 1 5  0.0000000001
7 5 3 5  0.0008187672
7 5 5 5  -0.0000000001
7 5 7 5  0.0315486292
7 6 0 5  0.0013774744
7 6 2 5  -0.0000000002
7 6 4 5  0.0315486292
7 6 6 5  -0.0000000008
7 7 1 5  0.0013774744
7 7 3 5  -0.0000000002
7 7 5 5  0.0315486292
7 7 7 5  -0.0000000008
7 0 0 7  0.1419679191
7 0 2 7  0.0000000008
7 0 4 7  0.0037231327
7 0 6 7  -0.0000000003
7 1 1 7  0.1419679191
7 1 3 7  0.0000000008
7 1 5 7  0.0037231327
7 1 7 7  -0.0000000003
7 2 0 7  0.0000000008
7 2 2 7  0.1188583851
7 2 4 7  -0.0000000007
7 2 6 7  -0.0014431121
7 3 1 7  0.0000000008
7 3 3 7  0.1188583851
7 3 5 7  -0.0000000007
7 3 7 7  -0.0014431121
7 4 0 7  0.0037231327
7 4 2 7  -0.0000000007
7 4 4 7  0.3028946697
7 4 6 7  -0.0000000008
7 5 1 7  0.0037231327
7 5 3 7  -0.0000000007
7 5 5 7  0.3028946697
7 5 7 7  -0.0000000008
7 6 0 7  -0.0000000003
7 6 2 7  -0.0014431121
7 6 4 7  -0.0000000008
7 6 6 7  0.3370498574
7 7 1 7  -0.0000000003
7 7 3 7  -0.0014431121
7 7 5 7  -0.0000000008
7 7 7 7  0.3370498574

 E(Ref) = -77.5346867369 Hartree, <S**2> = 2.0000
 E(FCI) = -77.7100977038 Hartree, <S**2> = 0.0000
