 MO Integrals with frozen core/virtual approximation

-72.35179668897543
0 0  -1.8469805002
0 2  -0.0000000026
0 4  -0.6382468554
0 6  -0.0000000004
1 1  -1.8469805002
1 3  -0.0000000026
1 5  -0.6382468554
1 7  -0.0000000004
2 0  -0.0000000026
2 2  -1.6318752271
2 4  0.0000000015
2 6  -0.1266357569
3 1  -0.0000000026
3 3  -1.6318752271
3 5  0.0000000015
3 7  -0.1266357569
4 0  -0.6382468554
4 2  0.0000000015
4 4  -1.8469796960
4 6  0.0000000007
5 1  -0.6382468554
5 3  0.0000000015
5 5  -1.8469796960
5 7  0.0000000007
6 0  -0.0000000004
6 2  -0.1266357569
6 4  0.0000000007
6 6  -1.6318752276
7 1  -0.0000000004
7 3  -0.1266357569
7 5  0.0000000007
7 7  -1.6318752276
0 0 0 0  0.3364518605
0 0 2 0  0.0000000013
0 0 4 0  0.0097680173
0 0 6 0  0.0000000005
0 1 1 0  0.3364518605
0 1 3 0  0.0000000013
0 1 5 0  0.0097680173
0 1 7 0  0.0000000005
0 2 0 0  0.0000000013
0 2 2 0  0.3028291428
0 2 4 0  -0.0000000003
0 2 6 0  0.0018998034
0 3 1 0  0.0000000013
0 3 3 0  0.3028291428
0 3 5 0  -0.0000000003
0 3 7 0  0.0018998034
0 4 0 0  0.0097680173
0 4 2 0  -0.0000000003
0 4 4 0  0.2349438145
0 4 6 0  0.0000000005
0 5 1 0  0.0097680173
0 5 3 0  -0.0000000003
0 5 5 0  0.2349438145
0 5 7 0  0.0000000005
0 6 0 0  0.0000000005
0 6 2 0  0.0018998034
0 6 4 0  0.0000000005
0 6 6 0  0.1974974869
0 7 1 0  0.0000000005
0 7 3 0  0.0018998034
0 7 5 0  0.0000000005
0 7 7 0  0.1974974869
0 0 0 2  0.0000000013
0 0 2 2  0.0540818663
0 0 4 2  -0.0000000003
0 0 6 2  0.0033756017
0 1 1 2  0.0000000013
0 1 3 2  0.0540818663
0 1 5 2  -0.0000000003
0 1 7 2  0.0033756017
0 2 0 2  0.0540818663
0 2 2 2  -0.0000000010
0 2 4 2  0.0019872213
0 2 6 2  0.0000000002
0 3 1 2  0.0540818663
0 3 3 2  -0.0000000010
0 3 5 2  0.0019872213
0 3 7 2  0.0000000002
0 4 0 2  -0.0000000003
0 4 2 2  0.0019872213
0 4 4 2  0.0000000004
0 4 6 2  0.0136747289
0 5 1 2  -0.0000000003
0 5 3 2  0.0019872213
0 5 5 2  0.0000000004
0 5 7 2  0.0136747289
0 6 0 2  0.0033756017
0 6 2 2  0.0000000002
0 6 4 2  0.0136747289
0 6 6 2  0.0000000002
0 7 1 2  0.0033756017
0 7 3 2  0.0000000002
0 7 5 2  0.0136747289
0 7 7 2  0.0000000002
0 0 0 4  0.0097680173
0 0 2 4  -0.0000000003
0 0 4 4  0.0049103358
0 1 1 4  0.0097680173
0 1 3 4  -0.0000000003
0 1 5 4  0.0049103358
0 2 0 4  -0.0000000003
0 2 2 4  0.0040924751
0 2 4 4  0.0000000001
0 2 6 4  0.0018009582
0 3 1 4  -0.0000000003
0 3 3 4  0.0040924751
0 3 5 4  0.0000000001
0 3 7 4  0.0018009582
0 4 0 4  0.0049103358
0 4 2 4  0.0000000001
0 4 4 4  0.0097680753
0 5 1 4  0.0049103358
0 5 3 4  0.0000000001
0 5 5 4  0.0097680753
0 6 2 4  0.0018009582
0 6 6 4  0.0040925417
0 7 3 4  0.0018009582
0 7 7 4  0.0040925417
0 0 0 6  0.0000000005
0 0 2 6  0.0033756017
0 0 6 6  0.0014847588
0 1 1 6  0.0000000005
0 1 3 6  0.0033756017
0 1 7 6  0.0014847588
0 2 0 6  0.0033756017
0 2 2 6  0.0000000004
0 2 4 6  0.0010313475
0 2 6 6  0.0000000001
0 3 1 6  0.0033756017
0 3 3 6  0.0000000004
0 3 5 6  0.0010313475
0 3 7 6  0.0000000001
0 4 2 6  0.0010313475
0 4 4 6  0.0000000002
0 4 6 6  0.0019872545
0 5 3 6  0.0010313475
0 5 5 6  0.0000000002
0 5 7 6  0.0019872545
0 6 0 6  0.0014847588
0 6 2 6  0.0000000001
0 6 4 6  0.0019872545
0 6 6 6  -0.0000000001
0 7 1 6  0.0014847588
0 7 3 6  0.0000000001
0 7 5 6  0.0019872545
0 7 7 6  -0.0000000001
1 0 0 1  0.3364518605
1 0 2 1  0.0000000013
1 0 4 1  0.0097680173
1 0 6 1  0.0000000005
1 1 1 1  0.3364518605
1 1 3 1  0.0000000013
1 1 5 1  0.0097680173
1 1 7 1  0.0000000005
1 2 0 1  0.0000000013
1 2 2 1  0.3028291428
1 2 4 1  -0.0000000003
1 2 6 1  0.0018998034
1 3 1 1  0.0000000013
1 3 3 1  0.3028291428
1 3 5 1  -0.0000000003
1 3 7 1  0.0018998034
1 4 0 1  0.0097680173
1 4 2 1  -0.0000000003
1 4 4 1  0.2349438145
1 4 6 1  0.0000000005
1 5 1 1  0.0097680173
1 5 3 1  -0.0000000003
1 5 5 1  0.2349438145
1 5 7 1  0.0000000005
1 6 0 1  0.0000000005
1 6 2 1  0.0018998034
1 6 4 1  0.0000000005
1 6 6 1  0.1974974869
1 7 1 1  0.0000000005
1 7 3 1  0.0018998034
1 7 5 1  0.0000000005
1 7 7 1  0.1974974869
1 0 0 3  0.0000000013
1 0 2 3  0.0540818663
1 0 4 3  -0.0000000003
1 0 6 3  0.0033756017
1 1 1 3  0.0000000013
1 1 3 3  0.0540818663
1 1 5 3  -0.0000000003
1 1 7 3  0.0033756017
1 2 0 3  0.0540818663
1 2 2 3  -0.0000000010
1 2 4 3  0.0019872213
1 2 6 3  0.0000000002
1 3 1 3  0.0540818663
1 3 3 3  -0.0000000010
1 3 5 3  0.0019872213
1 3 7 3  0.0000000002
1 4 0 3  -0.0000000003
1 4 2 3  0.0019872213
1 4 4 3  0.0000000004
1 4 6 3  0.0136747289
1 5 1 3  -0.0000000003
1 5 3 3  0.0019872213
1 5 5 3  0.0000000004
1 5 7 3  0.0136747289
1 6 0 3  0.0033756017
1 6 2 3  0.0000000002
1 6 4 3  0.0136747289
1 6 6 3  0.0000000002
1 7 1 3  0.0033756017
1 7 3 3  0.0000000002
1 7 5 3  0.0136747289
1 7 7 3  0.0000000002
1 0 0 5  0.0097680173
1 0 2 5  -0.0000000003
1 0 4 5  0.0049103358
1 1 1 5  0.0097680173
1 1 3 5  -0.0000000003
1 1 5 5  0.0049103358
1 2 0 5  -0.0000000003
1 2 2 5  0.0040924751
1 2 4 5  0.0000000001
1 2 6 5  0.0018009582
1 3 1 5  -0.0000000003
1 3 3 5  0.0040924751
1 3 5 5  0.0000000001
1 3 7 5  0.0018009582
1 4 0 5  0.0049103358
1 4 2 5  0.0000000001
1 4 4 5  0.0097680753
1 5 1 5  0.0049103358
1 5 3 5  0.0000000001
1 5 5 5  0.0097680753
1 6 2 5  0.0018009582
1 6 6 5  0.0040925417
1 7 3 5  0.0018009582
1 7 7 5  0.0040925417
1 0 0 7  0.0000000005
1 0 2 7  0.0033756017
1 0 6 7  0.0014847588
1 1 1 7  0.0000000005
1 1 3 7  0.0033756017
1 1 7 7  0.0014847588
1 2 0 7  0.0033756017
1 2 2 7  0.0000000004
1 2 4 7  0.0010313475
1 2 6 7  0.0000000001
1 3 1 7  0.0033756017
1 3 3 7  0.0000000004
1 3 5 7  0.0010313475
1 3 7 7  0.0000000001
1 4 2 7  0.0010313475
1 4 4 7  0.0000000002
1 4 6 7  0.0019872545
1 5 3 7  0.0010313475
1 5 5 7  0.0000000002
1 5 7 7  0.0019872545
1 6 0 7  0.0014847588
1 6 2 7  0.0000000001
1 6 4 7  0.0019872545
1 6 6 7  -0.0000000001
1 7 1 7  0.0014847588
1 7 3 7  0.0000000001
1 7 5 7  0.0019872545
1 7 7 7  -0.0000000001
2 0 0 0  0.0000000013
2 0 2 0  0.0540818663
2 0 4 0  -0.0000000003
2 0 6 0  0.0033756017
2 1 1 0  0.0000000013
2 1 3 0  0.0540818663
2 1 5 0  -0.0000000003
2 1 7 0  0.0033756017
2 2 0 0  0.0540818663
2 2 2 0  -0.0000000010
2 2 4 0  0.0019872213
2 2 6 0  0.0000000002
2 3 1 0  0.0540818663
2 3 3 0  -0.0000000010
2 3 5 0  0.0019872213
2 3 7 0  0.0000000002
2 4 0 0  -0.0000000003
2 4 2 0  0.0019872213
2 4 4 0  0.0000000004
2 4 6 0  0.0136747289
2 5 1 0  -0.0000000003
2 5 3 0  0.0019872213
2 5 5 0  0.0000000004
2 5 7 0  0.0136747289
2 6 0 0  0.0033756017
2 6 2 0  0.0000000002
2 6 4 0  0.0136747289
2 6 6 0  0.0000000002
2 7 1 0  0.0033756017
2 7 3 0  0.0000000002
2 7 5 0  0.0136747289
2 7 7 0  0.0000000002
2 0 0 2  0.3028291428
2 0 2 2  -0.0000000010
2 0 4 2  0.0040924751
2 0 6 2  0.0000000004
2 1 1 2  0.3028291428
2 1 3 2  -0.0000000010
2 1 5 2  0.0040924751
2 1 7 2  0.0000000004
2 2 0 2  -0.0000000010
2 2 2 2  0.3413642396
2 2 4 2  -0.0000000013
2 2 6 2  -0.0019750799
2 3 1 2  -0.0000000010
2 3 3 2  0.3413642396
2 3 5 2  -0.0000000013
2 3 7 2  -0.0019750799
2 4 0 2  0.0040924751
2 4 2 2  -0.0000000013
2 4 4 2  0.1974974820
2 4 6 2  -0.0000000001
2 5 1 2  0.0040924751
2 5 3 2  -0.0000000013
2 5 5 2  0.1974974820
2 5 7 2  -0.0000000001
2 6 0 2  0.0000000004
2 6 2 2  -0.0019750799
2 6 4 2  -0.0000000001
2 6 6 2  0.1649705382
2 7 1 2  0.0000000004
2 7 3 2  -0.0019750799
2 7 5 2  -0.0000000001
2 7 7 2  0.1649705382
2 0 0 4  -0.0000000003
2 0 2 4  0.0019872213
2 0 4 4  0.0000000001
2 0 6 4  0.0010313475
2 1 1 4  -0.0000000003
2 1 3 4  0.0019872213
2 1 5 4  0.0000000001
2 1 7 4  0.0010313475
2 2 0 4  0.0019872213
2 2 2 4  -0.0000000013
2 2 4 4  0.0014847563
2 2 6 4  0.0000000001
2 3 1 4  0.0019872213
2 3 3 4  -0.0000000013
2 3 5 4  0.0014847563
2 3 7 4  0.0000000001
2 4 0 4  0.0000000001
2 4 2 4  0.0014847563
2 4 4 4  0.0000000016
2 4 6 4  0.0033755924
2 5 1 4  0.0000000001
2 5 3 4  0.0014847563
2 5 5 4  0.0000000016
2 5 7 4  0.0033755924
2 6 0 4  0.0010313475
2 6 2 4  0.0000000001
2 6 4 4  0.0033755924
2 6 6 4  0.0000000016
2 7 1 4  0.0010313475
2 7 3 4  0.0000000001
2 7 5 4  0.0033755924
2 7 7 4  0.0000000016
2 0 0 6  0.0018998034
2 0 2 6  0.0000000002
2 0 4 6  0.0018009582
2 0 6 6  0.0000000001
2 1 1 6  0.0018998034
2 1 3 6  0.0000000002
2 1 5 6  0.0018009582
2 1 7 6  0.0000000001
2 2 0 6  0.0000000002
2 2 2 6  -0.0019750799
2 2 4 6  0.0000000001
2 2 6 6  0.0014414966
2 3 1 6  0.0000000002
2 3 3 6  -0.0019750799
2 3 5 6  0.0000000001
2 3 7 6  0.0014414966
2 4 0 6  0.0018009582
2 4 2 6  0.0000000001
2 4 4 6  0.0018998011
2 4 6 6  0.0000000006
2 5 1 6  0.0018009582
2 5 3 6  0.0000000001
2 5 5 6  0.0018998011
2 5 7 6  0.0000000006
2 6 0 6  0.0000000001
2 6 2 6  0.0014414966
2 6 4 6  0.0000000006
2 6 6 6  -0.0019750799
2 7 1 6  0.0000000001
2 7 3 6  0.0014414966
2 7 5 6  0.0000000006
2 7 7 6  -0.0019750799
3 0 0 1  0.0000000013
3 0 2 1  0.0540818663
3 0 4 1  -0.0000000003
3 0 6 1  0.0033756017
3 1 1 1  0.0000000013
3 1 3 1  0.0540818663
3 1 5 1  -0.0000000003
3 1 7 1  0.0033756017
3 2 0 1  0.0540818663
3 2 2 1  -0.0000000010
3 2 4 1  0.0019872213
3 2 6 1  0.0000000002
3 3 1 1  0.0540818663
3 3 3 1  -0.0000000010
3 3 5 1  0.0019872213
3 3 7 1  0.0000000002
3 4 0 1  -0.0000000003
3 4 2 1  0.0019872213
3 4 4 1  0.0000000004
3 4 6 1  0.0136747289
3 5 1 1  -0.0000000003
3 5 3 1  0.0019872213
3 5 5 1  0.0000000004
3 5 7 1  0.0136747289
3 6 0 1  0.0033756017
3 6 2 1  0.0000000002
3 6 4 1  0.0136747289
3 6 6 1  0.0000000002
3 7 1 1  0.0033756017
3 7 3 1  0.0000000002
3 7 5 1  0.0136747289
3 7 7 1  0.0000000002
3 0 0 3  0.3028291428
3 0 2 3  -0.0000000010
3 0 4 3  0.0040924751
3 0 6 3  0.0000000004
3 1 1 3  0.3028291428
3 1 3 3  -0.0000000010
3 1 5 3  0.0040924751
3 1 7 3  0.0000000004
3 2 0 3  -0.0000000010
3 2 2 3  0.3413642396
3 2 4 3  -0.0000000013
3 2 6 3  -0.0019750799
3 3 1 3  -0.0000000010
3 3 3 3  0.3413642396
3 3 5 3  -0.0000000013
3 3 7 3  -0.0019750799
3 4 0 3  0.0040924751
3 4 2 3  -0.0000000013
3 4 4 3  0.1974974820
3 4 6 3  -0.0000000001
3 5 1 3  0.0040924751
3 5 3 3  -0.0000000013
3 5 5 3  0.1974974820
3 5 7 3  -0.0000000001
3 6 0 3  0.0000000004
3 6 2 3  -0.0019750799
3 6 4 3  -0.0000000001
3 6 6 3  0.1649705382
3 7 1 3  0.0000000004
3 7 3 3  -0.0019750799
3 7 5 3  -0.0000000001
3 7 7 3  0.1649705382
3 0 0 5  -0.0000000003
3 0 2 5  0.0019872213
3 0 4 5  0.0000000001
3 0 6 5  0.0010313475
3 1 1 5  -0.0000000003
3 1 3 5  0.0019872213
3 1 5 5  0.0000000001
3 1 7 5  0.0010313475
3 2 0 5  0.0019872213
3 2 2 5  -0.0000000013
3 2 4 5  0.0014847563
3 2 6 5  0.0000000001
3 3 1 5  0.0019872213
3 3 3 5  -0.0000000013
3 3 5 5  0.0014847563
3 3 7 5  0.0000000001
3 4 0 5  0.0000000001
3 4 2 5  0.0014847563
3 4 4 5  0.0000000016
3 4 6 5  0.0033755924
3 5 1 5  0.0000000001
3 5 3 5  0.0014847563
3 5 5 5  0.0000000016
3 5 7 5  0.0033755924
3 6 0 5  0.0010313475
3 6 2 5  0.0000000001
3 6 4 5  0.0033755924
3 6 6 5  0.0000000016
3 7 1 5  0.0010313475
3 7 3 5  0.0000000001
3 7 5 5  0.0033755924
3 7 7 5  0.0000000016
3 0 0 7  0.0018998034
3 0 2 7  0.0000000002
3 0 4 7  0.0018009582
3 0 6 7  0.0000000001
3 1 1 7  0.0018998034
3 1 3 7  0.0000000002
3 1 5 7  0.0018009582
3 1 7 7  0.0000000001
3 2 0 7  0.0000000002
3 2 2 7  -0.0019750799
3 2 4 7  0.0000000001
3 2 6 7  0.0014414966
3 3 1 7  0.0000000002
3 3 3 7  -0.0019750799
3 3 5 7  0.0000000001
3 3 7 7  0.0014414966
3 4 0 7  0.0018009582
3 4 2 7  0.0000000001
3 4 4 7  0.0018998011
3 4 6 7  0.0000000006
3 5 1 7  0.0018009582
3 5 3 7  0.0000000001
3 5 5 7  0.0018998011
3 5 7 7  0.0000000006
3 6 0 7  0.0000000001
3 6 2 7  0.0014414966
3 6 4 7  0.0000000006
3 6 6 7  -0.0019750799
3 7 1 7  0.0000000001
3 7 3 7  0.0014414966
3 7 5 7  0.0000000006
3 7 7 7  -0.0019750799
4 0 0 0  0.0097680173
4 0 2 0  -0.0000000003
4 0 4 0  0.0049103358
4 1 1 0  0.0097680173
4 1 3 0  -0.0000000003
4 1 5 0  0.0049103358
4 2 0 0  -0.0000000003
4 2 2 0  0.0040924751
4 2 4 0  0.0000000001
4 2 6 0  0.0018009582
4 3 1 0  -0.0000000003
4 3 3 0  0.0040924751
4 3 5 0  0.0000000001
4 3 7 0  0.0018009582
4 4 0 0  0.0049103358
4 4 2 0  0.0000000001
4 4 4 0  0.0097680753
4 5 1 0  0.0049103358
4 5 3 0  0.0000000001
4 5 5 0  0.0097680753
4 6 2 0  0.0018009582
4 6 6 0  0.0040925417
4 7 3 0  0.0018009582
4 7 7 0  0.0040925417
4 0 0 2  -0.0000000003
4 0 2 2  0.0019872213
4 0 4 2  0.0000000001
4 0 6 2  0.0010313475
4 1 1 2  -0.0000000003
4 1 3 2  0.0019872213
4 1 5 2  0.0000000001
4 1 7 2  0.0010313475
4 2 0 2  0.0019872213
4 2 2 2  -0.0000000013
4 2 4 2  0.0014847563
4 2 6 2  0.0000000001
4 3 1 2  0.0019872213
4 3 3 2  -0.0000000013
4 3 5 2  0.0014847563
4 3 7 2  0.0000000001
4 4 0 2  0.0000000001
4 4 2 2  0.0014847563
4 4 4 2  0.0000000016
4 4 6 2  0.0033755924
4 5 1 2  0.0000000001
4 5 3 2  0.0014847563
4 5 5 2  0.0000000016
4 5 7 2  0.0033755924
4 6 0 2  0.0010313475
4 6 2 2  0.0000000001
4 6 4 2  0.0033755924
4 6 6 2  0.0000000016
4 7 1 2  0.0010313475
4 7 3 2  0.0000000001
4 7 5 2  0.0033755924
4 7 7 2  0.0000000016
4 0 0 4  0.2349438145
4 0 2 4  0.0000000004
4 0 4 4  0.0097680753
4 0 6 4  0.0000000002
4 1 1 4  0.2349438145
4 1 3 4  0.0000000004
4 1 5 4  0.0097680753
4 1 7 4  0.0000000002
4 2 0 4  0.0000000004
4 2 2 4  0.1974974820
4 2 4 4  0.0000000016
4 2 6 4  0.0018998011
4 3 1 4  0.0000000004
4 3 3 4  0.1974974820
4 3 5 4  0.0000000016
4 3 7 4  0.0018998011
4 4 0 4  0.0097680753
4 4 2 4  0.0000000016
4 4 4 4  0.3364518362
4 4 6 4  0.0000000010
4 5 1 4  0.0097680753
4 5 3 4  0.0000000016
4 5 5 4  0.3364518362
4 5 7 4  0.0000000010
4 6 0 4  0.0000000002
4 6 2 4  0.0018998011
4 6 4 4  0.0000000010
4 6 6 4  0.3028291378
4 7 1 4  0.0000000002
4 7 3 4  0.0018998011
4 7 5 4  0.0000000010
4 7 7 4  0.3028291378
4 0 0 6  0.0000000005
4 0 2 6  0.0136747289
4 0 6 6  0.0019872545
4 1 1 6  0.0000000005
4 1 3 6  0.0136747289
4 1 7 6  0.0019872545
4 2 0 6  0.0136747289
4 2 2 6  -0.0000000001
4 2 4 6  0.0033755924
4 2 6 6  0.0000000006
4 3 1 6  0.0136747289
4 3 3 6  -0.0000000001
4 3 5 6  0.0033755924
4 3 7 6  0.0000000006
4 4 2 6  0.0033755924
4 4 4 6  0.0000000010
4 4 6 6  0.0540818638
4 5 3 6  0.0033755924
4 5 5 6  0.0000000010
4 5 7 6  0.0540818638
4 6 0 6  0.0019872545
4 6 2 6  0.0000000006
4 6 4 6  0.0540818638
4 6 6 6  0.0000000009
4 7 1 6  0.0019872545
4 7 3 6  0.0000000006
4 7 5 6  0.0540818638
4 7 7 6  0.0000000009
5 0 0 1  0.0097680173
5 0 2 1  -0.0000000003
5 0 4 1  0.0049103358
5 1 1 1  0.0097680173
5 1 3 1  -0.0000000003
5 1 5 1  0.0049103358
5 2 0 1  -0.0000000003
5 2 2 1  0.0040924751
5 2 4 1  0.0000000001
5 2 6 1  0.0018009582
5 3 1 1  -0.0000000003
5 3 3 1  0.0040924751
5 3 5 1  0.0000000001
5 3 7 1  0.0018009582
5 4 0 1  0.0049103358
5 4 2 1  0.0000000001
5 4 4 1  0.0097680753
5 5 1 1  0.0049103358
5 5 3 1  0.0000000001
5 5 5 1  0.0097680753
5 6 2 1  0.0018009582
5 6 6 1  0.0040925417
5 7 3 1  0.0018009582
5 7 7 1  0.0040925417
5 0 0 3  -0.0000000003
5 0 2 3  0.0019872213
5 0 4 3  0.0000000001
5 0 6 3  0.0010313475
5 1 1 3  -0.0000000003
5 1 3 3  0.0019872213
5 1 5 3  0.0000000001
5 1 7 3  0.0010313475
5 2 0 3  0.0019872213
5 2 2 3  -0.0000000013
5 2 4 3  0.0014847563
5 2 6 3  0.0000000001
5 3 1 3  0.0019872213
5 3 3 3  -0.0000000013
5 3 5 3  0.0014847563
5 3 7 3  0.0000000001
5 4 0 3  0.0000000001
5 4 2 3  0.0014847563
5 4 4 3  0.0000000016
5 4 6 3  0.0033755924
5 5 1 3  0.0000000001
5 5 3 3  0.0014847563
5 5 5 3  0.0000000016
5 5 7 3  0.0033755924
5 6 0 3  0.0010313475
5 6 2 3  0.0000000001
5 6 4 3  0.0033755924
5 6 6 3  0.0000000016
5 7 1 3  0.0010313475
5 7 3 3  0.0000000001
5 7 5 3  0.0033755924
5 7 7 3  0.0000000016
5 0 0 5  0.2349438145
5 0 2 5  0.0000000004
5 0 4 5  0.0097680753
5 0 6 5  0.0000000002
5 1 1 5  0.2349438145
5 1 3 5  0.0000000004
5 1 5 5  0.0097680753
5 1 7 5  0.0000000002
5 2 0 5  0.0000000004
5 2 2 5  0.1974974820
5 2 4 5  0.0000000016
5 2 6 5  0.0018998011
5 3 1 5  0.0000000004
5 3 3 5  0.1974974820
5 3 5 5  0.0000000016
5 3 7 5  0.0018998011
5 4 0 5  0.0097680753
5 4 2 5  0.0000000016
5 4 4 5  0.3364518362
5 4 6 5  0.0000000010
5 5 1 5  0.0097680753
5 5 3 5  0.0000000016
5 5 5 5  0.3364518362
5 5 7 5  0.0000000010
5 6 0 5  0.0000000002
5 6 2 5  0.0018998011
5 6 4 5  0.0000000010
5 6 6 5  0.3028291378
5 7 1 5  0.0000000002
5 7 3 5  0.0018998011
5 7 5 5  0.0000000010
5 7 7 5  0.3028291378
5 0 0 7  0.0000000005
5 0 2 7  0.0136747289
5 0 6 7  0.0019872545
5 1 1 7  0.0000000005
5 1 3 7  0.0136747289
5 1 7 7  0.0019872545
5 2 0 7  0.0136747289
5 2 2 7  -0.0000000001
5 2 4 7  0.0033755924
5 2 6 7  0.0000000006
5 3 1 7  0.0136747289
5 3 3 7  -0.0000000001
5 3 5 7  0.0033755924
5 3 7 7  0.0000000006
5 4 2 7  0.0033755924
5 4 4 7  0.0000000010
5 4 6 7  0.0540818638
5 5 3 7  0.0033755924
5 5 5 7  0.0000000010
5 5 7 7  0.0540818638
5 6 0 7  0.0019872545
5 6 2 7  0.0000000006
5 6 4 7  0.0540818638
5 6 6 7  0.0000000009
5 7 1 7  0.0019872545
5 7 3 7  0.0000000006
5 7 5 7  0.0540818638
5 7 7 7  0.0000000009
6 0 0 0  0.0000000005
6 0 2 0  0.0033756017
6 0 6 0  0.0014847588
6 1 1 0  0.0000000005
6 1 3 0  0.0033756017
6 1 7 0  0.0014847588
6 2 0 0  0.0033756017
6 2 2 0  0.0000000004
6 2 4 0  0.0010313475
6 2 6 0  0.0000000001
6 3 1 0  0.0033756017
6 3 3 0  0.0000000004
6 3 5 0  0.0010313475
6 3 7 0  0.0000000001
6 4 2 0  0.0010313475
6 4 4 0  0.0000000002
6 4 6 0  0.0019872545
6 5 3 0  0.0010313475
6 5 5 0  0.0000000002
6 5 7 0  0.0019872545
6 6 0 0  0.0014847588
6 6 2 0  0.0000000001
6 6 4 0  0.0019872545
6 6 6 0  -0.0000000001
6 7 1 0  0.0014847588
6 7 3 0  0.0000000001
6 7 5 0  0.0019872545
6 7 7 0  -0.0000000001
6 0 0 2  0.0018998034
6 0 2 2  0.0000000002
6 0 4 2  0.0018009582
6 0 6 2  0.0000000001
6 1 1 2  0.0018998034
6 1 3 2  0.0000000002
6 1 5 2  0.0018009582
6 1 7 2  0.0000000001
6 2 0 2  0.0000000002
6 2 2 2  -0.0019750799
6 2 4 2  0.0000000001
6 2 6 2  0.0014414966
6 3 1 2  0.0000000002
6 3 3 2  -0.0019750799
6 3 5 2  0.0000000001
6 3 7 2  0.0014414966
6 4 0 2  0.0018009582
6 4 2 2  0.0000000001
6 4 4 2  0.0018998011
6 4 6 2  0.0000000006
6 5 1 2  0.0018009582
6 5 3 2  0.0000000001
6 5 5 2  0.0018998011
6 5 7 2  0.0000000006
6 6 0 2  0.0000000001
6 6 2 2  0.0014414966
6 6 4 2  0.0000000006
6 6 6 2  -0.0019750799
6 7 1 2  0.0000000001
6 7 3 2  0.0014414966
6 7 5 2  0.0000000006
6 7 7 2  -0.0019750799
6 0 0 4  0.0000000005
6 0 2 4  0.0136747289
6 0 6 4  0.0019872545
6 1 1 4  0.0000000005
6 1 3 4  0.0136747289
6 1 7 4  0.0019872545
6 2 0 4  0.0136747289
6 2 2 4  -0.0000000001
6 2 4 4  0.0033755924
6 2 6 4  0.0000000006
6 3 1 4  0.0136747289
6 3 3 4  -0.0000000001
6 3 5 4  0.0033755924
6 3 7 4  0.0000000006
6 4 2 4  0.0033755924
6 4 4 4  0.0000000010
6 4 6 4  0.0540818638
6 5 3 4  0.0033755924
6 5 5 4  0.0000000010
6 5 7 4  0.0540818638
6 6 0 4  0.0019872545
6 6 2 4  0.0000000006
6 6 4 4  0.0540818638
6 6 6 4  0.0000000009
6 7 1 4  0.0019872545
6 7 3 4  0.0000000006
6 7 5 4  0.0540818638
6 7 7 4  0.0000000009
6 0 0 6  0.1974974869
6 0 2 6  0.0000000002
6 0 4 6  0.0040925417
6 0 6 6  -0.0000000001
6 1 1 6  0.1974974869
6 1 3 6  0.0000000002
6 1 5 6  0.0040925417
6 1 7 6  -0.0000000001
6 2 0 6  0.0000000002
6 2 2 6  0.1649705382
6 2 4 6  0.0000000016
6 2 6 6  -0.0019750799
6 3 1 6  0.0000000002
6 3 3 6  0.1649705382
6 3 5 6  0.0000000016
6 3 7 6  -0.0019750799
6 4 0 6  0.0040925417
6 4 2 6  0.0000000016
6 4 4 6  0.3028291378
6 4 6 6  0.0000000009
6 5 1 6  0.0040925417
6 5 3 6  0.0000000016
6 5 5 6  0.3028291378
6 5 7 6  0.0000000009
6 6 0 6  -0.0000000001
6 6 2 6  -0.0019750799
6 6 4 6  0.0000000009
6 6 6 6  0.3413642396
6 7 1 6  -0.0000000001
6 7 3 6  -0.0019750799
6 7 5 6  0.0000000009
6 7 7 6  0.3413642396
7 0 0 1  0.0000000005
7 0 2 1  0.0033756017
7 0 6 1  0.0014847588
7 1 1 1  0.0000000005
7 1 3 1  0.0033756017
7 1 7 1  0.0014847588
7 2 0 1  0.0033756017
7 2 2 1  0.0000000004
7 2 4 1  0.0010313475
7 2 6 1  0.0000000001
7 3 1 1  0.0033756017
7 3 3 1  0.0000000004
7 3 5 1  0.0010313475
7 3 7 1  0.0000000001
7 4 2 1  0.0010313475
7 4 4 1  0.0000000002
7 4 6 1  0.0019872545
7 5 3 1  0.0010313475
7 5 5 1  0.0000000002
7 5 7 1  0.0019872545
7 6 0 1  0.0014847588
7 6 2 1  0.0000000001
7 6 4 1  0.0019872545
7 6 6 1  -0.0000000001
7 7 1 1  0.0014847588
7 7 3 1  0.0000000001
7 7 5 1  0.0019872545
7 7 7 1  -0.0000000001
7 0 0 3  0.0018998034
7 0 2 3  0.0000000002
7 0 4 3  0.0018009582
7 0 6 3  0.0000000001
7 1 1 3  0.0018998034
7 1 3 3  0.0000000002
7 1 5 3  0.0018009582
7 1 7 3  0.0000000001
7 2 0 3  0.0000000002
7 2 2 3  -0.0019750799
7 2 4 3  0.0000000001
7 2 6 3  0.0014414966
7 3 1 3  0.0000000002
7 3 3 3  -0.0019750799
7 3 5 3  0.0000000001
7 3 7 3  0.0014414966
7 4 0 3  0.0018009582
7 4 2 3  0.0000000001
7 4 4 3  0.0018998011
7 4 6 3  0.0000000006
7 5 1 3  0.0018009582
7 5 3 3  0.0000000001
7 5 5 3  0.0018998011
7 5 7 3  0.0000000006
7 6 0 3  0.0000000001
7 6 2 3  0.0014414966
7 6 4 3  0.0000000006
7 6 6 3  -0.0019750799
7 7 1 3  0.0000000001
7 7 3 3  0.0014414966
7 7 5 3  0.0000000006
7 7 7 3  -0.0019750799
7 0 0 5  0.0000000005
7 0 2 5  0.0136747289
7 0 6 5  0.0019872545
7 1 1 5  0.0000000005
7 1 3 5  0.0136747289
7 1 7 5  0.0019872545
7 2 0 5  0.0136747289
7 2 2 5  -0.0000000001
7 2 4 5  0.0033755924
7 2 6 5  0.0000000006
7 3 1 5  0.0136747289
7 3 3 5  -0.0000000001
7 3 5 5  0.0033755924
7 3 7 5  0.0000000006
7 4 2 5  0.0033755924
7 4 4 5  0.0000000010
7 4 6 5  0.0540818638
7 5 3 5  0.0033755924
7 5 5 5  0.0000000010
7 5 7 5  0.0540818638
7 6 0 5  0.0019872545
7 6 2 5  0.0000000006
7 6 4 5  0.0540818638
7 6 6 5  0.0000000009
7 7 1 5  0.0019872545
7 7 3 5  0.0000000006
7 7 5 5  0.0540818638
7 7 7 5  0.0000000009
7 0 0 7  0.1974974869
7 0 2 7  0.0000000002
7 0 4 7  0.0040925417
7 0 6 7  -0.0000000001
7 1 1 7  0.1974974869
7 1 3 7  0.0000000002
7 1 5 7  0.0040925417
7 1 7 7  -0.0000000001
7 2 0 7  0.0000000002
7 2 2 7  0.1649705382
7 2 4 7  0.0000000016
7 2 6 7  -0.0019750799
7 3 1 7  0.0000000002
7 3 3 7  0.1649705382
7 3 5 7  0.0000000016
7 3 7 7  -0.0019750799
7 4 0 7  0.0040925417
7 4 2 7  0.0000000016
7 4 4 7  0.3028291378
7 4 6 7  0.0000000009
7 5 1 7  0.0040925417
7 5 3 7  0.0000000016
7 5 5 7  0.3028291378
7 5 7 7  0.0000000009
7 6 0 7  -0.0000000001
7 6 2 7  -0.0019750799
7 6 4 7  0.0000000009
7 6 6 7  0.3413642396
7 7 1 7  -0.0000000001
7 7 3 7  -0.0019750799
7 7 5 7  0.0000000009
7 7 7 7  0.3413642396

 E(Ref) = -76.7246995955 Hartree, <S**2> = 2.0000
 E(FCI) = -77.8878668085 Hartree, <S**2> = 0.0000
