 MO Integrals with frozen core/virtual approximation

-73.03533640928035
0 0  -1.8292154589
0 2  -0.0000000014
0 4  -0.3589629262
0 6  -0.0000000026
1 1  -1.8292154589
1 3  -0.0000000014
1 5  -0.3589629262
1 7  -0.0000000026
2 0  -0.0000000014
2 2  -1.5568041912
2 4  0.0000000011
2 6  -0.0724639024
3 1  -0.0000000014
3 3  -1.5568041912
3 5  0.0000000011
3 7  -0.0724639024
4 0  -0.3589629262
4 2  0.0000000011
4 4  -1.8292154617
4 6  0.0000000027
5 1  -0.3589629262
5 3  0.0000000011
5 5  -1.8292154617
5 7  0.0000000027
6 0  -0.0000000026
6 2  -0.0724639024
6 4  0.0000000027
6 6  -1.5568041913
7 1  -0.0000000026
7 3  -0.0724639024
7 5  0.0000000027
7 7  -1.5568041913
0 0 0 0  0.3855492739
0 0 4 0  0.0076342611
0 0 6 0  0.0000000006
0 1 1 0  0.3855492739
0 1 5 0  0.0076342611
0 1 7 0  0.0000000006
0 2 2 0  0.3122391620
0 2 4 0  -0.0000000004
0 2 6 0  0.0013710312
0 3 3 0  0.3122391620
0 3 5 0  -0.0000000004
0 3 7 0  0.0013710312
0 4 0 0  0.0076342611
0 4 2 0  -0.0000000004
0 4 4 0  0.2270287859
0 5 1 0  0.0076342611
0 5 3 0  -0.0000000004
0 5 5 0  0.2270287859
0 6 0 0  0.0000000006
0 6 2 0  0.0013710312
0 6 6 0  0.1744757652
0 7 1 0  0.0000000006
0 7 3 0  0.0013710312
0 7 7 0  0.1744757652
0 0 2 2  0.0403508601
0 0 4 2  -0.0000000003
0 0 6 2  0.0023043887
0 1 3 2  0.0403508601
0 1 5 2  -0.0000000003
0 1 7 2  0.0023043887
0 2 0 2  0.0403508601
0 2 4 2  -0.0000187153
0 2 6 2  0.0000000003
0 3 1 2  0.0403508601
0 3 5 2  -0.0000187153
0 3 7 2  0.0000000003
0 4 0 2  -0.0000000003
0 4 2 2  -0.0000187153
0 4 4 2  -0.0000000005
0 4 6 2  0.0084447110
0 5 1 2  -0.0000000003
0 5 3 2  -0.0000187153
0 5 5 2  -0.0000000005
0 5 7 2  0.0084447110
0 6 0 2  0.0023043887
0 6 2 2  0.0000000003
0 6 4 2  0.0084447110
0 6 6 2  -0.0000000004
0 7 1 2  0.0023043887
0 7 3 2  0.0000000003
0 7 5 2  0.0084447110
0 7 7 2  -0.0000000004
0 0 0 4  0.0076342611
0 0 2 4  -0.0000000003
0 0 4 4  0.0051262386
0 1 1 4  0.0076342611
0 1 3 4  -0.0000000003
0 1 5 4  0.0051262386
0 2 0 4  -0.0000000003
0 2 2 4  -0.0006019847
0 2 6 4  0.0013114884
0 3 1 4  -0.0000000003
0 3 3 4  -0.0006019847
0 3 7 4  0.0013114884
0 4 0 4  0.0051262386
0 4 4 4  0.0076342611
0 5 1 4  0.0051262386
0 5 5 4  0.0076342611
0 6 2 4  0.0013114884
0 6 6 4  -0.0006019847
0 7 3 4  0.0013114884
0 7 7 4  -0.0006019847
0 0 0 6  0.0000000006
0 0 2 6  0.0023043887
0 0 6 6  0.0007944208
0 1 1 6  0.0000000006
0 1 3 6  0.0023043887
0 1 7 6  0.0007944208
0 2 0 6  0.0023043887
0 2 2 6  0.0000000003
0 2 4 6  0.0005768111
0 3 1 6  0.0023043887
0 3 3 6  0.0000000003
0 3 5 6  0.0005768111
0 4 2 6  0.0005768111
0 4 4 6  0.0000000002
0 4 6 6  -0.0000187153
0 5 3 6  0.0005768111
0 5 5 6  0.0000000002
0 5 7 6  -0.0000187153
0 6 0 6  0.0007944208
0 6 4 6  -0.0000187153
0 6 6 6  0.0000000001
0 7 1 6  0.0007944208
0 7 5 6  -0.0000187153
0 7 7 6  0.0000000001
1 0 0 1  0.3855492739
1 0 4 1  0.0076342611
1 0 6 1  0.0000000006
1 1 1 1  0.3855492739
1 1 5 1  0.0076342611
1 1 7 1  0.0000000006
1 2 2 1  0.3122391620
1 2 4 1  -0.0000000004
1 2 6 1  0.0013710312
1 3 3 1  0.3122391620
1 3 5 1  -0.0000000004
1 3 7 1  0.0013710312
1 4 0 1  0.0076342611
1 4 2 1  -0.0000000004
1 4 4 1  0.2270287859
1 5 1 1  0.0076342611
1 5 3 1  -0.0000000004
1 5 5 1  0.2270287859
1 6 0 1  0.0000000006
1 6 2 1  0.0013710312
1 6 6 1  0.1744757652
1 7 1 1  0.0000000006
1 7 3 1  0.0013710312
1 7 7 1  0.1744757652
1 0 2 3  0.0403508601
1 0 4 3  -0.0000000003
1 0 6 3  0.0023043887
1 1 3 3  0.0403508601
1 1 5 3  -0.0000000003
1 1 7 3  0.0023043887
1 2 0 3  0.0403508601
1 2 4 3  -0.0000187153
1 2 6 3  0.0000000003
1 3 1 3  0.0403508601
1 3 5 3  -0.0000187153
1 3 7 3  0.0000000003
1 4 0 3  -0.0000000003
1 4 2 3  -0.0000187153
1 4 4 3  -0.0000000005
1 4 6 3  0.0084447110
1 5 1 3  -0.0000000003
1 5 3 3  -0.0000187153
1 5 5 3  -0.0000000005
1 5 7 3  0.0084447110
1 6 0 3  0.0023043887
1 6 2 3  0.0000000003
1 6 4 3  0.0084447110
1 6 6 3  -0.0000000004
1 7 1 3  0.0023043887
1 7 3 3  0.0000000003
1 7 5 3  0.0084447110
1 7 7 3  -0.0000000004
1 0 0 5  0.0076342611
1 0 2 5  -0.0000000003
1 0 4 5  0.0051262386
1 1 1 5  0.0076342611
1 1 3 5  -0.0000000003
1 1 5 5  0.0051262386
1 2 0 5  -0.0000000003
1 2 2 5  -0.0006019847
1 2 6 5  0.0013114884
1 3 1 5  -0.0000000003
1 3 3 5  -0.0006019847
1 3 7 5  0.0013114884
1 4 0 5  0.0051262386
1 4 4 5  0.0076342611
1 5 1 5  0.0051262386
1 5 5 5  0.0076342611
1 6 2 5  0.0013114884
1 6 6 5  -0.0006019847
1 7 3 5  0.0013114884
1 7 7 5  -0.0006019847
1 0 0 7  0.0000000006
1 0 2 7  0.0023043887
1 0 6 7  0.0007944208
1 1 1 7  0.0000000006
1 1 3 7  0.0023043887
1 1 7 7  0.0007944208
1 2 0 7  0.0023043887
1 2 2 7  0.0000000003
1 2 4 7  0.0005768111
1 3 1 7  0.0023043887
1 3 3 7  0.0000000003
1 3 5 7  0.0005768111
1 4 2 7  0.0005768111
1 4 4 7  0.0000000002
1 4 6 7  -0.0000187153
1 5 3 7  0.0005768111
1 5 5 7  0.0000000002
1 5 7 7  -0.0000187153
1 6 0 7  0.0007944208
1 6 4 7  -0.0000187153
1 6 6 7  0.0000000001
1 7 1 7  0.0007944208
1 7 5 7  -0.0000187153
1 7 7 7  0.0000000001
2 0 2 0  0.0403508601
2 0 4 0  -0.0000000003
2 0 6 0  0.0023043887
2 1 3 0  0.0403508601
2 1 5 0  -0.0000000003
2 1 7 0  0.0023043887
2 2 0 0  0.0403508601
2 2 4 0  -0.0000187153
2 2 6 0  0.0000000003
2 3 1 0  0.0403508601
2 3 5 0  -0.0000187153
2 3 7 0  0.0000000003
2 4 0 0  -0.0000000003
2 4 2 0  -0.0000187153
2 4 4 0  -0.0000000005
2 4 6 0  0.0084447110
2 5 1 0  -0.0000000003
2 5 3 0  -0.0000187153
2 5 5 0  -0.0000000005
2 5 7 0  0.0084447110
2 6 0 0  0.0023043887
2 6 2 0  0.0000000003
2 6 4 0  0.0084447110
2 6 6 0  -0.0000000004
2 7 1 0  0.0023043887
2 7 3 0  0.0000000003
2 7 5 0  0.0084447110
2 7 7 0  -0.0000000004
2 0 0 2  0.3122391620
2 0 4 2  -0.0006019847
2 0 6 2  0.0000000003
2 1 1 2  0.3122391620
2 1 5 2  -0.0006019847
2 1 7 2  0.0000000003
2 2 2 2  0.3384763739
2 2 4 2  -0.0000000006
2 2 6 2  -0.0019963573
2 3 3 2  0.3384763739
2 3 5 2  -0.0000000006
2 3 7 2  -0.0019963573
2 4 0 2  -0.0006019847
2 4 2 2  -0.0000000006
2 4 4 2  0.1744757655
2 4 6 2  -0.0000000001
2 5 1 2  -0.0006019847
2 5 3 2  -0.0000000006
2 5 5 2  0.1744757655
2 5 7 2  -0.0000000001
2 6 0 2  0.0000000003
2 6 2 2  -0.0019963573
2 6 4 2  -0.0000000001
2 6 6 2  0.1423275426
2 7 1 2  0.0000000003
2 7 3 2  -0.0019963573
2 7 5 2  -0.0000000001
2 7 7 2  0.1423275426
2 0 0 4  -0.0000000004
2 0 2 4  -0.0000187153
2 0 6 4  0.0005768111
2 1 1 4  -0.0000000004
2 1 3 4  -0.0000187153
2 1 7 4  0.0005768111
2 2 0 4  -0.0000187153
2 2 2 4  -0.0000000006
2 2 4 4  0.0007944208
2 3 1 4  -0.0000187153
2 3 3 4  -0.0000000006
2 3 5 4  0.0007944208
2 4 2 4  0.0007944208
2 4 4 4  0.0000000009
2 4 6 4  0.0023043887
2 5 3 4  0.0007944208
2 5 5 4  0.0000000009
2 5 7 4  0.0023043887
2 6 0 4  0.0005768111
2 6 4 4  0.0023043887
2 6 6 4  0.0000000007
2 7 1 4  0.0005768111
2 7 5 4  0.0023043887
2 7 7 4  0.0000000007
2 0 0 6  0.0013710312
2 0 2 6  0.0000000003
2 0 4 6  0.0013114884
2 1 1 6  0.0013710312
2 1 3 6  0.0000000003
2 1 5 6  0.0013114884
2 2 0 6  0.0000000003
2 2 2 6  -0.0019963573
2 2 6 6  0.0006238476
2 3 1 6  0.0000000003
2 3 3 6  -0.0019963573
2 3 7 6  0.0006238476
2 4 0 6  0.0013114884
2 4 4 6  0.0013710312
2 4 6 6  0.0000000005
2 5 1 6  0.0013114884
2 5 5 6  0.0013710312
2 5 7 6  0.0000000005
2 6 2 6  0.0006238476
2 6 4 6  0.0000000005
2 6 6 6  -0.0019963573
2 7 3 6  0.0006238476
2 7 5 6  0.0000000005
2 7 7 6  -0.0019963573
3 0 2 1  0.0403508601
3 0 4 1  -0.0000000003
3 0 6 1  0.0023043887
3 1 3 1  0.0403508601
3 1 5 1  -0.0000000003
3 1 7 1  0.0023043887
3 2 0 1  0.0403508601
3 2 4 1  -0.0000187153
3 2 6 1  0.0000000003
3 3 1 1  0.0403508601
3 3 5 1  -0.0000187153
3 3 7 1  0.0000000003
3 4 0 1  -0.0000000003
3 4 2 1  -0.0000187153
3 4 4 1  -0.0000000005
3 4 6 1  0.0084447110
3 5 1 1  -0.0000000003
3 5 3 1  -0.0000187153
3 5 5 1  -0.0000000005
3 5 7 1  0.0084447110
3 6 0 1  0.0023043887
3 6 2 1  0.0000000003
3 6 4 1  0.0084447110
3 6 6 1  -0.0000000004
3 7 1 1  0.0023043887
3 7 3 1  0.0000000003
3 7 5 1  0.0084447110
3 7 7 1  -0.0000000004
3 0 0 3  0.3122391620
3 0 4 3  -0.0006019847
3 0 6 3  0.0000000003
3 1 1 3  0.3122391620
3 1 5 3  -0.0006019847
3 1 7 3  0.0000000003
3 2 2 3  0.3384763739
3 2 4 3  -0.0000000006
3 2 6 3  -0.0019963573
3 3 3 3  0.3384763739
3 3 5 3  -0.0000000006
3 3 7 3  -0.0019963573
3 4 0 3  -0.0006019847
3 4 2 3  -0.0000000006
3 4 4 3  0.1744757655
3 4 6 3  -0.0000000001
3 5 1 3  -0.0006019847
3 5 3 3  -0.0000000006
3 5 5 3  0.1744757655
3 5 7 3  -0.0000000001
3 6 0 3  0.0000000003
3 6 2 3  -0.0019963573
3 6 4 3  -0.0000000001
3 6 6 3  0.1423275426
3 7 1 3  0.0000000003
3 7 3 3  -0.0019963573
3 7 5 3  -0.0000000001
3 7 7 3  0.1423275426
3 0 0 5  -0.0000000004
3 0 2 5  -0.0000187153
3 0 6 5  0.0005768111
3 1 1 5  -0.0000000004
3 1 3 5  -0.0000187153
3 1 7 5  0.0005768111
3 2 0 5  -0.0000187153
3 2 2 5  -0.0000000006
3 2 4 5  0.0007944208
3 3 1 5  -0.0000187153
3 3 3 5  -0.0000000006
3 3 5 5  0.0007944208
3 4 2 5  0.0007944208
3 4 4 5  0.0000000009
3 4 6 5  0.0023043887
3 5 3 5  0.0007944208
3 5 5 5  0.0000000009
3 5 7 5  0.0023043887
3 6 0 5  0.0005768111
3 6 4 5  0.0023043887
3 6 6 5  0.0000000007
3 7 1 5  0.0005768111
3 7 5 5  0.0023043887
3 7 7 5  0.0000000007
3 0 0 7  0.0013710312
3 0 2 7  0.0000000003
3 0 4 7  0.0013114884
3 1 1 7  0.0013710312
3 1 3 7  0.0000000003
3 1 5 7  0.0013114884
3 2 0 7  0.0000000003
3 2 2 7  -0.0019963573
3 2 6 7  0.0006238476
3 3 1 7  0.0000000003
3 3 3 7  -0.0019963573
3 3 7 7  0.0006238476
3 4 0 7  0.0013114884
3 4 4 7  0.0013710312
3 4 6 7  0.0000000005
3 5 1 7  0.0013114884
3 5 5 7  0.0013710312
3 5 7 7  0.0000000005
3 6 2 7  0.0006238476
3 6 4 7  0.0000000005
3 6 6 7  -0.0019963573
3 7 3 7  0.0006238476
3 7 5 7  0.0000000005
3 7 7 7  -0.0019963573
4 0 0 0  0.0076342611
4 0 2 0  -0.0000000003
4 0 4 0  0.0051262386
4 1 1 0  0.0076342611
4 1 3 0  -0.0000000003
4 1 5 0  0.0051262386
4 2 0 0  -0.0000000003
4 2 2 0  -0.0006019847
4 2 6 0  0.0013114884
4 3 1 0  -0.0000000003
4 3 3 0  -0.0006019847
4 3 7 0  0.0013114884
4 4 0 0  0.0051262386
4 4 4 0  0.0076342611
4 5 1 0  0.0051262386
4 5 5 0  0.0076342611
4 6 2 0  0.0013114884
4 6 6 0  -0.0006019847
4 7 3 0  0.0013114884
4 7 7 0  -0.0006019847
4 0 0 2  -0.0000000004
4 0 2 2  -0.0000187153
4 0 6 2  0.0005768111
4 1 1 2  -0.0000000004
4 1 3 2  -0.0000187153
4 1 7 2  0.0005768111
4 2 0 2  -0.0000187153
4 2 2 2  -0.0000000006
4 2 4 2  0.0007944208
4 3 1 2  -0.0000187153
4 3 3 2  -0.0000000006
4 3 5 2  0.0007944208
4 4 2 2  0.0007944208
4 4 4 2  0.0000000009
4 4 6 2  0.0023043887
4 5 3 2  0.0007944208
4 5 5 2  0.0000000009
4 5 7 2  0.0023043887
4 6 0 2  0.0005768111
4 6 4 2  0.0023043887
4 6 6 2  0.0000000007
4 7 1 2  0.0005768111
4 7 5 2  0.0023043887
4 7 7 2  0.0000000007
4 0 0 4  0.2270287859
4 0 2 4  -0.0000000005
4 0 4 4  0.0076342611
4 0 6 4  0.0000000002
4 1 1 4  0.2270287859
4 1 3 4  -0.0000000005
4 1 5 4  0.0076342611
4 1 7 4  0.0000000002
4 2 0 4  -0.0000000005
4 2 2 4  0.1744757655
4 2 4 4  0.0000000009
4 2 6 4  0.0013710312
4 3 1 4  -0.0000000005
4 3 3 4  0.1744757655
4 3 5 4  0.0000000009
4 3 7 4  0.0013710312
4 4 0 4  0.0076342611
4 4 2 4  0.0000000009
4 4 4 4  0.3855492748
4 4 6 4  -0.0000000006
4 5 1 4  0.0076342611
4 5 3 4  0.0000000009
4 5 5 4  0.3855492748
4 5 7 4  -0.0000000006
4 6 0 4  0.0000000002
4 6 2 4  0.0013710312
4 6 4 4  -0.0000000006
4 6 6 4  0.3122391624
4 7 1 4  0.0000000002
4 7 3 4  0.0013710312
4 7 5 4  -0.0000000006
4 7 7 4  0.3122391624
4 0 2 6  0.0084447110
4 0 6 6  -0.0000187153
4 1 3 6  0.0084447110
4 1 7 6  -0.0000187153
4 2 0 6  0.0084447110
4 2 2 6  -0.0000000001
4 2 4 6  0.0023043887
4 2 6 6  0.0000000005
4 3 1 6  0.0084447110
4 3 3 6  -0.0000000001
4 3 5 6  0.0023043887
4 3 7 6  0.0000000005
4 4 2 6  0.0023043887
4 4 4 6  -0.0000000006
4 4 6 6  0.0403508602
4 5 3 6  0.0023043887
4 5 5 6  -0.0000000006
4 5 7 6  0.0403508602
4 6 0 6  -0.0000187153
4 6 2 6  0.0000000005
4 6 4 6  0.0403508602
4 6 6 6  -0.0000000009
4 7 1 6  -0.0000187153
4 7 3 6  0.0000000005
4 7 5 6  0.0403508602
4 7 7 6  -0.0000000009
5 0 0 1  0.0076342611
5 0 2 1  -0.0000000003
5 0 4 1  0.0051262386
5 1 1 1  0.0076342611
5 1 3 1  -0.0000000003
5 1 5 1  0.0051262386
5 2 0 1  -0.0000000003
5 2 2 1  -0.0006019847
5 2 6 1  0.0013114884
5 3 1 1  -0.0000000003
5 3 3 1  -0.0006019847
5 3 7 1  0.0013114884
5 4 0 1  0.0051262386
5 4 4 1  0.0076342611
5 5 1 1  0.0051262386
5 5 5 1  0.0076342611
5 6 2 1  0.0013114884
5 6 6 1  -0.0006019847
5 7 3 1  0.0013114884
5 7 7 1  -0.0006019847
5 0 0 3  -0.0000000004
5 0 2 3  -0.0000187153
5 0 6 3  0.0005768111
5 1 1 3  -0.0000000004
5 1 3 3  -0.0000187153
5 1 7 3  0.0005768111
5 2 0 3  -0.0000187153
5 2 2 3  -0.0000000006
5 2 4 3  0.0007944208
5 3 1 3  -0.0000187153
5 3 3 3  -0.0000000006
5 3 5 3  0.0007944208
5 4 2 3  0.0007944208
5 4 4 3  0.0000000009
5 4 6 3  0.0023043887
5 5 3 3  0.0007944208
5 5 5 3  0.0000000009
5 5 7 3  0.0023043887
5 6 0 3  0.0005768111
5 6 4 3  0.0023043887
5 6 6 3  0.0000000007
5 7 1 3  0.0005768111
5 7 5 3  0.0023043887
5 7 7 3  0.0000000007
5 0 0 5  0.2270287859
5 0 2 5  -0.0000000005
5 0 4 5  0.0076342611
5 0 6 5  0.0000000002
5 1 1 5  0.2270287859
5 1 3 5  -0.0000000005
5 1 5 5  0.0076342611
5 1 7 5  0.0000000002
5 2 0 5  -0.0000000005
5 2 2 5  0.1744757655
5 2 4 5  0.0000000009
5 2 6 5  0.0013710312
5 3 1 5  -0.0000000005
5 3 3 5  0.1744757655
5 3 5 5  0.0000000009
5 3 7 5  0.0013710312
5 4 0 5  0.0076342611
5 4 2 5  0.0000000009
5 4 4 5  0.3855492748
5 4 6 5  -0.0000000006
5 5 1 5  0.0076342611
5 5 3 5  0.0000000009
5 5 5 5  0.3855492748
5 5 7 5  -0.0000000006
5 6 0 5  0.0000000002
5 6 2 5  0.0013710312
5 6 4 5  -0.0000000006
5 6 6 5  0.3122391624
5 7 1 5  0.0000000002
5 7 3 5  0.0013710312
5 7 5 5  -0.0000000006
5 7 7 5  0.3122391624
5 0 2 7  0.0084447110
5 0 6 7  -0.0000187153
5 1 3 7  0.0084447110
5 1 7 7  -0.0000187153
5 2 0 7  0.0084447110
5 2 2 7  -0.0000000001
5 2 4 7  0.0023043887
5 2 6 7  0.0000000005
5 3 1 7  0.0084447110
5 3 3 7  -0.0000000001
5 3 5 7  0.0023043887
5 3 7 7  0.0000000005
5 4 2 7  0.0023043887
5 4 4 7  -0.0000000006
5 4 6 7  0.0403508602
5 5 3 7  0.0023043887
5 5 5 7  -0.0000000006
5 5 7 7  0.0403508602
5 6 0 7  -0.0000187153
5 6 2 7  0.0000000005
5 6 4 7  0.0403508602
5 6 6 7  -0.0000000009
5 7 1 7  -0.0000187153
5 7 3 7  0.0000000005
5 7 5 7  0.0403508602
5 7 7 7  -0.0000000009
6 0 0 0  0.0000000006
6 0 2 0  0.0023043887
6 0 6 0  0.0007944208
6 1 1 0  0.0000000006
6 1 3 0  0.0023043887
6 1 7 0  0.0007944208
6 2 0 0  0.0023043887
6 2 2 0  0.0000000003
6 2 4 0  0.0005768111
6 3 1 0  0.0023043887
6 3 3 0  0.0000000003
6 3 5 0  0.0005768111
6 4 2 0  0.0005768111
6 4 4 0  0.0000000002
6 4 6 0  -0.0000187153
6 5 3 0  0.0005768111
6 5 5 0  0.0000000002
6 5 7 0  -0.0000187153
6 6 0 0  0.0007944208
6 6 4 0  -0.0000187153
6 6 6 0  0.0000000001
6 7 1 0  0.0007944208
6 7 5 0  -0.0000187153
6 7 7 0  0.0000000001
6 0 0 2  0.0013710312
6 0 2 2  0.0000000003
6 0 4 2  0.0013114884
6 1 1 2  0.0013710312
6 1 3 2  0.0000000003
6 1 5 2  0.0013114884
6 2 0 2  0.0000000003
6 2 2 2  -0.0019963573
6 2 6 2  0.0006238476
6 3 1 2  0.0000000003
6 3 3 2  -0.0019963573
6 3 7 2  0.0006238476
6 4 0 2  0.0013114884
6 4 4 2  0.0013710312
6 4 6 2  0.0000000005
6 5 1 2  0.0013114884
6 5 5 2  0.0013710312
6 5 7 2  0.0000000005
6 6 2 2  0.0006238476
6 6 4 2  0.0000000005
6 6 6 2  -0.0019963573
6 7 3 2  0.0006238476
6 7 5 2  0.0000000005
6 7 7 2  -0.0019963573
6 0 2 4  0.0084447110
6 0 6 4  -0.0000187153
6 1 3 4  0.0084447110
6 1 7 4  -0.0000187153
6 2 0 4  0.0084447110
6 2 2 4  -0.0000000001
6 2 4 4  0.0023043887
6 2 6 4  0.0000000005
6 3 1 4  0.0084447110
6 3 3 4  -0.0000000001
6 3 5 4  0.0023043887
6 3 7 4  0.0000000005
6 4 2 4  0.0023043887
6 4 4 4  -0.0000000006
6 4 6 4  0.0403508602
6 5 3 4  0.0023043887
6 5 5 4  -0.0000000006
6 5 7 4  0.0403508602
6 6 0 4  -0.0000187153
6 6 2 4  0.0000000005
6 6 4 4  0.0403508602
6 6 6 4  -0.0000000009
6 7 1 4  -0.0000187153
6 7 3 4  0.0000000005
6 7 5 4  0.0403508602
6 7 7 4  -0.0000000009
6 0 0 6  0.1744757652
6 0 2 6  -0.0000000004
6 0 4 6  -0.0006019847
6 0 6 6  0.0000000001
6 1 1 6  0.1744757652
6 1 3 6  -0.0000000004
6 1 5 6  -0.0006019847
6 1 7 6  0.0000000001
6 2 0 6  -0.0000000004
6 2 2 6  0.1423275426
6 2 4 6  0.0000000007
6 2 6 6  -0.0019963573
6 3 1 6  -0.0000000004
6 3 3 6  0.1423275426
6 3 5 6  0.0000000007
6 3 7 6  -0.0019963573
6 4 0 6  -0.0006019847
6 4 2 6  0.0000000007
6 4 4 6  0.3122391624
6 4 6 6  -0.0000000009
6 5 1 6  -0.0006019847
6 5 3 6  0.0000000007
6 5 5 6  0.3122391624
6 5 7 6  -0.0000000009
6 6 0 6  0.0000000001
6 6 2 6  -0.0019963573
6 6 4 6  -0.0000000009
6 6 6 6  0.3384763739
6 7 1 6  0.0000000001
6 7 3 6  -0.0019963573
6 7 5 6  -0.0000000009
6 7 7 6  0.3384763739
7 0 0 1  0.0000000006
7 0 2 1  0.0023043887
7 0 6 1  0.0007944208
7 1 1 1  0.0000000006
7 1 3 1  0.0023043887
7 1 7 1  0.0007944208
7 2 0 1  0.0023043887
7 2 2 1  0.0000000003
7 2 4 1  0.0005768111
7 3 1 1  0.0023043887
7 3 3 1  0.0000000003
7 3 5 1  0.0005768111
7 4 2 1  0.0005768111
7 4 4 1  0.0000000002
7 4 6 1  -0.0000187153
7 5 3 1  0.0005768111
7 5 5 1  0.0000000002
7 5 7 1  -0.0000187153
7 6 0 1  0.0007944208
7 6 4 1  -0.0000187153
7 6 6 1  0.0000000001
7 7 1 1  0.0007944208
7 7 5 1  -0.0000187153
7 7 7 1  0.0000000001
7 0 0 3  0.0013710312
7 0 2 3  0.0000000003
7 0 4 3  0.0013114884
7 1 1 3  0.0013710312
7 1 3 3  0.0000000003
7 1 5 3  0.0013114884
7 2 0 3  0.0000000003
7 2 2 3  -0.0019963573
7 2 6 3  0.0006238476
7 3 1 3  0.0000000003
7 3 3 3  -0.0019963573
7 3 7 3  0.0006238476
7 4 0 3  0.0013114884
7 4 4 3  0.0013710312
7 4 6 3  0.0000000005
7 5 1 3  0.0013114884
7 5 5 3  0.0013710312
7 5 7 3  0.0000000005
7 6 2 3  0.0006238476
7 6 4 3  0.0000000005
7 6 6 3  -0.0019963573
7 7 3 3  0.0006238476
7 7 5 3  0.0000000005
7 7 7 3  -0.0019963573
7 0 2 5  0.0084447110
7 0 6 5  -0.0000187153
7 1 3 5  0.0084447110
7 1 7 5  -0.0000187153
7 2 0 5  0.0084447110
7 2 2 5  -0.0000000001
7 2 4 5  0.0023043887
7 2 6 5  0.0000000005
7 3 1 5  0.0084447110
7 3 3 5  -0.0000000001
7 3 5 5  0.0023043887
7 3 7 5  0.0000000005
7 4 2 5  0.0023043887
7 4 4 5  -0.0000000006
7 4 6 5  0.0403508602
7 5 3 5  0.0023043887
7 5 5 5  -0.0000000006
7 5 7 5  0.0403508602
7 6 0 5  -0.0000187153
7 6 2 5  0.0000000005
7 6 4 5  0.0403508602
7 6 6 5  -0.0000000009
7 7 1 5  -0.0000187153
7 7 3 5  0.0000000005
7 7 5 5  0.0403508602
7 7 7 5  -0.0000000009
7 0 0 7  0.1744757652
7 0 2 7  -0.0000000004
7 0 4 7  -0.0006019847
7 0 6 7  0.0000000001
7 1 1 7  0.1744757652
7 1 3 7  -0.0000000004
7 1 5 7  -0.0006019847
7 1 7 7  0.0000000001
7 2 0 7  -0.0000000004
7 2 2 7  0.1423275426
7 2 4 7  0.0000000007
7 2 6 7  -0.0019963573
7 3 1 7  -0.0000000004
7 3 3 7  0.1423275426
7 3 5 7  0.0000000007
7 3 7 7  -0.0019963573
7 4 0 7  -0.0006019847
7 4 2 7  0.0000000007
7 4 4 7  0.3122391624
7 4 6 7  -0.0000000009
7 5 1 7  -0.0006019847
7 5 3 7  0.0000000007
7 5 5 7  0.3122391624
7 5 7 7  -0.0000000009
7 6 0 7  0.0000000001
7 6 2 7  -0.0019963573
7 6 4 7  -0.0000000009
7 6 6 7  0.3384763739
7 7 1 7  0.0000000001
7 7 3 7  -0.0019963573
7 7 5 7  -0.0000000009
7 7 7 7  0.3384763739

 E(Ref) = -77.2832067857 Hartree, <S**2> = 2.0000
 E(FCI) = -77.8224112679 Hartree, <S**2> = -0.0000
