 MO Integrals with frozen core/virtual approximation

-72.54954565697138
0 0  -1.8877154268
0 2  -0.0000000082
0 4  -0.5387594163
0 6  0.0000000028
1 1  -1.8877154268
1 3  -0.0000000082
1 5  -0.5387594163
1 7  0.0000000028
2 0  -0.0000000082
2 2  -1.6189253534
2 4  -0.0000000037
2 6  -0.1060913013
3 1  -0.0000000082
3 3  -1.6189253534
3 5  -0.0000000037
3 7  -0.1060913013
4 0  -0.5387594163
4 2  -0.0000000037
4 4  -1.8877154705
4 6  -0.0000000025
5 1  -0.5387594163
5 3  -0.0000000037
5 5  -1.8877154705
5 7  -0.0000000025
6 0  0.0000000028
6 2  -0.1060913013
6 4  -0.0000000025
6 6  -1.6189253544
7 1  0.0000000028
7 3  -0.1060913013
7 5  -0.0000000025
7 7  -1.6189253544
0 0 0 0  0.3680994653
0 0 2 0  0.0000000004
0 0 4 0  0.0107569557
0 0 6 0  0.0000000031
0 1 1 0  0.3680994653
0 1 3 0  0.0000000004
0 1 5 0  0.0107569557
0 1 7 0  0.0000000031
0 2 0 0  0.0000000004
0 2 2 0  0.3106462658
0 2 4 0  -0.0000000013
0 2 6 0  0.0020033261
0 3 1 0  0.0000000004
0 3 3 0  0.3106462658
0 3 5 0  -0.0000000013
0 3 7 0  0.0020033261
0 4 0 0  0.0107569557
0 4 2 0  -0.0000000013
0 4 4 0  0.2411719100
0 4 6 0  -0.0000000007
0 5 1 0  0.0107569557
0 5 3 0  -0.0000000013
0 5 5 0  0.2411719100
0 5 7 0  -0.0000000007
0 6 0 0  0.0000000031
0 6 2 0  0.0020033261
0 6 4 0  -0.0000000007
0 6 6 0  0.1917641435
0 7 1 0  0.0000000031
0 7 3 0  0.0020033261
0 7 5 0  -0.0000000007
0 7 7 0  0.1917641435
0 0 0 2  0.0000000004
0 0 2 2  0.0495743201
0 0 4 2  -0.0000000010
0 0 6 2  0.0032599372
0 1 1 2  0.0000000004
0 1 3 2  0.0495743201
0 1 5 2  -0.0000000010
0 1 7 2  0.0032599372
0 2 0 2  0.0495743201
0 2 2 2  0.0000000010
0 2 4 2  0.0013660662
0 2 6 2  0.0000000009
0 3 1 2  0.0495743201
0 3 3 2  0.0000000010
0 3 5 2  0.0013660662
0 3 7 2  0.0000000009
0 4 0 2  -0.0000000010
0 4 2 2  0.0013660662
0 4 4 2  0.0000000002
0 4 6 2  0.0120873493
0 5 1 2  -0.0000000010
0 5 3 2  0.0013660662
0 5 5 2  0.0000000002
0 5 7 2  0.0120873493
0 6 0 2  0.0032599372
0 6 2 2  0.0000000009
0 6 4 2  0.0120873493
0 6 6 2  -0.0000000005
0 7 1 2  0.0032599372
0 7 3 2  0.0000000009
0 7 5 2  0.0120873493
0 7 7 2  -0.0000000005
0 0 0 4  0.0107569557
0 0 2 4  -0.0000000010
0 0 4 4  0.0055933233
0 1 1 4  0.0107569557
0 1 3 4  -0.0000000010
0 1 5 4  0.0055933233
0 2 0 4  -0.0000000010
0 2 2 4  0.0026108739
0 2 4 4  0.0000000001
0 2 6 4  0.0017741557
0 3 1 4  -0.0000000010
0 3 3 4  0.0026108739
0 3 5 4  0.0000000001
0 3 7 4  0.0017741557
0 4 0 4  0.0055933233
0 4 2 4  0.0000000001
0 4 4 4  0.0107569506
0 4 6 4  -0.0000000011
0 5 1 4  0.0055933233
0 5 3 4  0.0000000001
0 5 5 4  0.0107569506
0 5 7 4  -0.0000000011
0 6 2 4  0.0017741557
0 6 4 4  -0.0000000011
0 6 6 4  0.0026108687
0 7 3 4  0.0017741557
0 7 5 4  -0.0000000011
0 7 7 4  0.0026108687
0 0 0 6  0.0000000031
0 0 2 6  0.0032599372
0 0 6 6  0.0012579593
0 1 1 6  0.0000000031
0 1 3 6  0.0032599372
0 1 7 6  0.0012579593
0 2 0 6  0.0032599372
0 2 2 6  0.0000000027
0 2 4 6  0.0009305931
0 2 6 6  0.0000000001
0 3 1 6  0.0032599372
0 3 3 6  0.0000000027
0 3 5 6  0.0009305931
0 3 7 6  0.0000000001
0 4 2 6  0.0009305931
0 4 4 6  -0.0000000012
0 4 6 6  0.0013660641
0 5 3 6  0.0009305931
0 5 5 6  -0.0000000012
0 5 7 6  0.0013660641
0 6 0 6  0.0012579593
0 6 2 6  0.0000000001
0 6 4 6  0.0013660641
0 6 6 6  -0.0000000025
0 7 1 6  0.0012579593
0 7 3 6  0.0000000001
0 7 5 6  0.0013660641
0 7 7 6  -0.0000000025
1 0 0 1  0.3680994653
1 0 2 1  0.0000000004
1 0 4 1  0.0107569557
1 0 6 1  0.0000000031
1 1 1 1  0.3680994653
1 1 3 1  0.0000000004
1 1 5 1  0.0107569557
1 1 7 1  0.0000000031
1 2 0 1  0.0000000004
1 2 2 1  0.3106462658
1 2 4 1  -0.0000000013
1 2 6 1  0.0020033261
1 3 1 1  0.0000000004
1 3 3 1  0.3106462658
1 3 5 1  -0.0000000013
1 3 7 1  0.0020033261
1 4 0 1  0.0107569557
1 4 2 1  -0.0000000013
1 4 4 1  0.2411719100
1 4 6 1  -0.0000000007
1 5 1 1  0.0107569557
1 5 3 1  -0.0000000013
1 5 5 1  0.2411719100
1 5 7 1  -0.0000000007
1 6 0 1  0.0000000031
1 6 2 1  0.0020033261
1 6 4 1  -0.0000000007
1 6 6 1  0.1917641435
1 7 1 1  0.0000000031
1 7 3 1  0.0020033261
1 7 5 1  -0.0000000007
1 7 7 1  0.1917641435
1 0 0 3  0.0000000004
1 0 2 3  0.0495743201
1 0 4 3  -0.0000000010
1 0 6 3  0.0032599372
1 1 1 3  0.0000000004
1 1 3 3  0.0495743201
1 1 5 3  -0.0000000010
1 1 7 3  0.0032599372
1 2 0 3  0.0495743201
1 2 2 3  0.0000000010
1 2 4 3  0.0013660662
1 2 6 3  0.0000000009
1 3 1 3  0.0495743201
1 3 3 3  0.0000000010
1 3 5 3  0.0013660662
1 3 7 3  0.0000000009
1 4 0 3  -0.0000000010
1 4 2 3  0.0013660662
1 4 4 3  0.0000000002
1 4 6 3  0.0120873493
1 5 1 3  -0.0000000010
1 5 3 3  0.0013660662
1 5 5 3  0.0000000002
1 5 7 3  0.0120873493
1 6 0 3  0.0032599372
1 6 2 3  0.0000000009
1 6 4 3  0.0120873493
1 6 6 3  -0.0000000005
1 7 1 3  0.0032599372
1 7 3 3  0.0000000009
1 7 5 3  0.0120873493
1 7 7 3  -0.0000000005
1 0 0 5  0.0107569557
1 0 2 5  -0.0000000010
1 0 4 5  0.0055933233
1 1 1 5  0.0107569557
1 1 3 5  -0.0000000010
1 1 5 5  0.0055933233
1 2 0 5  -0.0000000010
1 2 2 5  0.0026108739
1 2 4 5  0.0000000001
1 2 6 5  0.0017741557
1 3 1 5  -0.0000000010
1 3 3 5  0.0026108739
1 3 5 5  0.0000000001
1 3 7 5  0.0017741557
1 4 0 5  0.0055933233
1 4 2 5  0.0000000001
1 4 4 5  0.0107569506
1 4 6 5  -0.0000000011
1 5 1 5  0.0055933233
1 5 3 5  0.0000000001
1 5 5 5  0.0107569506
1 5 7 5  -0.0000000011
1 6 2 5  0.0017741557
1 6 4 5  -0.0000000011
1 6 6 5  0.0026108687
1 7 3 5  0.0017741557
1 7 5 5  -0.0000000011
1 7 7 5  0.0026108687
1 0 0 7  0.0000000031
1 0 2 7  0.0032599372
1 0 6 7  0.0012579593
1 1 1 7  0.0000000031
1 1 3 7  0.0032599372
1 1 7 7  0.0012579593
1 2 0 7  0.0032599372
1 2 2 7  0.0000000027
1 2 4 7  0.0009305931
1 2 6 7  0.0000000001
1 3 1 7  0.0032599372
1 3 3 7  0.0000000027
1 3 5 7  0.0009305931
1 3 7 7  0.0000000001
1 4 2 7  0.0009305931
1 4 4 7  -0.0000000012
1 4 6 7  0.0013660641
1 5 3 7  0.0009305931
1 5 5 7  -0.0000000012
1 5 7 7  0.0013660641
1 6 0 7  0.0012579593
1 6 2 7  0.0000000001
1 6 4 7  0.0013660641
1 6 6 7  -0.0000000025
1 7 1 7  0.0012579593
1 7 3 7  0.0000000001
1 7 5 7  0.0013660641
1 7 7 7  -0.0000000025
2 0 0 0  0.0000000004
2 0 2 0  0.0495743201
2 0 4 0  -0.0000000010
2 0 6 0  0.0032599372
2 1 1 0  0.0000000004
2 1 3 0  0.0495743201
2 1 5 0  -0.0000000010
2 1 7 0  0.0032599372
2 2 0 0  0.0495743201
2 2 2 0  0.0000000010
2 2 4 0  0.0013660662
2 2 6 0  0.0000000009
2 3 1 0  0.0495743201
2 3 3 0  0.0000000010
2 3 5 0  0.0013660662
2 3 7 0  0.0000000009
2 4 0 0  -0.0000000010
2 4 2 0  0.0013660662
2 4 4 0  0.0000000002
2 4 6 0  0.0120873493
2 5 1 0  -0.0000000010
2 5 3 0  0.0013660662
2 5 5 0  0.0000000002
2 5 7 0  0.0120873493
2 6 0 0  0.0032599372
2 6 2 0  0.0000000009
2 6 4 0  0.0120873493
2 6 6 0  -0.0000000005
2 7 1 0  0.0032599372
2 7 3 0  0.0000000009
2 7 5 0  0.0120873493
2 7 7 0  -0.0000000005
2 0 0 2  0.3106462658
2 0 2 2  0.0000000010
2 0 4 2  0.0026108739
2 0 6 2  0.0000000027
2 1 1 2  0.3106462658
2 1 3 2  0.0000000010
2 1 5 2  0.0026108739
2 1 7 2  0.0000000027
2 2 0 2  0.0000000010
2 2 2 2  0.3401459724
2 2 4 2  -0.0000000027
2 2 6 2  -0.0020473520
2 3 1 2  0.0000000010
2 3 3 2  0.3401459724
2 3 5 2  -0.0000000027
2 3 7 2  -0.0020473520
2 4 0 2  0.0026108739
2 4 2 2  -0.0000000027
2 4 4 2  0.1917641434
2 4 6 2  -0.0000000004
2 5 1 2  0.0026108739
2 5 3 2  -0.0000000027
2 5 5 2  0.1917641434
2 5 7 2  -0.0000000004
2 6 0 2  0.0000000027
2 6 2 2  -0.0020473520
2 6 4 2  -0.0000000004
2 6 6 2  0.1569183018
2 7 1 2  0.0000000027
2 7 3 2  -0.0020473520
2 7 5 2  -0.0000000004
2 7 7 2  0.1569183018
2 0 0 4  -0.0000000013
2 0 2 4  0.0013660662
2 0 4 4  0.0000000001
2 0 6 4  0.0009305931
2 1 1 4  -0.0000000013
2 1 3 4  0.0013660662
2 1 5 4  0.0000000001
2 1 7 4  0.0009305931
2 2 0 4  0.0013660662
2 2 2 4  -0.0000000027
2 2 4 4  0.0012579594
2 2 6 4  0.0000000001
2 3 1 4  0.0013660662
2 3 3 4  -0.0000000027
2 3 5 4  0.0012579594
2 3 7 4  0.0000000001
2 4 0 4  0.0000000001
2 4 2 4  0.0012579594
2 4 4 4  0.0000000032
2 4 6 4  0.0032599377
2 5 1 4  0.0000000001
2 5 3 4  0.0012579594
2 5 5 4  0.0000000032
2 5 7 4  0.0032599377
2 6 0 4  0.0009305931
2 6 2 4  0.0000000001
2 6 4 4  0.0032599377
2 6 6 4  0.0000000026
2 7 1 4  0.0009305931
2 7 3 4  0.0000000001
2 7 5 4  0.0032599377
2 7 7 4  0.0000000026
2 0 0 6  0.0020033261
2 0 2 6  0.0000000009
2 0 4 6  0.0017741557
2 0 6 6  0.0000000001
2 1 1 6  0.0020033261
2 1 3 6  0.0000000009
2 1 5 6  0.0017741557
2 1 7 6  0.0000000001
2 2 0 6  0.0000000009
2 2 2 6  -0.0020473520
2 2 4 6  0.0000000001
2 2 6 6  0.0011115997
2 3 1 6  0.0000000009
2 3 3 6  -0.0020473520
2 3 5 6  0.0000000001
2 3 7 6  0.0011115997
2 4 0 6  0.0017741557
2 4 2 6  0.0000000001
2 4 4 6  0.0020033260
2 4 6 6  0.0000000008
2 5 1 6  0.0017741557
2 5 3 6  0.0000000001
2 5 5 6  0.0020033260
2 5 7 6  0.0000000008
2 6 0 6  0.0000000001
2 6 2 6  0.0011115997
2 6 4 6  0.0000000008
2 6 6 6  -0.0020473523
2 7 1 6  0.0000000001
2 7 3 6  0.0011115997
2 7 5 6  0.0000000008
2 7 7 6  -0.0020473523
3 0 0 1  0.0000000004
3 0 2 1  0.0495743201
3 0 4 1  -0.0000000010
3 0 6 1  0.0032599372
3 1 1 1  0.0000000004
3 1 3 1  0.0495743201
3 1 5 1  -0.0000000010
3 1 7 1  0.0032599372
3 2 0 1  0.0495743201
3 2 2 1  0.0000000010
3 2 4 1  0.0013660662
3 2 6 1  0.0000000009
3 3 1 1  0.0495743201
3 3 3 1  0.0000000010
3 3 5 1  0.0013660662
3 3 7 1  0.0000000009
3 4 0 1  -0.0000000010
3 4 2 1  0.0013660662
3 4 4 1  0.0000000002
3 4 6 1  0.0120873493
3 5 1 1  -0.0000000010
3 5 3 1  0.0013660662
3 5 5 1  0.0000000002
3 5 7 1  0.0120873493
3 6 0 1  0.0032599372
3 6 2 1  0.0000000009
3 6 4 1  0.0120873493
3 6 6 1  -0.0000000005
3 7 1 1  0.0032599372
3 7 3 1  0.0000000009
3 7 5 1  0.0120873493
3 7 7 1  -0.0000000005
3 0 0 3  0.3106462658
3 0 2 3  0.0000000010
3 0 4 3  0.0026108739
3 0 6 3  0.0000000027
3 1 1 3  0.3106462658
3 1 3 3  0.0000000010
3 1 5 3  0.0026108739
3 1 7 3  0.0000000027
3 2 0 3  0.0000000010
3 2 2 3  0.3401459724
3 2 4 3  -0.0000000027
3 2 6 3  -0.0020473520
3 3 1 3  0.0000000010
3 3 3 3  0.3401459724
3 3 5 3  -0.0000000027
3 3 7 3  -0.0020473520
3 4 0 3  0.0026108739
3 4 2 3  -0.0000000027
3 4 4 3  0.1917641434
3 4 6 3  -0.0000000004
3 5 1 3  0.0026108739
3 5 3 3  -0.0000000027
3 5 5 3  0.1917641434
3 5 7 3  -0.0000000004
3 6 0 3  0.0000000027
3 6 2 3  -0.0020473520
3 6 4 3  -0.0000000004
3 6 6 3  0.1569183018
3 7 1 3  0.0000000027
3 7 3 3  -0.0020473520
3 7 5 3  -0.0000000004
3 7 7 3  0.1569183018
3 0 0 5  -0.0000000013
3 0 2 5  0.0013660662
3 0 4 5  0.0000000001
3 0 6 5  0.0009305931
3 1 1 5  -0.0000000013
3 1 3 5  0.0013660662
3 1 5 5  0.0000000001
3 1 7 5  0.0009305931
3 2 0 5  0.0013660662
3 2 2 5  -0.0000000027
3 2 4 5  0.0012579594
3 2 6 5  0.0000000001
3 3 1 5  0.0013660662
3 3 3 5  -0.0000000027
3 3 5 5  0.0012579594
3 3 7 5  0.0000000001
3 4 0 5  0.0000000001
3 4 2 5  0.0012579594
3 4 4 5  0.0000000032
3 4 6 5  0.0032599377
3 5 1 5  0.0000000001
3 5 3 5  0.0012579594
3 5 5 5  0.0000000032
3 5 7 5  0.0032599377
3 6 0 5  0.0009305931
3 6 2 5  0.0000000001
3 6 4 5  0.0032599377
3 6 6 5  0.0000000026
3 7 1 5  0.0009305931
3 7 3 5  0.0000000001
3 7 5 5  0.0032599377
3 7 7 5  0.0000000026
3 0 0 7  0.0020033261
3 0 2 7  0.0000000009
3 0 4 7  0.0017741557
3 0 6 7  0.0000000001
3 1 1 7  0.0020033261
3 1 3 7  0.0000000009
3 1 5 7  0.0017741557
3 1 7 7  0.0000000001
3 2 0 7  0.0000000009
3 2 2 7  -0.0020473520
3 2 4 7  0.0000000001
3 2 6 7  0.0011115997
3 3 1 7  0.0000000009
3 3 3 7  -0.0020473520
3 3 5 7  0.0000000001
3 3 7 7  0.0011115997
3 4 0 7  0.0017741557
3 4 2 7  0.0000000001
3 4 4 7  0.0020033260
3 4 6 7  0.0000000008
3 5 1 7  0.0017741557
3 5 3 7  0.0000000001
3 5 5 7  0.0020033260
3 5 7 7  0.0000000008
3 6 0 7  0.0000000001
3 6 2 7  0.0011115997
3 6 4 7  0.0000000008
3 6 6 7  -0.0020473523
3 7 1 7  0.0000000001
3 7 3 7  0.0011115997
3 7 5 7  0.0000000008
3 7 7 7  -0.0020473523
4 0 0 0  0.0107569557
4 0 2 0  -0.0000000010
4 0 4 0  0.0055933233
4 1 1 0  0.0107569557
4 1 3 0  -0.0000000010
4 1 5 0  0.0055933233
4 2 0 0  -0.0000000010
4 2 2 0  0.0026108739
4 2 4 0  0.0000000001
4 2 6 0  0.0017741557
4 3 1 0  -0.0000000010
4 3 3 0  0.0026108739
4 3 5 0  0.0000000001
4 3 7 0  0.0017741557
4 4 0 0  0.0055933233
4 4 2 0  0.0000000001
4 4 4 0  0.0107569506
4 4 6 0  -0.0000000011
4 5 1 0  0.0055933233
4 5 3 0  0.0000000001
4 5 5 0  0.0107569506
4 5 7 0  -0.0000000011
4 6 2 0  0.0017741557
4 6 4 0  -0.0000000011
4 6 6 0  0.0026108687
4 7 3 0  0.0017741557
4 7 5 0  -0.0000000011
4 7 7 0  0.0026108687
4 0 0 2  -0.0000000013
4 0 2 2  0.0013660662
4 0 4 2  0.0000000001
4 0 6 2  0.0009305931
4 1 1 2  -0.0000000013
4 1 3 2  0.0013660662
4 1 5 2  0.0000000001
4 1 7 2  0.0009305931
4 2 0 2  0.0013660662
4 2 2 2  -0.0000000027
4 2 4 2  0.0012579594
4 2 6 2  0.0000000001
4 3 1 2  0.0013660662
4 3 3 2  -0.0000000027
4 3 5 2  0.0012579594
4 3 7 2  0.0000000001
4 4 0 2  0.0000000001
4 4 2 2  0.0012579594
4 4 4 2  0.0000000032
4 4 6 2  0.0032599377
4 5 1 2  0.0000000001
4 5 3 2  0.0012579594
4 5 5 2  0.0000000032
4 5 7 2  0.0032599377
4 6 0 2  0.0009305931
4 6 2 2  0.0000000001
4 6 4 2  0.0032599377
4 6 6 2  0.0000000026
4 7 1 2  0.0009305931
4 7 3 2  0.0000000001
4 7 5 2  0.0032599377
4 7 7 2  0.0000000026
4 0 0 4  0.2411719100
4 0 2 4  0.0000000002
4 0 4 4  0.0107569506
4 0 6 4  -0.0000000012
4 1 1 4  0.2411719100
4 1 3 4  0.0000000002
4 1 5 4  0.0107569506
4 1 7 4  -0.0000000012
4 2 0 4  0.0000000002
4 2 2 4  0.1917641434
4 2 4 4  0.0000000032
4 2 6 4  0.0020033260
4 3 1 4  0.0000000002
4 3 3 4  0.1917641434
4 3 5 4  0.0000000032
4 3 7 4  0.0020033260
4 4 0 4  0.0107569506
4 4 2 4  0.0000000032
4 4 4 4  0.3680994661
4 4 6 4  0.0000000004
4 5 1 4  0.0107569506
4 5 3 4  0.0000000032
4 5 5 4  0.3680994661
4 5 7 4  0.0000000004
4 6 0 4  -0.0000000012
4 6 2 4  0.0020033260
4 6 4 4  0.0000000004
4 6 6 4  0.3106462657
4 7 1 4  -0.0000000012
4 7 3 4  0.0020033260
4 7 5 4  0.0000000004
4 7 7 4  0.3106462657
4 0 0 6  -0.0000000007
4 0 2 6  0.0120873493
4 0 4 6  -0.0000000011
4 0 6 6  0.0013660641
4 1 1 6  -0.0000000007
4 1 3 6  0.0120873493
4 1 5 6  -0.0000000011
4 1 7 6  0.0013660641
4 2 0 6  0.0120873493
4 2 2 6  -0.0000000004
4 2 4 6  0.0032599377
4 2 6 6  0.0000000008
4 3 1 6  0.0120873493
4 3 3 6  -0.0000000004
4 3 5 6  0.0032599377
4 3 7 6  0.0000000008
4 4 0 6  -0.0000000011
4 4 2 6  0.0032599377
4 4 4 6  0.0000000004
4 4 6 6  0.0495743201
4 5 1 6  -0.0000000011
4 5 3 6  0.0032599377
4 5 5 6  0.0000000004
4 5 7 6  0.0495743201
4 6 0 6  0.0013660641
4 6 2 6  0.0000000008
4 6 4 6  0.0495743201
4 6 6 6  -0.0000000014
4 7 1 6  0.0013660641
4 7 3 6  0.0000000008
4 7 5 6  0.0495743201
4 7 7 6  -0.0000000014
5 0 0 1  0.0107569557
5 0 2 1  -0.0000000010
5 0 4 1  0.0055933233
5 1 1 1  0.0107569557
5 1 3 1  -0.0000000010
5 1 5 1  0.0055933233
5 2 0 1  -0.0000000010
5 2 2 1  0.0026108739
5 2 4 1  0.0000000001
5 2 6 1  0.0017741557
5 3 1 1  -0.0000000010
5 3 3 1  0.0026108739
5 3 5 1  0.0000000001
5 3 7 1  0.0017741557
5 4 0 1  0.0055933233
5 4 2 1  0.0000000001
5 4 4 1  0.0107569506
5 4 6 1  -0.0000000011
5 5 1 1  0.0055933233
5 5 3 1  0.0000000001
5 5 5 1  0.0107569506
5 5 7 1  -0.0000000011
5 6 2 1  0.0017741557
5 6 4 1  -0.0000000011
5 6 6 1  0.0026108687
5 7 3 1  0.0017741557
5 7 5 1  -0.0000000011
5 7 7 1  0.0026108687
5 0 0 3  -0.0000000013
5 0 2 3  0.0013660662
5 0 4 3  0.0000000001
5 0 6 3  0.0009305931
5 1 1 3  -0.0000000013
5 1 3 3  0.0013660662
5 1 5 3  0.0000000001
5 1 7 3  0.0009305931
5 2 0 3  0.0013660662
5 2 2 3  -0.0000000027
5 2 4 3  0.0012579594
5 2 6 3  0.0000000001
5 3 1 3  0.0013660662
5 3 3 3  -0.0000000027
5 3 5 3  0.0012579594
5 3 7 3  0.0000000001
5 4 0 3  0.0000000001
5 4 2 3  0.0012579594
5 4 4 3  0.0000000032
5 4 6 3  0.0032599377
5 5 1 3  0.0000000001
5 5 3 3  0.0012579594
5 5 5 3  0.0000000032
5 5 7 3  0.0032599377
5 6 0 3  0.0009305931
5 6 2 3  0.0000000001
5 6 4 3  0.0032599377
5 6 6 3  0.0000000026
5 7 1 3  0.0009305931
5 7 3 3  0.0000000001
5 7 5 3  0.0032599377
5 7 7 3  0.0000000026
5 0 0 5  0.2411719100
5 0 2 5  0.0000000002
5 0 4 5  0.0107569506
5 0 6 5  -0.0000000012
5 1 1 5  0.2411719100
5 1 3 5  0.0000000002
5 1 5 5  0.0107569506
5 1 7 5  -0.0000000012
5 2 0 5  0.0000000002
5 2 2 5  0.1917641434
5 2 4 5  0.0000000032
5 2 6 5  0.0020033260
5 3 1 5  0.0000000002
5 3 3 5  0.1917641434
5 3 5 5  0.0000000032
5 3 7 5  0.0020033260
5 4 0 5  0.0107569506
5 4 2 5  0.0000000032
5 4 4 5  0.3680994661
5 4 6 5  0.0000000004
5 5 1 5  0.0107569506
5 5 3 5  0.0000000032
5 5 5 5  0.3680994661
5 5 7 5  0.0000000004
5 6 0 5  -0.0000000012
5 6 2 5  0.0020033260
5 6 4 5  0.0000000004
5 6 6 5  0.3106462657
5 7 1 5  -0.0000000012
5 7 3 5  0.0020033260
5 7 5 5  0.0000000004
5 7 7 5  0.3106462657
5 0 0 7  -0.0000000007
5 0 2 7  0.0120873493
5 0 4 7  -0.0000000011
5 0 6 7  0.0013660641
5 1 1 7  -0.0000000007
5 1 3 7  0.0120873493
5 1 5 7  -0.0000000011
5 1 7 7  0.0013660641
5 2 0 7  0.0120873493
5 2 2 7  -0.0000000004
5 2 4 7  0.0032599377
5 2 6 7  0.0000000008
5 3 1 7  0.0120873493
5 3 3 7  -0.0000000004
5 3 5 7  0.0032599377
5 3 7 7  0.0000000008
5 4 0 7  -0.0000000011
5 4 2 7  0.0032599377
5 4 4 7  0.0000000004
5 4 6 7  0.0495743201
5 5 1 7  -0.0000000011
5 5 3 7  0.0032599377
5 5 5 7  0.0000000004
5 5 7 7  0.0495743201
5 6 0 7  0.0013660641
5 6 2 7  0.0000000008
5 6 4 7  0.0495743201
5 6 6 7  -0.0000000014
5 7 1 7  0.0013660641
5 7 3 7  0.0000000008
5 7 5 7  0.0495743201
5 7 7 7  -0.0000000014
6 0 0 0  0.0000000031
6 0 2 0  0.0032599372
6 0 6 0  0.0012579593
6 1 1 0  0.0000000031
6 1 3 0  0.0032599372
6 1 7 0  0.0012579593
6 2 0 0  0.0032599372
6 2 2 0  0.0000000027
6 2 4 0  0.0009305931
6 2 6 0  0.0000000001
6 3 1 0  0.0032599372
6 3 3 0  0.0000000027
6 3 5 0  0.0009305931
6 3 7 0  0.0000000001
6 4 2 0  0.0009305931
6 4 4 0  -0.0000000012
6 4 6 0  0.0013660641
6 5 3 0  0.0009305931
6 5 5 0  -0.0000000012
6 5 7 0  0.0013660641
6 6 0 0  0.0012579593
6 6 2 0  0.0000000001
6 6 4 0  0.0013660641
6 6 6 0  -0.0000000025
6 7 1 0  0.0012579593
6 7 3 0  0.0000000001
6 7 5 0  0.0013660641
6 7 7 0  -0.0000000025
6 0 0 2  0.0020033261
6 0 2 2  0.0000000009
6 0 4 2  0.0017741557
6 0 6 2  0.0000000001
6 1 1 2  0.0020033261
6 1 3 2  0.0000000009
6 1 5 2  0.0017741557
6 1 7 2  0.0000000001
6 2 0 2  0.0000000009
6 2 2 2  -0.0020473520
6 2 4 2  0.0000000001
6 2 6 2  0.0011115997
6 3 1 2  0.0000000009
6 3 3 2  -0.0020473520
6 3 5 2  0.0000000001
6 3 7 2  0.0011115997
6 4 0 2  0.0017741557
6 4 2 2  0.0000000001
6 4 4 2  0.0020033260
6 4 6 2  0.0000000008
6 5 1 2  0.0017741557
6 5 3 2  0.0000000001
6 5 5 2  0.0020033260
6 5 7 2  0.0000000008
6 6 0 2  0.0000000001
6 6 2 2  0.0011115997
6 6 4 2  0.0000000008
6 6 6 2  -0.0020473523
6 7 1 2  0.0000000001
6 7 3 2  0.0011115997
6 7 5 2  0.0000000008
6 7 7 2  -0.0020473523
6 0 0 4  -0.0000000007
6 0 2 4  0.0120873493
6 0 4 4  -0.0000000011
6 0 6 4  0.0013660641
6 1 1 4  -0.0000000007
6 1 3 4  0.0120873493
6 1 5 4  -0.0000000011
6 1 7 4  0.0013660641
6 2 0 4  0.0120873493
6 2 2 4  -0.0000000004
6 2 4 4  0.0032599377
6 2 6 4  0.0000000008
6 3 1 4  0.0120873493
6 3 3 4  -0.0000000004
6 3 5 4  0.0032599377
6 3 7 4  0.0000000008
6 4 0 4  -0.0000000011
6 4 2 4  0.0032599377
6 4 4 4  0.0000000004
6 4 6 4  0.0495743201
6 5 1 4  -0.0000000011
6 5 3 4  0.0032599377
6 5 5 4  0.0000000004
6 5 7 4  0.0495743201
6 6 0 4  0.0013660641
6 6 2 4  0.0000000008
6 6 4 4  0.0495743201
6 6 6 4  -0.0000000014
6 7 1 4  0.0013660641
6 7 3 4  0.0000000008
6 7 5 4  0.0495743201
6 7 7 4  -0.0000000014
6 0 0 6  0.1917641435
6 0 2 6  -0.0000000005
6 0 4 6  0.0026108687
6 0 6 6  -0.0000000025
6 1 1 6  0.1917641435
6 1 3 6  -0.0000000005
6 1 5 6  0.0026108687
6 1 7 6  -0.0000000025
6 2 0 6  -0.0000000005
6 2 2 6  0.1569183018
6 2 4 6  0.0000000026
6 2 6 6  -0.0020473523
6 3 1 6  -0.0000000005
6 3 3 6  0.1569183018
6 3 5 6  0.0000000026
6 3 7 6  -0.0020473523
6 4 0 6  0.0026108687
6 4 2 6  0.0000000026
6 4 4 6  0.3106462657
6 4 6 6  -0.0000000014
6 5 1 6  0.0026108687
6 5 3 6  0.0000000026
6 5 5 6  0.3106462657
6 5 7 6  -0.0000000014
6 6 0 6  -0.0000000025
6 6 2 6  -0.0020473523
6 6 4 6  -0.0000000014
6 6 6 6  0.3401459726
6 7 1 6  -0.0000000025
6 7 3 6  -0.0020473523
6 7 5 6  -0.0000000014
6 7 7 6  0.3401459726
7 0 0 1  0.0000000031
7 0 2 1  0.0032599372
7 0 6 1  0.0012579593
7 1 1 1  0.0000000031
7 1 3 1  0.0032599372
7 1 7 1  0.0012579593
7 2 0 1  0.0032599372
7 2 2 1  0.0000000027
7 2 4 1  0.0009305931
7 2 6 1  0.0000000001
7 3 1 1  0.0032599372
7 3 3 1  0.0000000027
7 3 5 1  0.0009305931
7 3 7 1  0.0000000001
7 4 2 1  0.0009305931
7 4 4 1  -0.0000000012
7 4 6 1  0.0013660641
7 5 3 1  0.0009305931
7 5 5 1  -0.0000000012
7 5 7 1  0.0013660641
7 6 0 1  0.0012579593
7 6 2 1  0.0000000001
7 6 4 1  0.0013660641
7 6 6 1  -0.0000000025
7 7 1 1  0.0012579593
7 7 3 1  0.0000000001
7 7 5 1  0.0013660641
7 7 7 1  -0.0000000025
7 0 0 3  0.0020033261
7 0 2 3  0.0000000009
7 0 4 3  0.0017741557
7 0 6 3  0.0000000001
7 1 1 3  0.0020033261
7 1 3 3  0.0000000009
7 1 5 3  0.0017741557
7 1 7 3  0.0000000001
7 2 0 3  0.0000000009
7 2 2 3  -0.0020473520
7 2 4 3  0.0000000001
7 2 6 3  0.0011115997
7 3 1 3  0.0000000009
7 3 3 3  -0.0020473520
7 3 5 3  0.0000000001
7 3 7 3  0.0011115997
7 4 0 3  0.0017741557
7 4 2 3  0.0000000001
7 4 4 3  0.0020033260
7 4 6 3  0.0000000008
7 5 1 3  0.0017741557
7 5 3 3  0.0000000001
7 5 5 3  0.0020033260
7 5 7 3  0.0000000008
7 6 0 3  0.0000000001
7 6 2 3  0.0011115997
7 6 4 3  0.0000000008
7 6 6 3  -0.0020473523
7 7 1 3  0.0000000001
7 7 3 3  0.0011115997
7 7 5 3  0.0000000008
7 7 7 3  -0.0020473523
7 0 0 5  -0.0000000007
7 0 2 5  0.0120873493
7 0 4 5  -0.0000000011
7 0 6 5  0.0013660641
7 1 1 5  -0.0000000007
7 1 3 5  0.0120873493
7 1 5 5  -0.0000000011
7 1 7 5  0.0013660641
7 2 0 5  0.0120873493
7 2 2 5  -0.0000000004
7 2 4 5  0.0032599377
7 2 6 5  0.0000000008
7 3 1 5  0.0120873493
7 3 3 5  -0.0000000004
7 3 5 5  0.0032599377
7 3 7 5  0.0000000008
7 4 0 5  -0.0000000011
7 4 2 5  0.0032599377
7 4 4 5  0.0000000004
7 4 6 5  0.0495743201
7 5 1 5  -0.0000000011
7 5 3 5  0.0032599377
7 5 5 5  0.0000000004
7 5 7 5  0.0495743201
7 6 0 5  0.0013660641
7 6 2 5  0.0000000008
7 6 4 5  0.0495743201
7 6 6 5  -0.0000000014
7 7 1 5  0.0013660641
7 7 3 5  0.0000000008
7 7 5 5  0.0495743201
7 7 7 5  -0.0000000014
7 0 0 7  0.1917641435
7 0 2 7  -0.0000000005
7 0 4 7  0.0026108687
7 0 6 7  -0.0000000025
7 1 1 7  0.1917641435
7 1 3 7  -0.0000000005
7 1 5 7  0.0026108687
7 1 7 7  -0.0000000025
7 2 0 7  -0.0000000005
7 2 2 7  0.1569183018
7 2 4 7  0.0000000026
7 2 6 7  -0.0020473523
7 3 1 7  -0.0000000005
7 3 3 7  0.1569183018
7 3 5 7  0.0000000026
7 3 7 7  -0.0020473523
7 4 0 7  0.0026108687
7 4 2 7  0.0000000026
7 4 4 7  0.3106462657
7 4 6 7  -0.0000000014
7 5 1 7  0.0026108687
7 5 3 7  0.0000000026
7 5 5 7  0.3106462657
7 5 7 7  -0.0000000014
7 6 0 7  -0.0000000025
7 6 2 7  -0.0020473523
7 6 4 7  -0.0000000014
7 6 6 7  0.3401459726
7 7 1 7  -0.0000000025
7 7 3 7  -0.0020473523
7 7 5 7  -0.0000000014
7 7 7 7  0.3401459726

 E(Ref) = -76.9553024820 Hartree, <S**2> = 2.0000
 E(FCI) = -77.8743341340 Hartree, <S**2> = 0.0000
