 MO Integrals with frozen core/virtual approximation

-73.9600276205156
0 0  -1.4989282699
0 2  0.0000000038
0 4  0.0642758992
0 6  0.0000000036
1 1  -1.4989282699
1 3  0.0000000038
1 5  0.0642758992
1 7  0.0000000036
2 0  0.0000000038
2 2  -1.3237796616
2 4  -0.0000000013
2 6  -0.0099429262
3 1  0.0000000038
3 3  -1.3237796616
3 5  -0.0000000013
3 7  -0.0099429262
4 0  0.0642758992
4 2  -0.0000000013
4 4  -1.4989282691
4 6  -0.0000000076
5 1  0.0642758992
5 3  -0.0000000013
5 5  -1.4989282691
5 7  -0.0000000076
6 0  0.0000000036
6 2  -0.0099429262
6 4  -0.0000000076
6 6  -1.3237796615
7 1  0.0000000036
7 3  -0.0099429262
7 5  -0.0000000076
7 7  -1.3237796615
0 0 0 0  0.3557332538
0 0 2 0  -0.0000000001
0 0 4 0  0.0015444202
0 0 6 0  -0.0000000038
0 1 1 0  0.3557332538
0 1 3 0  -0.0000000001
0 1 5 0  0.0015444202
0 1 7 0  -0.0000000038
0 2 0 0  -0.0000000001
0 2 2 0  0.2980504032
0 2 4 0  -0.0000000002
0 2 6 0  -0.0000963849
0 3 1 0  -0.0000000001
0 3 3 0  0.2980504032
0 3 5 0  -0.0000000002
0 3 7 0  -0.0000963849
0 4 0 0  0.0015444202
0 4 2 0  -0.0000000002
0 4 4 0  0.1375844968
0 4 6 0  0.0000000005
0 5 1 0  0.0015444202
0 5 3 0  -0.0000000002
0 5 5 0  0.1375844968
0 5 7 0  0.0000000005
0 6 0 0  -0.0000000038
0 6 2 0  -0.0000963849
0 6 4 0  0.0000000005
0 6 6 0  0.1137535643
0 7 1 0  -0.0000000038
0 7 3 0  -0.0000963849
0 7 5 0  0.0000000005
0 7 7 0  0.1137535643
0 0 0 2  -0.0000000001
0 0 2 2  0.0294605294
0 0 6 2  0.0002210445
0 1 1 2  -0.0000000001
0 1 3 2  0.0294605294
0 1 7 2  0.0002210445
0 2 0 2  0.0294605294
0 2 2 2  -0.0000000004
0 2 4 2  0.0009506071
0 2 6 2  -0.0000000005
0 3 1 2  0.0294605294
0 3 3 2  -0.0000000004
0 3 5 2  0.0009506071
0 3 7 2  -0.0000000005
0 4 2 2  0.0009506071
0 4 4 2  -0.0000000004
0 4 6 2  -0.0019058557
0 5 3 2  0.0009506071
0 5 5 2  -0.0000000004
0 5 7 2  -0.0019058557
0 6 0 2  0.0002210445
0 6 2 2  -0.0000000005
0 6 4 2  -0.0019058557
0 6 6 2  -0.0000000005
0 7 1 2  0.0002210445
0 7 3 2  -0.0000000005
0 7 5 2  -0.0019058557
0 7 7 2  -0.0000000005
0 0 0 4  0.0015444202
0 0 4 4  0.0007572173
0 1 1 4  0.0015444202
0 1 5 4  0.0007572173
0 2 2 4  0.0028689676
0 2 6 4  -0.0000934717
0 3 3 4  0.0028689676
0 3 7 4  -0.0000934717
0 4 0 4  0.0007572173
0 4 4 4  0.0015444204
0 4 6 4  0.0000000004
0 5 1 4  0.0007572173
0 5 5 4  0.0015444204
0 5 7 4  0.0000000004
0 6 2 4  -0.0000934717
0 6 4 4  0.0000000004
0 6 6 4  0.0028689678
0 7 3 4  -0.0000934717
0 7 5 4  0.0000000004
0 7 7 4  0.0028689678
0 0 0 6  -0.0000000038
0 0 2 6  0.0002210445
0 0 6 6  0.0000827217
0 1 1 6  -0.0000000038
0 1 3 6  0.0002210445
0 1 7 6  0.0000827217
0 2 0 6  0.0002210445
0 2 2 6  -0.0000000031
0 2 4 6  -0.0000254898
0 3 1 6  0.0002210445
0 3 3 6  -0.0000000031
0 3 5 6  -0.0000254898
0 4 2 6  -0.0000254898
0 4 4 6  0.0000000025
0 4 6 6  0.0009506071
0 5 3 6  -0.0000254898
0 5 5 6  0.0000000025
0 5 7 6  0.0009506071
0 6 0 6  0.0000827217
0 6 4 6  0.0009506071
0 6 6 6  0.0000000036
0 7 1 6  0.0000827217
0 7 5 6  0.0009506071
0 7 7 6  0.0000000036
1 0 0 1  0.3557332538
1 0 2 1  -0.0000000001
1 0 4 1  0.0015444202
1 0 6 1  -0.0000000038
1 1 1 1  0.3557332538
1 1 3 1  -0.0000000001
1 1 5 1  0.0015444202
1 1 7 1  -0.0000000038
1 2 0 1  -0.0000000001
1 2 2 1  0.2980504032
1 2 4 1  -0.0000000002
1 2 6 1  -0.0000963849
1 3 1 1  -0.0000000001
1 3 3 1  0.2980504032
1 3 5 1  -0.0000000002
1 3 7 1  -0.0000963849
1 4 0 1  0.0015444202
1 4 2 1  -0.0000000002
1 4 4 1  0.1375844968
1 4 6 1  0.0000000005
1 5 1 1  0.0015444202
1 5 3 1  -0.0000000002
1 5 5 1  0.1375844968
1 5 7 1  0.0000000005
1 6 0 1  -0.0000000038
1 6 2 1  -0.0000963849
1 6 4 1  0.0000000005
1 6 6 1  0.1137535643
1 7 1 1  -0.0000000038
1 7 3 1  -0.0000963849
1 7 5 1  0.0000000005
1 7 7 1  0.1137535643
1 0 0 3  -0.0000000001
1 0 2 3  0.0294605294
1 0 6 3  0.0002210445
1 1 1 3  -0.0000000001
1 1 3 3  0.0294605294
1 1 7 3  0.0002210445
1 2 0 3  0.0294605294
1 2 2 3  -0.0000000004
1 2 4 3  0.0009506071
1 2 6 3  -0.0000000005
1 3 1 3  0.0294605294
1 3 3 3  -0.0000000004
1 3 5 3  0.0009506071
1 3 7 3  -0.0000000005
1 4 2 3  0.0009506071
1 4 4 3  -0.0000000004
1 4 6 3  -0.0019058557
1 5 3 3  0.0009506071
1 5 5 3  -0.0000000004
1 5 7 3  -0.0019058557
1 6 0 3  0.0002210445
1 6 2 3  -0.0000000005
1 6 4 3  -0.0019058557
1 6 6 3  -0.0000000005
1 7 1 3  0.0002210445
1 7 3 3  -0.0000000005
1 7 5 3  -0.0019058557
1 7 7 3  -0.0000000005
1 0 0 5  0.0015444202
1 0 4 5  0.0007572173
1 1 1 5  0.0015444202
1 1 5 5  0.0007572173
1 2 2 5  0.0028689676
1 2 6 5  -0.0000934717
1 3 3 5  0.0028689676
1 3 7 5  -0.0000934717
1 4 0 5  0.0007572173
1 4 4 5  0.0015444204
1 4 6 5  0.0000000004
1 5 1 5  0.0007572173
1 5 5 5  0.0015444204
1 5 7 5  0.0000000004
1 6 2 5  -0.0000934717
1 6 4 5  0.0000000004
1 6 6 5  0.0028689678
1 7 3 5  -0.0000934717
1 7 5 5  0.0000000004
1 7 7 5  0.0028689678
1 0 0 7  -0.0000000038
1 0 2 7  0.0002210445
1 0 6 7  0.0000827217
1 1 1 7  -0.0000000038
1 1 3 7  0.0002210445
1 1 7 7  0.0000827217
1 2 0 7  0.0002210445
1 2 2 7  -0.0000000031
1 2 4 7  -0.0000254898
1 3 1 7  0.0002210445
1 3 3 7  -0.0000000031
1 3 5 7  -0.0000254898
1 4 2 7  -0.0000254898
1 4 4 7  0.0000000025
1 4 6 7  0.0009506071
1 5 3 7  -0.0000254898
1 5 5 7  0.0000000025
1 5 7 7  0.0009506071
1 6 0 7  0.0000827217
1 6 4 7  0.0009506071
1 6 6 7  0.0000000036
1 7 1 7  0.0000827217
1 7 5 7  0.0009506071
1 7 7 7  0.0000000036
2 0 0 0  -0.0000000001
2 0 2 0  0.0294605294
2 0 6 0  0.0002210445
2 1 1 0  -0.0000000001
2 1 3 0  0.0294605294
2 1 7 0  0.0002210445
2 2 0 0  0.0294605294
2 2 2 0  -0.0000000004
2 2 4 0  0.0009506071
2 2 6 0  -0.0000000005
2 3 1 0  0.0294605294
2 3 3 0  -0.0000000004
2 3 5 0  0.0009506071
2 3 7 0  -0.0000000005
2 4 2 0  0.0009506071
2 4 4 0  -0.0000000004
2 4 6 0  -0.0019058557
2 5 3 0  0.0009506071
2 5 5 0  -0.0000000004
2 5 7 0  -0.0019058557
2 6 0 0  0.0002210445
2 6 2 0  -0.0000000005
2 6 4 0  -0.0019058557
2 6 6 0  -0.0000000005
2 7 1 0  0.0002210445
2 7 3 0  -0.0000000005
2 7 5 0  -0.0019058557
2 7 7 0  -0.0000000005
2 0 0 2  0.2980504032
2 0 2 2  -0.0000000004
2 0 4 2  0.0028689676
2 0 6 2  -0.0000000031
2 1 1 2  0.2980504032
2 1 3 2  -0.0000000004
2 1 5 2  0.0028689676
2 1 7 2  -0.0000000031
2 2 0 2  -0.0000000004
2 2 2 2  0.3366656722
2 2 4 2  -0.0000000003
2 2 6 2  -0.0006943571
2 3 1 2  -0.0000000004
2 3 3 2  0.3366656722
2 3 5 2  -0.0000000003
2 3 7 2  -0.0006943571
2 4 0 2  0.0028689676
2 4 2 2  -0.0000000003
2 4 4 2  0.1137535642
2 4 6 2  0.0000000004
2 5 1 2  0.0028689676
2 5 3 2  -0.0000000003
2 5 5 2  0.1137535642
2 5 7 2  0.0000000004
2 6 0 2  -0.0000000031
2 6 2 2  -0.0006943571
2 6 4 2  0.0000000004
2 6 6 2  0.0978800438
2 7 1 2  -0.0000000031
2 7 3 2  -0.0006943571
2 7 5 2  0.0000000004
2 7 7 2  0.0978800438
2 0 0 4  -0.0000000002
2 0 2 4  0.0009506071
2 0 6 4  -0.0000254898
2 1 1 4  -0.0000000002
2 1 3 4  0.0009506071
2 1 7 4  -0.0000254898
2 2 0 4  0.0009506071
2 2 2 4  -0.0000000003
2 2 4 4  0.0000827217
2 3 1 4  0.0009506071
2 3 3 4  -0.0000000003
2 3 5 4  0.0000827217
2 4 2 4  0.0000827217
2 4 4 4  0.0000000002
2 4 6 4  0.0002210445
2 5 3 4  0.0000827217
2 5 5 4  0.0000000002
2 5 7 4  0.0002210445
2 6 0 4  -0.0000254898
2 6 4 4  0.0002210445
2 6 6 4  0.0000000002
2 7 1 4  -0.0000254898
2 7 5 4  0.0002210445
2 7 7 4  0.0000000002
2 0 0 6  -0.0000963849
2 0 2 6  -0.0000000005
2 0 4 6  -0.0000934717
2 1 1 6  -0.0000963849
2 1 3 6  -0.0000000005
2 1 5 6  -0.0000934717
2 2 0 6  -0.0000000005
2 2 2 6  -0.0006943571
2 2 6 6  0.0000218408
2 3 1 6  -0.0000000005
2 3 3 6  -0.0006943571
2 3 7 6  0.0000218408
2 4 0 6  -0.0000934717
2 4 4 6  -0.0000963849
2 4 6 6  0.0000000001
2 5 1 6  -0.0000934717
2 5 5 6  -0.0000963849
2 5 7 6  0.0000000001
2 6 2 6  0.0000218408
2 6 4 6  0.0000000001
2 6 6 6  -0.0006943570
2 7 3 6  0.0000218408
2 7 5 6  0.0000000001
2 7 7 6  -0.0006943570
3 0 0 1  -0.0000000001
3 0 2 1  0.0294605294
3 0 6 1  0.0002210445
3 1 1 1  -0.0000000001
3 1 3 1  0.0294605294
3 1 7 1  0.0002210445
3 2 0 1  0.0294605294
3 2 2 1  -0.0000000004
3 2 4 1  0.0009506071
3 2 6 1  -0.0000000005
3 3 1 1  0.0294605294
3 3 3 1  -0.0000000004
3 3 5 1  0.0009506071
3 3 7 1  -0.0000000005
3 4 2 1  0.0009506071
3 4 4 1  -0.0000000004
3 4 6 1  -0.0019058557
3 5 3 1  0.0009506071
3 5 5 1  -0.0000000004
3 5 7 1  -0.0019058557
3 6 0 1  0.0002210445
3 6 2 1  -0.0000000005
3 6 4 1  -0.0019058557
3 6 6 1  -0.0000000005
3 7 1 1  0.0002210445
3 7 3 1  -0.0000000005
3 7 5 1  -0.0019058557
3 7 7 1  -0.0000000005
3 0 0 3  0.2980504032
3 0 2 3  -0.0000000004
3 0 4 3  0.0028689676
3 0 6 3  -0.0000000031
3 1 1 3  0.2980504032
3 1 3 3  -0.0000000004
3 1 5 3  0.0028689676
3 1 7 3  -0.0000000031
3 2 0 3  -0.0000000004
3 2 2 3  0.3366656722
3 2 4 3  -0.0000000003
3 2 6 3  -0.0006943571
3 3 1 3  -0.0000000004
3 3 3 3  0.3366656722
3 3 5 3  -0.0000000003
3 3 7 3  -0.0006943571
3 4 0 3  0.0028689676
3 4 2 3  -0.0000000003
3 4 4 3  0.1137535642
3 4 6 3  0.0000000004
3 5 1 3  0.0028689676
3 5 3 3  -0.0000000003
3 5 5 3  0.1137535642
3 5 7 3  0.0000000004
3 6 0 3  -0.0000000031
3 6 2 3  -0.0006943571
3 6 4 3  0.0000000004
3 6 6 3  0.0978800438
3 7 1 3  -0.0000000031
3 7 3 3  -0.0006943571
3 7 5 3  0.0000000004
3 7 7 3  0.0978800438
3 0 0 5  -0.0000000002
3 0 2 5  0.0009506071
3 0 6 5  -0.0000254898
3 1 1 5  -0.0000000002
3 1 3 5  0.0009506071
3 1 7 5  -0.0000254898
3 2 0 5  0.0009506071
3 2 2 5  -0.0000000003
3 2 4 5  0.0000827217
3 3 1 5  0.0009506071
3 3 3 5  -0.0000000003
3 3 5 5  0.0000827217
3 4 2 5  0.0000827217
3 4 4 5  0.0000000002
3 4 6 5  0.0002210445
3 5 3 5  0.0000827217
3 5 5 5  0.0000000002
3 5 7 5  0.0002210445
3 6 0 5  -0.0000254898
3 6 4 5  0.0002210445
3 6 6 5  0.0000000002
3 7 1 5  -0.0000254898
3 7 5 5  0.0002210445
3 7 7 5  0.0000000002
3 0 0 7  -0.0000963849
3 0 2 7  -0.0000000005
3 0 4 7  -0.0000934717
3 1 1 7  -0.0000963849
3 1 3 7  -0.0000000005
3 1 5 7  -0.0000934717
3 2 0 7  -0.0000000005
3 2 2 7  -0.0006943571
3 2 6 7  0.0000218408
3 3 1 7  -0.0000000005
3 3 3 7  -0.0006943571
3 3 7 7  0.0000218408
3 4 0 7  -0.0000934717
3 4 4 7  -0.0000963849
3 4 6 7  0.0000000001
3 5 1 7  -0.0000934717
3 5 5 7  -0.0000963849
3 5 7 7  0.0000000001
3 6 2 7  0.0000218408
3 6 4 7  0.0000000001
3 6 6 7  -0.0006943570
3 7 3 7  0.0000218408
3 7 5 7  0.0000000001
3 7 7 7  -0.0006943570
4 0 0 0  0.0015444202
4 0 4 0  0.0007572173
4 1 1 0  0.0015444202
4 1 5 0  0.0007572173
4 2 2 0  0.0028689676
4 2 6 0  -0.0000934717
4 3 3 0  0.0028689676
4 3 7 0  -0.0000934717
4 4 0 0  0.0007572173
4 4 4 0  0.0015444204
4 4 6 0  0.0000000004
4 5 1 0  0.0007572173
4 5 5 0  0.0015444204
4 5 7 0  0.0000000004
4 6 2 0  -0.0000934717
4 6 4 0  0.0000000004
4 6 6 0  0.0028689678
4 7 3 0  -0.0000934717
4 7 5 0  0.0000000004
4 7 7 0  0.0028689678
4 0 0 2  -0.0000000002
4 0 2 2  0.0009506071
4 0 6 2  -0.0000254898
4 1 1 2  -0.0000000002
4 1 3 2  0.0009506071
4 1 7 2  -0.0000254898
4 2 0 2  0.0009506071
4 2 2 2  -0.0000000003
4 2 4 2  0.0000827217
4 3 1 2  0.0009506071
4 3 3 2  -0.0000000003
4 3 5 2  0.0000827217
4 4 2 2  0.0000827217
4 4 4 2  0.0000000002
4 4 6 2  0.0002210445
4 5 3 2  0.0000827217
4 5 5 2  0.0000000002
4 5 7 2  0.0002210445
4 6 0 2  -0.0000254898
4 6 4 2  0.0002210445
4 6 6 2  0.0000000002
4 7 1 2  -0.0000254898
4 7 5 2  0.0002210445
4 7 7 2  0.0000000002
4 0 0 4  0.1375844968
4 0 2 4  -0.0000000004
4 0 4 4  0.0015444204
4 0 6 4  0.0000000025
4 1 1 4  0.1375844968
4 1 3 4  -0.0000000004
4 1 5 4  0.0015444204
4 1 7 4  0.0000000025
4 2 0 4  -0.0000000004
4 2 2 4  0.1137535642
4 2 4 4  0.0000000002
4 2 6 4  -0.0000963849
4 3 1 4  -0.0000000004
4 3 3 4  0.1137535642
4 3 5 4  0.0000000002
4 3 7 4  -0.0000963849
4 4 0 4  0.0015444204
4 4 2 4  0.0000000002
4 4 4 4  0.3557332534
4 4 6 4  0.0000000004
4 5 1 4  0.0015444204
4 5 3 4  0.0000000002
4 5 5 4  0.3557332534
4 5 7 4  0.0000000004
4 6 0 4  0.0000000025
4 6 2 4  -0.0000963849
4 6 4 4  0.0000000004
4 6 6 4  0.2980504029
4 7 1 4  0.0000000025
4 7 3 4  -0.0000963849
4 7 5 4  0.0000000004
4 7 7 4  0.2980504029
4 0 0 6  0.0000000005
4 0 2 6  -0.0019058557
4 0 4 6  0.0000000004
4 0 6 6  0.0009506071
4 1 1 6  0.0000000005
4 1 3 6  -0.0019058557
4 1 5 6  0.0000000004
4 1 7 6  0.0009506071
4 2 0 6  -0.0019058557
4 2 2 6  0.0000000004
4 2 4 6  0.0002210445
4 2 6 6  0.0000000001
4 3 1 6  -0.0019058557
4 3 3 6  0.0000000004
4 3 5 6  0.0002210445
4 3 7 6  0.0000000001
4 4 0 6  0.0000000004
4 4 2 6  0.0002210445
4 4 4 6  0.0000000004
4 4 6 6  0.0294605294
4 5 1 6  0.0000000004
4 5 3 6  0.0002210445
4 5 5 6  0.0000000004
4 5 7 6  0.0294605294
4 6 0 6  0.0009506071
4 6 2 6  0.0000000001
4 6 4 6  0.0294605294
4 6 6 6  0.0000000013
4 7 1 6  0.0009506071
4 7 3 6  0.0000000001
4 7 5 6  0.0294605294
4 7 7 6  0.0000000013
5 0 0 1  0.0015444202
5 0 4 1  0.0007572173
5 1 1 1  0.0015444202
5 1 5 1  0.0007572173
5 2 2 1  0.0028689676
5 2 6 1  -0.0000934717
5 3 3 1  0.0028689676
5 3 7 1  -0.0000934717
5 4 0 1  0.0007572173
5 4 4 1  0.0015444204
5 4 6 1  0.0000000004
5 5 1 1  0.0007572173
5 5 5 1  0.0015444204
5 5 7 1  0.0000000004
5 6 2 1  -0.0000934717
5 6 4 1  0.0000000004
5 6 6 1  0.0028689678
5 7 3 1  -0.0000934717
5 7 5 1  0.0000000004
5 7 7 1  0.0028689678
5 0 0 3  -0.0000000002
5 0 2 3  0.0009506071
5 0 6 3  -0.0000254898
5 1 1 3  -0.0000000002
5 1 3 3  0.0009506071
5 1 7 3  -0.0000254898
5 2 0 3  0.0009506071
5 2 2 3  -0.0000000003
5 2 4 3  0.0000827217
5 3 1 3  0.0009506071
5 3 3 3  -0.0000000003
5 3 5 3  0.0000827217
5 4 2 3  0.0000827217
5 4 4 3  0.0000000002
5 4 6 3  0.0002210445
5 5 3 3  0.0000827217
5 5 5 3  0.0000000002
5 5 7 3  0.0002210445
5 6 0 3  -0.0000254898
5 6 4 3  0.0002210445
5 6 6 3  0.0000000002
5 7 1 3  -0.0000254898
5 7 5 3  0.0002210445
5 7 7 3  0.0000000002
5 0 0 5  0.1375844968
5 0 2 5  -0.0000000004
5 0 4 5  0.0015444204
5 0 6 5  0.0000000025
5 1 1 5  0.1375844968
5 1 3 5  -0.0000000004
5 1 5 5  0.0015444204
5 1 7 5  0.0000000025
5 2 0 5  -0.0000000004
5 2 2 5  0.1137535642
5 2 4 5  0.0000000002
5 2 6 5  -0.0000963849
5 3 1 5  -0.0000000004
5 3 3 5  0.1137535642
5 3 5 5  0.0000000002
5 3 7 5  -0.0000963849
5 4 0 5  0.0015444204
5 4 2 5  0.0000000002
5 4 4 5  0.3557332534
5 4 6 5  0.0000000004
5 5 1 5  0.0015444204
5 5 3 5  0.0000000002
5 5 5 5  0.3557332534
5 5 7 5  0.0000000004
5 6 0 5  0.0000000025
5 6 2 5  -0.0000963849
5 6 4 5  0.0000000004
5 6 6 5  0.2980504029
5 7 1 5  0.0000000025
5 7 3 5  -0.0000963849
5 7 5 5  0.0000000004
5 7 7 5  0.2980504029
5 0 0 7  0.0000000005
5 0 2 7  -0.0019058557
5 0 4 7  0.0000000004
5 0 6 7  0.0009506071
5 1 1 7  0.0000000005
5 1 3 7  -0.0019058557
5 1 5 7  0.0000000004
5 1 7 7  0.0009506071
5 2 0 7  -0.0019058557
5 2 2 7  0.0000000004
5 2 4 7  0.0002210445
5 2 6 7  0.0000000001
5 3 1 7  -0.0019058557
5 3 3 7  0.0000000004
5 3 5 7  0.0002210445
5 3 7 7  0.0000000001
5 4 0 7  0.0000000004
5 4 2 7  0.0002210445
5 4 4 7  0.0000000004
5 4 6 7  0.0294605294
5 5 1 7  0.0000000004
5 5 3 7  0.0002210445
5 5 5 7  0.0000000004
5 5 7 7  0.0294605294
5 6 0 7  0.0009506071
5 6 2 7  0.0000000001
5 6 4 7  0.0294605294
5 6 6 7  0.0000000013
5 7 1 7  0.0009506071
5 7 3 7  0.0000000001
5 7 5 7  0.0294605294
5 7 7 7  0.0000000013
6 0 0 0  -0.0000000038
6 0 2 0  0.0002210445
6 0 6 0  0.0000827217
6 1 1 0  -0.0000000038
6 1 3 0  0.0002210445
6 1 7 0  0.0000827217
6 2 0 0  0.0002210445
6 2 2 0  -0.0000000031
6 2 4 0  -0.0000254898
6 3 1 0  0.0002210445
6 3 3 0  -0.0000000031
6 3 5 0  -0.0000254898
6 4 2 0  -0.0000254898
6 4 4 0  0.0000000025
6 4 6 0  0.0009506071
6 5 3 0  -0.0000254898
6 5 5 0  0.0000000025
6 5 7 0  0.0009506071
6 6 0 0  0.0000827217
6 6 4 0  0.0009506071
6 6 6 0  0.0000000036
6 7 1 0  0.0000827217
6 7 5 0  0.0009506071
6 7 7 0  0.0000000036
6 0 0 2  -0.0000963849
6 0 2 2  -0.0000000005
6 0 4 2  -0.0000934717
6 1 1 2  -0.0000963849
6 1 3 2  -0.0000000005
6 1 5 2  -0.0000934717
6 2 0 2  -0.0000000005
6 2 2 2  -0.0006943571
6 2 6 2  0.0000218408
6 3 1 2  -0.0000000005
6 3 3 2  -0.0006943571
6 3 7 2  0.0000218408
6 4 0 2  -0.0000934717
6 4 4 2  -0.0000963849
6 4 6 2  0.0000000001
6 5 1 2  -0.0000934717
6 5 5 2  -0.0000963849
6 5 7 2  0.0000000001
6 6 2 2  0.0000218408
6 6 4 2  0.0000000001
6 6 6 2  -0.0006943570
6 7 3 2  0.0000218408
6 7 5 2  0.0000000001
6 7 7 2  -0.0006943570
6 0 0 4  0.0000000005
6 0 2 4  -0.0019058557
6 0 4 4  0.0000000004
6 0 6 4  0.0009506071
6 1 1 4  0.0000000005
6 1 3 4  -0.0019058557
6 1 5 4  0.0000000004
6 1 7 4  0.0009506071
6 2 0 4  -0.0019058557
6 2 2 4  0.0000000004
6 2 4 4  0.0002210445
6 2 6 4  0.0000000001
6 3 1 4  -0.0019058557
6 3 3 4  0.0000000004
6 3 5 4  0.0002210445
6 3 7 4  0.0000000001
6 4 0 4  0.0000000004
6 4 2 4  0.0002210445
6 4 4 4  0.0000000004
6 4 6 4  0.0294605294
6 5 1 4  0.0000000004
6 5 3 4  0.0002210445
6 5 5 4  0.0000000004
6 5 7 4  0.0294605294
6 6 0 4  0.0009506071
6 6 2 4  0.0000000001
6 6 4 4  0.0294605294
6 6 6 4  0.0000000013
6 7 1 4  0.0009506071
6 7 3 4  0.0000000001
6 7 5 4  0.0294605294
6 7 7 4  0.0000000013
6 0 0 6  0.1137535643
6 0 2 6  -0.0000000005
6 0 4 6  0.0028689678
6 0 6 6  0.0000000036
6 1 1 6  0.1137535643
6 1 3 6  -0.0000000005
6 1 5 6  0.0028689678
6 1 7 6  0.0000000036
6 2 0 6  -0.0000000005
6 2 2 6  0.0978800438
6 2 4 6  0.0000000002
6 2 6 6  -0.0006943570
6 3 1 6  -0.0000000005
6 3 3 6  0.0978800438
6 3 5 6  0.0000000002
6 3 7 6  -0.0006943570
6 4 0 6  0.0028689678
6 4 2 6  0.0000000002
6 4 4 6  0.2980504029
6 4 6 6  0.0000000013
6 5 1 6  0.0028689678
6 5 3 6  0.0000000002
6 5 5 6  0.2980504029
6 5 7 6  0.0000000013
6 6 0 6  0.0000000036
6 6 2 6  -0.0006943570
6 6 4 6  0.0000000013
6 6 6 6  0.3366656722
6 7 1 6  0.0000000036
6 7 3 6  -0.0006943570
6 7 5 6  0.0000000013
6 7 7 6  0.3366656722
7 0 0 1  -0.0000000038
7 0 2 1  0.0002210445
7 0 6 1  0.0000827217
7 1 1 1  -0.0000000038
7 1 3 1  0.0002210445
7 1 7 1  0.0000827217
7 2 0 1  0.0002210445
7 2 2 1  -0.0000000031
7 2 4 1  -0.0000254898
7 3 1 1  0.0002210445
7 3 3 1  -0.0000000031
7 3 5 1  -0.0000254898
7 4 2 1  -0.0000254898
7 4 4 1  0.0000000025
7 4 6 1  0.0009506071
7 5 3 1  -0.0000254898
7 5 5 1  0.0000000025
7 5 7 1  0.0009506071
7 6 0 1  0.0000827217
7 6 4 1  0.0009506071
7 6 6 1  0.0000000036
7 7 1 1  0.0000827217
7 7 5 1  0.0009506071
7 7 7 1  0.0000000036
7 0 0 3  -0.0000963849
7 0 2 3  -0.0000000005
7 0 4 3  -0.0000934717
7 1 1 3  -0.0000963849
7 1 3 3  -0.0000000005
7 1 5 3  -0.0000934717
7 2 0 3  -0.0000000005
7 2 2 3  -0.0006943571
7 2 6 3  0.0000218408
7 3 1 3  -0.0000000005
7 3 3 3  -0.0006943571
7 3 7 3  0.0000218408
7 4 0 3  -0.0000934717
7 4 4 3  -0.0000963849
7 4 6 3  0.0000000001
7 5 1 3  -0.0000934717
7 5 5 3  -0.0000963849
7 5 7 3  0.0000000001
7 6 2 3  0.0000218408
7 6 4 3  0.0000000001
7 6 6 3  -0.0006943570
7 7 3 3  0.0000218408
7 7 5 3  0.0000000001
7 7 7 3  -0.0006943570
7 0 0 5  0.0000000005
7 0 2 5  -0.0019058557
7 0 4 5  0.0000000004
7 0 6 5  0.0009506071
7 1 1 5  0.0000000005
7 1 3 5  -0.0019058557
7 1 5 5  0.0000000004
7 1 7 5  0.0009506071
7 2 0 5  -0.0019058557
7 2 2 5  0.0000000004
7 2 4 5  0.0002210445
7 2 6 5  0.0000000001
7 3 1 5  -0.0019058557
7 3 3 5  0.0000000004
7 3 5 5  0.0002210445
7 3 7 5  0.0000000001
7 4 0 5  0.0000000004
7 4 2 5  0.0002210445
7 4 4 5  0.0000000004
7 4 6 5  0.0294605294
7 5 1 5  0.0000000004
7 5 3 5  0.0002210445
7 5 5 5  0.0000000004
7 5 7 5  0.0294605294
7 6 0 5  0.0009506071
7 6 2 5  0.0000000001
7 6 4 5  0.0294605294
7 6 6 5  0.0000000013
7 7 1 5  0.0009506071
7 7 3 5  0.0000000001
7 7 5 5  0.0294605294
7 7 7 5  0.0000000013
7 0 0 7  0.1137535643
7 0 2 7  -0.0000000005
7 0 4 7  0.0028689678
7 0 6 7  0.0000000036
7 1 1 7  0.1137535643
7 1 3 7  -0.0000000005
7 1 5 7  0.0028689678
7 1 7 7  0.0000000036
7 2 0 7  -0.0000000005
7 2 2 7  0.0978800438
7 2 4 7  0.0000000002
7 2 6 7  -0.0006943570
7 3 1 7  -0.0000000005
7 3 3 7  0.0978800438
7 3 5 7  0.0000000002
7 3 7 7  -0.0006943570
7 4 0 7  0.0028689678
7 4 2 7  0.0000000002
7 4 4 7  0.2980504029
7 4 6 7  0.0000000013
7 5 1 7  0.0028689678
7 5 3 7  0.0000000002
7 5 5 7  0.2980504029
7 5 7 7  0.0000000013
7 6 0 7  0.0000000036
7 6 2 7  -0.0006943570
7 6 4 7  0.0000000013
7 6 6 7  0.3366656722
7 7 1 7  0.0000000036
7 7 3 7  -0.0006943570
7 7 5 7  0.0000000013
7 7 7 7  0.3366656722

 E(Ref) = -77.6051406501 Hartree, <S**2> = 2.0000
 E(FCI) = -77.6401435302 Hartree, <S**2> = 0.0000
