 MO Integrals with frozen core/virtual approximation

-73.25038859681409
0 0  -1.7733591452
0 2  0.0000000114
0 4  0.2899452657
0 6  0.0000000053
1 1  -1.7733591452
1 3  0.0000000114
1 5  0.2899452657
1 7  0.0000000053
2 0  0.0000000114
2 2  -1.5203813105
2 4  -0.0000000075
2 6  -0.0591875547
3 1  0.0000000114
3 3  -1.5203813105
3 5  -0.0000000075
3 7  -0.0591875547
4 0  0.2899452657
4 2  -0.0000000075
4 4  -1.7733591464
4 6  -0.0000000050
5 1  0.2899452657
5 3  -0.0000000075
5 5  -1.7733591464
5 7  -0.0000000050
6 0  0.0000000053
6 2  -0.0591875547
6 4  -0.0000000050
6 6  -1.5203813103
7 1  0.0000000053
7 3  -0.0591875547
7 5  -0.0000000050
7 7  -1.5203813103
0 0 0 0  0.3819494276
0 0 2 0  -0.0000000004
0 0 4 0  -0.0050990518
0 0 6 0  -0.0000000003
0 1 1 0  0.3819494276
0 1 3 0  -0.0000000004
0 1 5 0  -0.0050990518
0 1 7 0  -0.0000000003
0 2 0 0  -0.0000000004
0 2 2 0  0.3099911233
0 2 4 0  -0.0000000002
0 2 6 0  0.0009940776
0 3 1 0  -0.0000000004
0 3 3 0  0.3099911233
0 3 5 0  -0.0000000002
0 3 7 0  0.0009940776
0 4 0 0  -0.0050990518
0 4 2 0  -0.0000000002
0 4 4 0  0.2143838067
0 4 6 0  0.0000000008
0 5 1 0  -0.0050990518
0 5 3 0  -0.0000000002
0 5 5 0  0.2143838067
0 5 7 0  0.0000000008
0 6 0 0  -0.0000000003
0 6 2 0  0.0009940776
0 6 4 0  0.0000000008
0 6 6 0  0.1653933149
0 7 1 0  -0.0000000003
0 7 3 0  0.0009940776
0 7 5 0  0.0000000008
0 7 7 0  0.1653933149
0 0 0 2  -0.0000000004
0 0 2 2  0.0368832687
0 0 4 2  0.0000000001
0 0 6 2  0.0018018027
0 1 1 2  -0.0000000004
0 1 3 2  0.0368832687
0 1 5 2  0.0000000001
0 1 7 2  0.0018018027
0 2 0 2  0.0368832687
0 2 2 2  -0.0000000021
0 2 4 2  0.0006148273
0 2 6 2  -0.0000000001
0 3 1 2  0.0368832687
0 3 3 2  -0.0000000021
0 3 5 2  0.0006148273
0 3 7 2  -0.0000000001
0 4 0 2  0.0000000001
0 4 2 2  0.0006148273
0 4 4 2  -0.0000000015
0 4 6 2  -0.0069404430
0 5 1 2  0.0000000001
0 5 3 2  0.0006148273
0 5 5 2  -0.0000000015
0 5 7 2  -0.0069404430
0 6 0 2  0.0018018027
0 6 2 2  -0.0000000001
0 6 4 2  -0.0069404430
0 6 6 2  -0.0000000015
0 7 1 2  0.0018018027
0 7 3 2  -0.0000000001
0 7 5 2  -0.0069404430
0 7 7 2  -0.0000000015
0 0 0 4  -0.0050990518
0 0 2 4  0.0000000001
0 0 4 4  0.0044019134
0 0 6 4  0.0000000001
0 1 1 4  -0.0050990518
0 1 3 4  0.0000000001
0 1 5 4  0.0044019134
0 1 7 4  0.0000000001
0 2 0 4  0.0000000001
0 2 2 4  0.0019475627
0 2 4 4  -0.0000000001
0 2 6 4  -0.0010378411
0 3 1 4  0.0000000001
0 3 3 4  0.0019475627
0 3 5 4  -0.0000000001
0 3 7 4  -0.0010378411
0 4 0 4  0.0044019134
0 4 2 4  -0.0000000001
0 4 4 4  -0.0050990519
0 4 6 4  -0.0000000001
0 5 1 4  0.0044019134
0 5 3 4  -0.0000000001
0 5 5 4  -0.0050990519
0 5 7 4  -0.0000000001
0 6 0 4  0.0000000001
0 6 2 4  -0.0010378411
0 6 4 4  -0.0000000001
0 6 6 4  0.0019475627
0 7 1 4  0.0000000001
0 7 3 4  -0.0010378411
0 7 5 4  -0.0000000001
0 7 7 4  0.0019475627
0 0 0 6  -0.0000000003
0 0 2 6  0.0018018027
0 0 4 6  0.0000000001
0 0 6 6  0.0006262188
0 1 1 6  -0.0000000003
0 1 3 6  0.0018018027
0 1 5 6  0.0000000001
0 1 7 6  0.0006262188
0 2 0 6  0.0018018027
0 2 2 6  -0.0000000004
0 2 4 6  -0.0004125231
0 3 1 6  0.0018018027
0 3 3 6  -0.0000000004
0 3 5 6  -0.0004125231
0 4 0 6  0.0000000001
0 4 2 6  -0.0004125231
0 4 4 6  0.0000000001
0 4 6 6  0.0006148273
0 5 1 6  0.0000000001
0 5 3 6  -0.0004125231
0 5 5 6  0.0000000001
0 5 7 6  0.0006148273
0 6 0 6  0.0006262188
0 6 4 6  0.0006148273
0 6 6 6  0.0000000004
0 7 1 6  0.0006262188
0 7 5 6  0.0006148273
0 7 7 6  0.0000000004
1 0 0 1  0.3819494276
1 0 2 1  -0.0000000004
1 0 4 1  -0.0050990518
1 0 6 1  -0.0000000003
1 1 1 1  0.3819494276
1 1 3 1  -0.0000000004
1 1 5 1  -0.0050990518
1 1 7 1  -0.0000000003
1 2 0 1  -0.0000000004
1 2 2 1  0.3099911233
1 2 4 1  -0.0000000002
1 2 6 1  0.0009940776
1 3 1 1  -0.0000000004
1 3 3 1  0.3099911233
1 3 5 1  -0.0000000002
1 3 7 1  0.0009940776
1 4 0 1  -0.0050990518
1 4 2 1  -0.0000000002
1 4 4 1  0.2143838067
1 4 6 1  0.0000000008
1 5 1 1  -0.0050990518
1 5 3 1  -0.0000000002
1 5 5 1  0.2143838067
1 5 7 1  0.0000000008
1 6 0 1  -0.0000000003
1 6 2 1  0.0009940776
1 6 4 1  0.0000000008
1 6 6 1  0.1653933149
1 7 1 1  -0.0000000003
1 7 3 1  0.0009940776
1 7 5 1  0.0000000008
1 7 7 1  0.1653933149
1 0 0 3  -0.0000000004
1 0 2 3  0.0368832687
1 0 4 3  0.0000000001
1 0 6 3  0.0018018027
1 1 1 3  -0.0000000004
1 1 3 3  0.0368832687
1 1 5 3  0.0000000001
1 1 7 3  0.0018018027
1 2 0 3  0.0368832687
1 2 2 3  -0.0000000021
1 2 4 3  0.0006148273
1 2 6 3  -0.0000000001
1 3 1 3  0.0368832687
1 3 3 3  -0.0000000021
1 3 5 3  0.0006148273
1 3 7 3  -0.0000000001
1 4 0 3  0.0000000001
1 4 2 3  0.0006148273
1 4 4 3  -0.0000000015
1 4 6 3  -0.0069404430
1 5 1 3  0.0000000001
1 5 3 3  0.0006148273
1 5 5 3  -0.0000000015
1 5 7 3  -0.0069404430
1 6 0 3  0.0018018027
1 6 2 3  -0.0000000001
1 6 4 3  -0.0069404430
1 6 6 3  -0.0000000015
1 7 1 3  0.0018018027
1 7 3 3  -0.0000000001
1 7 5 3  -0.0069404430
1 7 7 3  -0.0000000015
1 0 0 5  -0.0050990518
1 0 2 5  0.0000000001
1 0 4 5  0.0044019134
1 0 6 5  0.0000000001
1 1 1 5  -0.0050990518
1 1 3 5  0.0000000001
1 1 5 5  0.0044019134
1 1 7 5  0.0000000001
1 2 0 5  0.0000000001
1 2 2 5  0.0019475627
1 2 4 5  -0.0000000001
1 2 6 5  -0.0010378411
1 3 1 5  0.0000000001
1 3 3 5  0.0019475627
1 3 5 5  -0.0000000001
1 3 7 5  -0.0010378411
1 4 0 5  0.0044019134
1 4 2 5  -0.0000000001
1 4 4 5  -0.0050990519
1 4 6 5  -0.0000000001
1 5 1 5  0.0044019134
1 5 3 5  -0.0000000001
1 5 5 5  -0.0050990519
1 5 7 5  -0.0000000001
1 6 0 5  0.0000000001
1 6 2 5  -0.0010378411
1 6 4 5  -0.0000000001
1 6 6 5  0.0019475627
1 7 1 5  0.0000000001
1 7 3 5  -0.0010378411
1 7 5 5  -0.0000000001
1 7 7 5  0.0019475627
1 0 0 7  -0.0000000003
1 0 2 7  0.0018018027
1 0 4 7  0.0000000001
1 0 6 7  0.0006262188
1 1 1 7  -0.0000000003
1 1 3 7  0.0018018027
1 1 5 7  0.0000000001
1 1 7 7  0.0006262188
1 2 0 7  0.0018018027
1 2 2 7  -0.0000000004
1 2 4 7  -0.0004125231
1 3 1 7  0.0018018027
1 3 3 7  -0.0000000004
1 3 5 7  -0.0004125231
1 4 0 7  0.0000000001
1 4 2 7  -0.0004125231
1 4 4 7  0.0000000001
1 4 6 7  0.0006148273
1 5 1 7  0.0000000001
1 5 3 7  -0.0004125231
1 5 5 7  0.0000000001
1 5 7 7  0.0006148273
1 6 0 7  0.0006262188
1 6 4 7  0.0006148273
1 6 6 7  0.0000000004
1 7 1 7  0.0006262188
1 7 5 7  0.0006148273
1 7 7 7  0.0000000004
2 0 0 0  -0.0000000004
2 0 2 0  0.0368832687
2 0 4 0  0.0000000001
2 0 6 0  0.0018018027
2 1 1 0  -0.0000000004
2 1 3 0  0.0368832687
2 1 5 0  0.0000000001
2 1 7 0  0.0018018027
2 2 0 0  0.0368832687
2 2 2 0  -0.0000000021
2 2 4 0  0.0006148273
2 2 6 0  -0.0000000001
2 3 1 0  0.0368832687
2 3 3 0  -0.0000000021
2 3 5 0  0.0006148273
2 3 7 0  -0.0000000001
2 4 0 0  0.0000000001
2 4 2 0  0.0006148273
2 4 4 0  -0.0000000015
2 4 6 0  -0.0069404430
2 5 1 0  0.0000000001
2 5 3 0  0.0006148273
2 5 5 0  -0.0000000015
2 5 7 0  -0.0069404430
2 6 0 0  0.0018018027
2 6 2 0  -0.0000000001
2 6 4 0  -0.0069404430
2 6 6 0  -0.0000000015
2 7 1 0  0.0018018027
2 7 3 0  -0.0000000001
2 7 5 0  -0.0069404430
2 7 7 0  -0.0000000015
2 0 0 2  0.3099911233
2 0 2 2  -0.0000000021
2 0 4 2  0.0019475627
2 0 6 2  -0.0000000004
2 1 1 2  0.3099911233
2 1 3 2  -0.0000000021
2 1 5 2  0.0019475627
2 1 7 2  -0.0000000004
2 2 0 2  -0.0000000021
2 2 2 2  0.3379363905
2 2 4 2  -0.0000000005
2 2 6 2  -0.0018959572
2 3 1 2  -0.0000000021
2 3 3 2  0.3379363905
2 3 5 2  -0.0000000005
2 3 7 2  -0.0018959572
2 4 0 2  0.0019475627
2 4 2 2  -0.0000000005
2 4 4 2  0.1653933150
2 4 6 2  0.0000000013
2 5 1 2  0.0019475627
2 5 3 2  -0.0000000005
2 5 5 2  0.1653933150
2 5 7 2  0.0000000013
2 6 0 2  -0.0000000004
2 6 2 2  -0.0018959572
2 6 4 2  0.0000000013
2 6 6 2  0.1357794616
2 7 1 2  -0.0000000004
2 7 3 2  -0.0018959572
2 7 5 2  0.0000000013
2 7 7 2  0.1357794616
2 0 0 4  -0.0000000002
2 0 2 4  0.0006148273
2 0 4 4  -0.0000000001
2 0 6 4  -0.0004125231
2 1 1 4  -0.0000000002
2 1 3 4  0.0006148273
2 1 5 4  -0.0000000001
2 1 7 4  -0.0004125231
2 2 0 4  0.0006148273
2 2 2 4  -0.0000000005
2 2 4 4  0.0006262189
2 2 6 4  0.0000000001
2 3 1 4  0.0006148273
2 3 3 4  -0.0000000005
2 3 5 4  0.0006262189
2 3 7 4  0.0000000001
2 4 0 4  -0.0000000001
2 4 2 4  0.0006262189
2 4 4 4  0.0000000001
2 4 6 4  0.0018018027
2 5 1 4  -0.0000000001
2 5 3 4  0.0006262189
2 5 5 4  0.0000000001
2 5 7 4  0.0018018027
2 6 0 4  -0.0004125231
2 6 2 4  0.0000000001
2 6 4 4  0.0018018027
2 6 6 4  0.0000000002
2 7 1 4  -0.0004125231
2 7 3 4  0.0000000001
2 7 5 4  0.0018018027
2 7 7 4  0.0000000002
2 0 0 6  0.0009940776
2 0 2 6  -0.0000000001
2 0 4 6  -0.0010378411
2 1 1 6  0.0009940776
2 1 3 6  -0.0000000001
2 1 5 6  -0.0010378411
2 2 0 6  -0.0000000001
2 2 2 6  -0.0018959572
2 2 4 6  0.0000000001
2 2 6 6  0.0004549205
2 3 1 6  -0.0000000001
2 3 3 6  -0.0018959572
2 3 5 6  0.0000000001
2 3 7 6  0.0004549205
2 4 0 6  -0.0010378411
2 4 2 6  0.0000000001
2 4 4 6  0.0009940776
2 4 6 6  -0.0000000001
2 5 1 6  -0.0010378411
2 5 3 6  0.0000000001
2 5 5 6  0.0009940776
2 5 7 6  -0.0000000001
2 6 2 6  0.0004549205
2 6 4 6  -0.0000000001
2 6 6 6  -0.0018959571
2 7 3 6  0.0004549205
2 7 5 6  -0.0000000001
2 7 7 6  -0.0018959571
3 0 0 1  -0.0000000004
3 0 2 1  0.0368832687
3 0 4 1  0.0000000001
3 0 6 1  0.0018018027
3 1 1 1  -0.0000000004
3 1 3 1  0.0368832687
3 1 5 1  0.0000000001
3 1 7 1  0.0018018027
3 2 0 1  0.0368832687
3 2 2 1  -0.0000000021
3 2 4 1  0.0006148273
3 2 6 1  -0.0000000001
3 3 1 1  0.0368832687
3 3 3 1  -0.0000000021
3 3 5 1  0.0006148273
3 3 7 1  -0.0000000001
3 4 0 1  0.0000000001
3 4 2 1  0.0006148273
3 4 4 1  -0.0000000015
3 4 6 1  -0.0069404430
3 5 1 1  0.0000000001
3 5 3 1  0.0006148273
3 5 5 1  -0.0000000015
3 5 7 1  -0.0069404430
3 6 0 1  0.0018018027
3 6 2 1  -0.0000000001
3 6 4 1  -0.0069404430
3 6 6 1  -0.0000000015
3 7 1 1  0.0018018027
3 7 3 1  -0.0000000001
3 7 5 1  -0.0069404430
3 7 7 1  -0.0000000015
3 0 0 3  0.3099911233
3 0 2 3  -0.0000000021
3 0 4 3  0.0019475627
3 0 6 3  -0.0000000004
3 1 1 3  0.3099911233
3 1 3 3  -0.0000000021
3 1 5 3  0.0019475627
3 1 7 3  -0.0000000004
3 2 0 3  -0.0000000021
3 2 2 3  0.3379363905
3 2 4 3  -0.0000000005
3 2 6 3  -0.0018959572
3 3 1 3  -0.0000000021
3 3 3 3  0.3379363905
3 3 5 3  -0.0000000005
3 3 7 3  -0.0018959572
3 4 0 3  0.0019475627
3 4 2 3  -0.0000000005
3 4 4 3  0.1653933150
3 4 6 3  0.0000000013
3 5 1 3  0.0019475627
3 5 3 3  -0.0000000005
3 5 5 3  0.1653933150
3 5 7 3  0.0000000013
3 6 0 3  -0.0000000004
3 6 2 3  -0.0018959572
3 6 4 3  0.0000000013
3 6 6 3  0.1357794616
3 7 1 3  -0.0000000004
3 7 3 3  -0.0018959572
3 7 5 3  0.0000000013
3 7 7 3  0.1357794616
3 0 0 5  -0.0000000002
3 0 2 5  0.0006148273
3 0 4 5  -0.0000000001
3 0 6 5  -0.0004125231
3 1 1 5  -0.0000000002
3 1 3 5  0.0006148273
3 1 5 5  -0.0000000001
3 1 7 5  -0.0004125231
3 2 0 5  0.0006148273
3 2 2 5  -0.0000000005
3 2 4 5  0.0006262189
3 2 6 5  0.0000000001
3 3 1 5  0.0006148273
3 3 3 5  -0.0000000005
3 3 5 5  0.0006262189
3 3 7 5  0.0000000001
3 4 0 5  -0.0000000001
3 4 2 5  0.0006262189
3 4 4 5  0.0000000001
3 4 6 5  0.0018018027
3 5 1 5  -0.0000000001
3 5 3 5  0.0006262189
3 5 5 5  0.0000000001
3 5 7 5  0.0018018027
3 6 0 5  -0.0004125231
3 6 2 5  0.0000000001
3 6 4 5  0.0018018027
3 6 6 5  0.0000000002
3 7 1 5  -0.0004125231
3 7 3 5  0.0000000001
3 7 5 5  0.0018018027
3 7 7 5  0.0000000002
3 0 0 7  0.0009940776
3 0 2 7  -0.0000000001
3 0 4 7  -0.0010378411
3 1 1 7  0.0009940776
3 1 3 7  -0.0000000001
3 1 5 7  -0.0010378411
3 2 0 7  -0.0000000001
3 2 2 7  -0.0018959572
3 2 4 7  0.0000000001
3 2 6 7  0.0004549205
3 3 1 7  -0.0000000001
3 3 3 7  -0.0018959572
3 3 5 7  0.0000000001
3 3 7 7  0.0004549205
3 4 0 7  -0.0010378411
3 4 2 7  0.0000000001
3 4 4 7  0.0009940776
3 4 6 7  -0.0000000001
3 5 1 7  -0.0010378411
3 5 3 7  0.0000000001
3 5 5 7  0.0009940776
3 5 7 7  -0.0000000001
3 6 2 7  0.0004549205
3 6 4 7  -0.0000000001
3 6 6 7  -0.0018959571
3 7 3 7  0.0004549205
3 7 5 7  -0.0000000001
3 7 7 7  -0.0018959571
4 0 0 0  -0.0050990518
4 0 2 0  0.0000000001
4 0 4 0  0.0044019134
4 0 6 0  0.0000000001
4 1 1 0  -0.0050990518
4 1 3 0  0.0000000001
4 1 5 0  0.0044019134
4 1 7 0  0.0000000001
4 2 0 0  0.0000000001
4 2 2 0  0.0019475627
4 2 4 0  -0.0000000001
4 2 6 0  -0.0010378411
4 3 1 0  0.0000000001
4 3 3 0  0.0019475627
4 3 5 0  -0.0000000001
4 3 7 0  -0.0010378411
4 4 0 0  0.0044019134
4 4 2 0  -0.0000000001
4 4 4 0  -0.0050990519
4 4 6 0  -0.0000000001
4 5 1 0  0.0044019134
4 5 3 0  -0.0000000001
4 5 5 0  -0.0050990519
4 5 7 0  -0.0000000001
4 6 0 0  0.0000000001
4 6 2 0  -0.0010378411
4 6 4 0  -0.0000000001
4 6 6 0  0.0019475627
4 7 1 0  0.0000000001
4 7 3 0  -0.0010378411
4 7 5 0  -0.0000000001
4 7 7 0  0.0019475627
4 0 0 2  -0.0000000002
4 0 2 2  0.0006148273
4 0 4 2  -0.0000000001
4 0 6 2  -0.0004125231
4 1 1 2  -0.0000000002
4 1 3 2  0.0006148273
4 1 5 2  -0.0000000001
4 1 7 2  -0.0004125231
4 2 0 2  0.0006148273
4 2 2 2  -0.0000000005
4 2 4 2  0.0006262189
4 2 6 2  0.0000000001
4 3 1 2  0.0006148273
4 3 3 2  -0.0000000005
4 3 5 2  0.0006262189
4 3 7 2  0.0000000001
4 4 0 2  -0.0000000001
4 4 2 2  0.0006262189
4 4 4 2  0.0000000001
4 4 6 2  0.0018018027
4 5 1 2  -0.0000000001
4 5 3 2  0.0006262189
4 5 5 2  0.0000000001
4 5 7 2  0.0018018027
4 6 0 2  -0.0004125231
4 6 2 2  0.0000000001
4 6 4 2  0.0018018027
4 6 6 2  0.0000000002
4 7 1 2  -0.0004125231
4 7 3 2  0.0000000001
4 7 5 2  0.0018018027
4 7 7 2  0.0000000002
4 0 0 4  0.2143838067
4 0 2 4  -0.0000000015
4 0 4 4  -0.0050990519
4 0 6 4  0.0000000001
4 1 1 4  0.2143838067
4 1 3 4  -0.0000000015
4 1 5 4  -0.0050990519
4 1 7 4  0.0000000001
4 2 0 4  -0.0000000015
4 2 2 4  0.1653933150
4 2 4 4  0.0000000001
4 2 6 4  0.0009940776
4 3 1 4  -0.0000000015
4 3 3 4  0.1653933150
4 3 5 4  0.0000000001
4 3 7 4  0.0009940776
4 4 0 4  -0.0050990519
4 4 2 4  0.0000000001
4 4 4 4  0.3819494282
4 4 6 4  -0.0000000002
4 5 1 4  -0.0050990519
4 5 3 4  0.0000000001
4 5 5 4  0.3819494282
4 5 7 4  -0.0000000002
4 6 0 4  0.0000000001
4 6 2 4  0.0009940776
4 6 4 4  -0.0000000002
4 6 6 4  0.3099911235
4 7 1 4  0.0000000001
4 7 3 4  0.0009940776
4 7 5 4  -0.0000000002
4 7 7 4  0.3099911235
4 0 0 6  0.0000000008
4 0 2 6  -0.0069404430
4 0 4 6  -0.0000000001
4 0 6 6  0.0006148273
4 1 1 6  0.0000000008
4 1 3 6  -0.0069404430
4 1 5 6  -0.0000000001
4 1 7 6  0.0006148273
4 2 0 6  -0.0069404430
4 2 2 6  0.0000000013
4 2 4 6  0.0018018027
4 2 6 6  -0.0000000001
4 3 1 6  -0.0069404430
4 3 3 6  0.0000000013
4 3 5 6  0.0018018027
4 3 7 6  -0.0000000001
4 4 0 6  -0.0000000001
4 4 2 6  0.0018018027
4 4 4 6  -0.0000000002
4 4 6 6  0.0368832688
4 5 1 6  -0.0000000001
4 5 3 6  0.0018018027
4 5 5 6  -0.0000000002
4 5 7 6  0.0368832688
4 6 0 6  0.0006148273
4 6 2 6  -0.0000000001
4 6 4 6  0.0368832688
4 6 6 6  0.0000000010
4 7 1 6  0.0006148273
4 7 3 6  -0.0000000001
4 7 5 6  0.0368832688
4 7 7 6  0.0000000010
5 0 0 1  -0.0050990518
5 0 2 1  0.0000000001
5 0 4 1  0.0044019134
5 0 6 1  0.0000000001
5 1 1 1  -0.0050990518
5 1 3 1  0.0000000001
5 1 5 1  0.0044019134
5 1 7 1  0.0000000001
5 2 0 1  0.0000000001
5 2 2 1  0.0019475627
5 2 4 1  -0.0000000001
5 2 6 1  -0.0010378411
5 3 1 1  0.0000000001
5 3 3 1  0.0019475627
5 3 5 1  -0.0000000001
5 3 7 1  -0.0010378411
5 4 0 1  0.0044019134
5 4 2 1  -0.0000000001
5 4 4 1  -0.0050990519
5 4 6 1  -0.0000000001
5 5 1 1  0.0044019134
5 5 3 1  -0.0000000001
5 5 5 1  -0.0050990519
5 5 7 1  -0.0000000001
5 6 0 1  0.0000000001
5 6 2 1  -0.0010378411
5 6 4 1  -0.0000000001
5 6 6 1  0.0019475627
5 7 1 1  0.0000000001
5 7 3 1  -0.0010378411
5 7 5 1  -0.0000000001
5 7 7 1  0.0019475627
5 0 0 3  -0.0000000002
5 0 2 3  0.0006148273
5 0 4 3  -0.0000000001
5 0 6 3  -0.0004125231
5 1 1 3  -0.0000000002
5 1 3 3  0.0006148273
5 1 5 3  -0.0000000001
5 1 7 3  -0.0004125231
5 2 0 3  0.0006148273
5 2 2 3  -0.0000000005
5 2 4 3  0.0006262189
5 2 6 3  0.0000000001
5 3 1 3  0.0006148273
5 3 3 3  -0.0000000005
5 3 5 3  0.0006262189
5 3 7 3  0.0000000001
5 4 0 3  -0.0000000001
5 4 2 3  0.0006262189
5 4 4 3  0.0000000001
5 4 6 3  0.0018018027
5 5 1 3  -0.0000000001
5 5 3 3  0.0006262189
5 5 5 3  0.0000000001
5 5 7 3  0.0018018027
5 6 0 3  -0.0004125231
5 6 2 3  0.0000000001
5 6 4 3  0.0018018027
5 6 6 3  0.0000000002
5 7 1 3  -0.0004125231
5 7 3 3  0.0000000001
5 7 5 3  0.0018018027
5 7 7 3  0.0000000002
5 0 0 5  0.2143838067
5 0 2 5  -0.0000000015
5 0 4 5  -0.0050990519
5 0 6 5  0.0000000001
5 1 1 5  0.2143838067
5 1 3 5  -0.0000000015
5 1 5 5  -0.0050990519
5 1 7 5  0.0000000001
5 2 0 5  -0.0000000015
5 2 2 5  0.1653933150
5 2 4 5  0.0000000001
5 2 6 5  0.0009940776
5 3 1 5  -0.0000000015
5 3 3 5  0.1653933150
5 3 5 5  0.0000000001
5 3 7 5  0.0009940776
5 4 0 5  -0.0050990519
5 4 2 5  0.0000000001
5 4 4 5  0.3819494282
5 4 6 5  -0.0000000002
5 5 1 5  -0.0050990519
5 5 3 5  0.0000000001
5 5 5 5  0.3819494282
5 5 7 5  -0.0000000002
5 6 0 5  0.0000000001
5 6 2 5  0.0009940776
5 6 4 5  -0.0000000002
5 6 6 5  0.3099911235
5 7 1 5  0.0000000001
5 7 3 5  0.0009940776
5 7 5 5  -0.0000000002
5 7 7 5  0.3099911235
5 0 0 7  0.0000000008
5 0 2 7  -0.0069404430
5 0 4 7  -0.0000000001
5 0 6 7  0.0006148273
5 1 1 7  0.0000000008
5 1 3 7  -0.0069404430
5 1 5 7  -0.0000000001
5 1 7 7  0.0006148273
5 2 0 7  -0.0069404430
5 2 2 7  0.0000000013
5 2 4 7  0.0018018027
5 2 6 7  -0.0000000001
5 3 1 7  -0.0069404430
5 3 3 7  0.0000000013
5 3 5 7  0.0018018027
5 3 7 7  -0.0000000001
5 4 0 7  -0.0000000001
5 4 2 7  0.0018018027
5 4 4 7  -0.0000000002
5 4 6 7  0.0368832688
5 5 1 7  -0.0000000001
5 5 3 7  0.0018018027
5 5 5 7  -0.0000000002
5 5 7 7  0.0368832688
5 6 0 7  0.0006148273
5 6 2 7  -0.0000000001
5 6 4 7  0.0368832688
5 6 6 7  0.0000000010
5 7 1 7  0.0006148273
5 7 3 7  -0.0000000001
5 7 5 7  0.0368832688
5 7 7 7  0.0000000010
6 0 0 0  -0.0000000003
6 0 2 0  0.0018018027
6 0 4 0  0.0000000001
6 0 6 0  0.0006262188
6 1 1 0  -0.0000000003
6 1 3 0  0.0018018027
6 1 5 0  0.0000000001
6 1 7 0  0.0006262188
6 2 0 0  0.0018018027
6 2 2 0  -0.0000000004
6 2 4 0  -0.0004125231
6 3 1 0  0.0018018027
6 3 3 0  -0.0000000004
6 3 5 0  -0.0004125231
6 4 0 0  0.0000000001
6 4 2 0  -0.0004125231
6 4 4 0  0.0000000001
6 4 6 0  0.0006148273
6 5 1 0  0.0000000001
6 5 3 0  -0.0004125231
6 5 5 0  0.0000000001
6 5 7 0  0.0006148273
6 6 0 0  0.0006262188
6 6 4 0  0.0006148273
6 6 6 0  0.0000000004
6 7 1 0  0.0006262188
6 7 5 0  0.0006148273
6 7 7 0  0.0000000004
6 0 0 2  0.0009940776
6 0 2 2  -0.0000000001
6 0 4 2  -0.0010378411
6 1 1 2  0.0009940776
6 1 3 2  -0.0000000001
6 1 5 2  -0.0010378411
6 2 0 2  -0.0000000001
6 2 2 2  -0.0018959572
6 2 4 2  0.0000000001
6 2 6 2  0.0004549205
6 3 1 2  -0.0000000001
6 3 3 2  -0.0018959572
6 3 5 2  0.0000000001
6 3 7 2  0.0004549205
6 4 0 2  -0.0010378411
6 4 2 2  0.0000000001
6 4 4 2  0.0009940776
6 4 6 2  -0.0000000001
6 5 1 2  -0.0010378411
6 5 3 2  0.0000000001
6 5 5 2  0.0009940776
6 5 7 2  -0.0000000001
6 6 2 2  0.0004549205
6 6 4 2  -0.0000000001
6 6 6 2  -0.0018959571
6 7 3 2  0.0004549205
6 7 5 2  -0.0000000001
6 7 7 2  -0.0018959571
6 0 0 4  0.0000000008
6 0 2 4  -0.0069404430
6 0 4 4  -0.0000000001
6 0 6 4  0.0006148273
6 1 1 4  0.0000000008
6 1 3 4  -0.0069404430
6 1 5 4  -0.0000000001
6 1 7 4  0.0006148273
6 2 0 4  -0.0069404430
6 2 2 4  0.0000000013
6 2 4 4  0.0018018027
6 2 6 4  -0.0000000001
6 3 1 4  -0.0069404430
6 3 3 4  0.0000000013
6 3 5 4  0.0018018027
6 3 7 4  -0.0000000001
6 4 0 4  -0.0000000001
6 4 2 4  0.0018018027
6 4 4 4  -0.0000000002
6 4 6 4  0.0368832688
6 5 1 4  -0.0000000001
6 5 3 4  0.0018018027
6 5 5 4  -0.0000000002
6 5 7 4  0.0368832688
6 6 0 4  0.0006148273
6 6 2 4  -0.0000000001
6 6 4 4  0.0368832688
6 6 6 4  0.0000000010
6 7 1 4  0.0006148273
6 7 3 4  -0.0000000001
6 7 5 4  0.0368832688
6 7 7 4  0.0000000010
6 0 0 6  0.1653933149
6 0 2 6  -0.0000000015
6 0 4 6  0.0019475627
6 0 6 6  0.0000000004
6 1 1 6  0.1653933149
6 1 3 6  -0.0000000015
6 1 5 6  0.0019475627
6 1 7 6  0.0000000004
6 2 0 6  -0.0000000015
6 2 2 6  0.1357794616
6 2 4 6  0.0000000002
6 2 6 6  -0.0018959571
6 3 1 6  -0.0000000015
6 3 3 6  0.1357794616
6 3 5 6  0.0000000002
6 3 7 6  -0.0018959571
6 4 0 6  0.0019475627
6 4 2 6  0.0000000002
6 4 4 6  0.3099911235
6 4 6 6  0.0000000010
6 5 1 6  0.0019475627
6 5 3 6  0.0000000002
6 5 5 6  0.3099911235
6 5 7 6  0.0000000010
6 6 0 6  0.0000000004
6 6 2 6  -0.0018959571
6 6 4 6  0.0000000010
6 6 6 6  0.3379363905
6 7 1 6  0.0000000004
6 7 3 6  -0.0018959571
6 7 5 6  0.0000000010
6 7 7 6  0.3379363905
7 0 0 1  -0.0000000003
7 0 2 1  0.0018018027
7 0 4 1  0.0000000001
7 0 6 1  0.0006262188
7 1 1 1  -0.0000000003
7 1 3 1  0.0018018027
7 1 5 1  0.0000000001
7 1 7 1  0.0006262188
7 2 0 1  0.0018018027
7 2 2 1  -0.0000000004
7 2 4 1  -0.0004125231
7 3 1 1  0.0018018027
7 3 3 1  -0.0000000004
7 3 5 1  -0.0004125231
7 4 0 1  0.0000000001
7 4 2 1  -0.0004125231
7 4 4 1  0.0000000001
7 4 6 1  0.0006148273
7 5 1 1  0.0000000001
7 5 3 1  -0.0004125231
7 5 5 1  0.0000000001
7 5 7 1  0.0006148273
7 6 0 1  0.0006262188
7 6 4 1  0.0006148273
7 6 6 1  0.0000000004
7 7 1 1  0.0006262188
7 7 5 1  0.0006148273
7 7 7 1  0.0000000004
7 0 0 3  0.0009940776
7 0 2 3  -0.0000000001
7 0 4 3  -0.0010378411
7 1 1 3  0.0009940776
7 1 3 3  -0.0000000001
7 1 5 3  -0.0010378411
7 2 0 3  -0.0000000001
7 2 2 3  -0.0018959572
7 2 4 3  0.0000000001
7 2 6 3  0.0004549205
7 3 1 3  -0.0000000001
7 3 3 3  -0.0018959572
7 3 5 3  0.0000000001
7 3 7 3  0.0004549205
7 4 0 3  -0.0010378411
7 4 2 3  0.0000000001
7 4 4 3  0.0009940776
7 4 6 3  -0.0000000001
7 5 1 3  -0.0010378411
7 5 3 3  0.0000000001
7 5 5 3  0.0009940776
7 5 7 3  -0.0000000001
7 6 2 3  0.0004549205
7 6 4 3  -0.0000000001
7 6 6 3  -0.0018959571
7 7 3 3  0.0004549205
7 7 5 3  -0.0000000001
7 7 7 3  -0.0018959571
7 0 0 5  0.0000000008
7 0 2 5  -0.0069404430
7 0 4 5  -0.0000000001
7 0 6 5  0.0006148273
7 1 1 5  0.0000000008
7 1 3 5  -0.0069404430
7 1 5 5  -0.0000000001
7 1 7 5  0.0006148273
7 2 0 5  -0.0069404430
7 2 2 5  0.0000000013
7 2 4 5  0.0018018027
7 2 6 5  -0.0000000001
7 3 1 5  -0.0069404430
7 3 3 5  0.0000000013
7 3 5 5  0.0018018027
7 3 7 5  -0.0000000001
7 4 0 5  -0.0000000001
7 4 2 5  0.0018018027
7 4 4 5  -0.0000000002
7 4 6 5  0.0368832688
7 5 1 5  -0.0000000001
7 5 3 5  0.0018018027
7 5 5 5  -0.0000000002
7 5 7 5  0.0368832688
7 6 0 5  0.0006148273
7 6 2 5  -0.0000000001
7 6 4 5  0.0368832688
7 6 6 5  0.0000000010
7 7 1 5  0.0006148273
7 7 3 5  -0.0000000001
7 7 5 5  0.0368832688
7 7 7 5  0.0000000010
7 0 0 7  0.1653933149
7 0 2 7  -0.0000000015
7 0 4 7  0.0019475627
7 0 6 7  0.0000000004
7 1 1 7  0.1653933149
7 1 3 7  -0.0000000015
7 1 5 7  0.0019475627
7 1 7 7  0.0000000004
7 2 0 7  -0.0000000015
7 2 2 7  0.1357794616
7 2 4 7  0.0000000002
7 2 6 7  -0.0018959571
7 3 1 7  -0.0000000015
7 3 3 7  0.1357794616
7 3 5 7  0.0000000002
7 3 7 7  -0.0018959571
7 4 0 7  0.0019475627
7 4 2 7  0.0000000002
7 4 4 7  0.3099911235
7 4 6 7  0.0000000010
7 5 1 7  0.0019475627
7 5 3 7  0.0000000002
7 5 5 7  0.3099911235
7 5 7 7  0.0000000010
7 6 0 7  0.0000000004
7 6 2 7  -0.0018959571
7 6 4 7  0.0000000010
7 6 6 7  0.3379363905
7 7 1 7  0.0000000004
7 7 3 7  -0.0018959571
7 7 5 7  0.0000000010
7 7 7 7  0.3379363905

 E(Ref) = -77.3835382939 Hartree, <S**2> = 2.0000
 E(FCI) = -77.7922309285 Hartree, <S**2> = -0.0000
