 MO Integrals with frozen core/virtual approximation

-72.31055116760474
0 0  -1.7841425794
0 2  -0.0000000041
0 4  -0.6960575731
0 6  0.0000000092
1 1  -1.7841425794
1 3  -0.0000000041
1 5  -0.6960575731
1 7  0.0000000092
2 0  -0.0000000041
2 2  -1.6275676080
2 4  0.0000000104
2 6  -0.1502887068
3 1  -0.0000000041
3 3  -1.6275676080
3 5  0.0000000104
3 7  -0.1502887068
4 0  -0.6960575731
4 2  0.0000000104
4 4  -1.7657129884
4 6  0.0000000029
5 1  -0.6960575731
5 3  0.0000000104
5 5  -1.7657129884
5 7  0.0000000029
6 0  0.0000000092
6 2  -0.1502887068
6 4  0.0000000029
6 6  -1.6275676072
7 1  0.0000000092
7 3  -0.1502887068
7 5  0.0000000029
7 7  -1.6275676072
0 0 0 0  0.2855982034
0 0 2 0  0.0000000055
0 0 4 0  0.0126020084
0 0 6 0  0.0000000011
0 1 1 0  0.2855982034
0 1 3 0  0.0000000055
0 1 5 0  0.0126020084
0 1 7 0  0.0000000011
0 2 0 0  0.0000000055
0 2 2 0  0.2892946941
0 2 4 0  -0.0000000005
0 2 6 0  0.0012380945
0 3 1 0  0.0000000055
0 3 3 0  0.2892946941
0 3 5 0  -0.0000000005
0 3 7 0  0.0012380945
0 4 0 0  0.0126020084
0 4 2 0  -0.0000000005
0 4 4 0  0.2156027714
0 4 6 0  0.0000000007
0 5 1 0  0.0126020084
0 5 3 0  -0.0000000005
0 5 5 0  0.2156027714
0 5 7 0  0.0000000007
0 6 0 0  0.0000000011
0 6 2 0  0.0012380945
0 6 4 0  0.0000000007
0 6 6 0  0.1994862469
0 7 1 0  0.0000000011
0 7 3 0  0.0012380945
0 7 5 0  0.0000000007
0 7 7 0  0.1994862469
0 0 0 2  0.0000000055
0 0 2 2  0.0564260093
0 0 4 2  -0.0000000005
0 0 6 2  0.0029701014
0 1 1 2  0.0000000055
0 1 3 2  0.0564260093
0 1 5 2  -0.0000000005
0 1 7 2  0.0029701014
0 2 0 2  0.0564260093
0 2 2 2  0.0000000002
0 2 4 2  0.0023676879
0 2 6 2  0.0000000003
0 3 1 2  0.0564260093
0 3 3 2  0.0000000002
0 3 5 2  0.0023676879
0 3 7 2  0.0000000003
0 4 0 2  -0.0000000005
0 4 2 2  0.0023676879
0 4 4 2  0.0000000014
0 4 6 2  0.0143818121
0 5 1 2  -0.0000000005
0 5 3 2  0.0023676879
0 5 5 2  0.0000000014
0 5 7 2  0.0143818121
0 6 0 2  0.0029701014
0 6 2 2  0.0000000003
0 6 4 2  0.0143818121
0 6 6 2  -0.0000000006
0 7 1 2  0.0029701014
0 7 3 2  0.0000000003
0 7 5 2  0.0143818121
0 7 7 2  -0.0000000006
0 0 0 4  0.0126020084
0 0 2 4  -0.0000000005
0 0 4 4  0.0001249206
0 0 6 4  0.0000000001
0 1 1 4  0.0126020084
0 1 3 4  -0.0000000005
0 1 5 4  0.0001249206
0 1 7 4  0.0000000001
0 2 0 4  -0.0000000005
0 2 2 4  0.0049928368
0 2 4 4  0.0000000004
0 2 6 4  0.0016009392
0 3 1 4  -0.0000000005
0 3 3 4  0.0049928368
0 3 5 4  0.0000000004
0 3 7 4  0.0016009392
0 4 0 4  0.0001249206
0 4 2 4  0.0000000004
0 4 4 4  0.0094865387
0 4 6 4  0.0000000003
0 5 1 4  0.0001249206
0 5 3 4  0.0000000004
0 5 5 4  0.0094865387
0 5 7 4  0.0000000003
0 6 0 4  0.0000000001
0 6 2 4  0.0016009392
0 6 4 4  0.0000000003
0 6 6 4  0.0049928385
0 7 1 4  0.0000000001
0 7 3 4  0.0016009392
0 7 5 4  0.0000000003
0 7 7 4  0.0049928385
0 0 0 6  0.0000000011
0 0 2 6  0.0029701014
0 0 4 6  0.0000000001
0 0 6 6  0.0016350368
0 1 1 6  0.0000000011
0 1 3 6  0.0029701014
0 1 5 6  0.0000000001
0 1 7 6  0.0016350368
0 2 0 6  0.0029701014
0 2 2 6  0.0000000009
0 2 4 6  0.0010104535
0 3 1 6  0.0029701014
0 3 3 6  0.0000000009
0 3 5 6  0.0010104535
0 4 0 6  0.0000000001
0 4 2 6  0.0010104535
0 4 4 6  0.0000000008
0 4 6 6  0.0023676889
0 5 1 6  0.0000000001
0 5 3 6  0.0010104535
0 5 5 6  0.0000000008
0 5 7 6  0.0023676889
0 6 0 6  0.0016350368
0 6 4 6  0.0023676889
0 6 6 6  0.0000000003
0 7 1 6  0.0016350368
0 7 5 6  0.0023676889
0 7 7 6  0.0000000003
1 0 0 1  0.2855982034
1 0 2 1  0.0000000055
1 0 4 1  0.0126020084
1 0 6 1  0.0000000011
1 1 1 1  0.2855982034
1 1 3 1  0.0000000055
1 1 5 1  0.0126020084
1 1 7 1  0.0000000011
1 2 0 1  0.0000000055
1 2 2 1  0.2892946941
1 2 4 1  -0.0000000005
1 2 6 1  0.0012380945
1 3 1 1  0.0000000055
1 3 3 1  0.2892946941
1 3 5 1  -0.0000000005
1 3 7 1  0.0012380945
1 4 0 1  0.0126020084
1 4 2 1  -0.0000000005
1 4 4 1  0.2156027714
1 4 6 1  0.0000000007
1 5 1 1  0.0126020084
1 5 3 1  -0.0000000005
1 5 5 1  0.2156027714
1 5 7 1  0.0000000007
1 6 0 1  0.0000000011
1 6 2 1  0.0012380945
1 6 4 1  0.0000000007
1 6 6 1  0.1994862469
1 7 1 1  0.0000000011
1 7 3 1  0.0012380945
1 7 5 1  0.0000000007
1 7 7 1  0.1994862469
1 0 0 3  0.0000000055
1 0 2 3  0.0564260093
1 0 4 3  -0.0000000005
1 0 6 3  0.0029701014
1 1 1 3  0.0000000055
1 1 3 3  0.0564260093
1 1 5 3  -0.0000000005
1 1 7 3  0.0029701014
1 2 0 3  0.0564260093
1 2 2 3  0.0000000002
1 2 4 3  0.0023676879
1 2 6 3  0.0000000003
1 3 1 3  0.0564260093
1 3 3 3  0.0000000002
1 3 5 3  0.0023676879
1 3 7 3  0.0000000003
1 4 0 3  -0.0000000005
1 4 2 3  0.0023676879
1 4 4 3  0.0000000014
1 4 6 3  0.0143818121
1 5 1 3  -0.0000000005
1 5 3 3  0.0023676879
1 5 5 3  0.0000000014
1 5 7 3  0.0143818121
1 6 0 3  0.0029701014
1 6 2 3  0.0000000003
1 6 4 3  0.0143818121
1 6 6 3  -0.0000000006
1 7 1 3  0.0029701014
1 7 3 3  0.0000000003
1 7 5 3  0.0143818121
1 7 7 3  -0.0000000006
1 0 0 5  0.0126020084
1 0 2 5  -0.0000000005
1 0 4 5  0.0001249206
1 0 6 5  0.0000000001
1 1 1 5  0.0126020084
1 1 3 5  -0.0000000005
1 1 5 5  0.0001249206
1 1 7 5  0.0000000001
1 2 0 5  -0.0000000005
1 2 2 5  0.0049928368
1 2 4 5  0.0000000004
1 2 6 5  0.0016009392
1 3 1 5  -0.0000000005
1 3 3 5  0.0049928368
1 3 5 5  0.0000000004
1 3 7 5  0.0016009392
1 4 0 5  0.0001249206
1 4 2 5  0.0000000004
1 4 4 5  0.0094865387
1 4 6 5  0.0000000003
1 5 1 5  0.0001249206
1 5 3 5  0.0000000004
1 5 5 5  0.0094865387
1 5 7 5  0.0000000003
1 6 0 5  0.0000000001
1 6 2 5  0.0016009392
1 6 4 5  0.0000000003
1 6 6 5  0.0049928385
1 7 1 5  0.0000000001
1 7 3 5  0.0016009392
1 7 5 5  0.0000000003
1 7 7 5  0.0049928385
1 0 0 7  0.0000000011
1 0 2 7  0.0029701014
1 0 4 7  0.0000000001
1 0 6 7  0.0016350368
1 1 1 7  0.0000000011
1 1 3 7  0.0029701014
1 1 5 7  0.0000000001
1 1 7 7  0.0016350368
1 2 0 7  0.0029701014
1 2 2 7  0.0000000009
1 2 4 7  0.0010104535
1 3 1 7  0.0029701014
1 3 3 7  0.0000000009
1 3 5 7  0.0010104535
1 4 0 7  0.0000000001
1 4 2 7  0.0010104535
1 4 4 7  0.0000000008
1 4 6 7  0.0023676889
1 5 1 7  0.0000000001
1 5 3 7  0.0010104535
1 5 5 7  0.0000000008
1 5 7 7  0.0023676889
1 6 0 7  0.0016350368
1 6 4 7  0.0023676889
1 6 6 7  0.0000000003
1 7 1 7  0.0016350368
1 7 5 7  0.0023676889
1 7 7 7  0.0000000003
2 0 0 0  0.0000000055
2 0 2 0  0.0564260093
2 0 4 0  -0.0000000005
2 0 6 0  0.0029701014
2 1 1 0  0.0000000055
2 1 3 0  0.0564260093
2 1 5 0  -0.0000000005
2 1 7 0  0.0029701014
2 2 0 0  0.0564260093
2 2 2 0  0.0000000002
2 2 4 0  0.0023676879
2 2 6 0  0.0000000003
2 3 1 0  0.0564260093
2 3 3 0  0.0000000002
2 3 5 0  0.0023676879
2 3 7 0  0.0000000003
2 4 0 0  -0.0000000005
2 4 2 0  0.0023676879
2 4 4 0  0.0000000014
2 4 6 0  0.0143818121
2 5 1 0  -0.0000000005
2 5 3 0  0.0023676879
2 5 5 0  0.0000000014
2 5 7 0  0.0143818121
2 6 0 0  0.0029701014
2 6 2 0  0.0000000003
2 6 4 0  0.0143818121
2 6 6 0  -0.0000000006
2 7 1 0  0.0029701014
2 7 3 0  0.0000000003
2 7 5 0  0.0143818121
2 7 7 0  -0.0000000006
2 0 0 2  0.2892946941
2 0 2 2  0.0000000002
2 0 4 2  0.0049928368
2 0 6 2  0.0000000009
2 1 1 2  0.2892946941
2 1 3 2  0.0000000002
2 1 5 2  0.0049928368
2 1 7 2  0.0000000009
2 2 0 2  0.0000000002
2 2 2 2  0.3428979894
2 2 4 2  -0.0000000012
2 2 6 2  -0.0018274226
2 3 1 2  0.0000000002
2 3 3 2  0.3428979894
2 3 5 2  -0.0000000012
2 3 7 2  -0.0018274226
2 4 0 2  0.0049928368
2 4 2 2  -0.0000000012
2 4 4 2  0.1994862471
2 4 6 2  -0.0000000009
2 5 1 2  0.0049928368
2 5 3 2  -0.0000000012
2 5 5 2  0.1994862471
2 5 7 2  -0.0000000009
2 6 0 2  0.0000000009
2 6 2 2  -0.0018274226
2 6 4 2  -0.0000000009
2 6 6 2  0.1735073408
2 7 1 2  0.0000000009
2 7 3 2  -0.0018274226
2 7 5 2  -0.0000000009
2 7 7 2  0.1735073408
2 0 0 4  -0.0000000005
2 0 2 4  0.0023676879
2 0 4 4  0.0000000004
2 0 6 4  0.0010104535
2 1 1 4  -0.0000000005
2 1 3 4  0.0023676879
2 1 5 4  0.0000000004
2 1 7 4  0.0010104535
2 2 0 4  0.0023676879
2 2 2 4  -0.0000000012
2 2 4 4  0.0016350368
2 2 6 4  0.0000000001
2 3 1 4  0.0023676879
2 3 3 4  -0.0000000012
2 3 5 4  0.0016350368
2 3 7 4  0.0000000001
2 4 0 4  0.0000000004
2 4 2 4  0.0016350368
2 4 4 4  0.0000000013
2 4 6 4  0.0029701011
2 5 1 4  0.0000000004
2 5 3 4  0.0016350368
2 5 5 4  0.0000000013
2 5 7 4  0.0029701011
2 6 0 4  0.0010104535
2 6 2 4  0.0000000001
2 6 4 4  0.0029701011
2 6 6 4  0.0000000013
2 7 1 4  0.0010104535
2 7 3 4  0.0000000001
2 7 5 4  0.0029701011
2 7 7 4  0.0000000013
2 0 0 6  0.0012380945
2 0 2 6  0.0000000003
2 0 4 6  0.0016009392
2 1 1 6  0.0012380945
2 1 3 6  0.0000000003
2 1 5 6  0.0016009392
2 2 0 6  0.0000000003
2 2 2 6  -0.0018274226
2 2 4 6  0.0000000001
2 2 6 6  0.0018314305
2 3 1 6  0.0000000003
2 3 3 6  -0.0018274226
2 3 5 6  0.0000000001
2 3 7 6  0.0018314305
2 4 0 6  0.0016009392
2 4 2 6  0.0000000001
2 4 4 6  0.0012380944
2 4 6 6  0.0000000003
2 5 1 6  0.0016009392
2 5 3 6  0.0000000001
2 5 5 6  0.0012380944
2 5 7 6  0.0000000003
2 6 2 6  0.0018314305
2 6 4 6  0.0000000003
2 6 6 6  -0.0018274226
2 7 3 6  0.0018314305
2 7 5 6  0.0000000003
2 7 7 6  -0.0018274226
3 0 0 1  0.0000000055
3 0 2 1  0.0564260093
3 0 4 1  -0.0000000005
3 0 6 1  0.0029701014
3 1 1 1  0.0000000055
3 1 3 1  0.0564260093
3 1 5 1  -0.0000000005
3 1 7 1  0.0029701014
3 2 0 1  0.0564260093
3 2 2 1  0.0000000002
3 2 4 1  0.0023676879
3 2 6 1  0.0000000003
3 3 1 1  0.0564260093
3 3 3 1  0.0000000002
3 3 5 1  0.0023676879
3 3 7 1  0.0000000003
3 4 0 1  -0.0000000005
3 4 2 1  0.0023676879
3 4 4 1  0.0000000014
3 4 6 1  0.0143818121
3 5 1 1  -0.0000000005
3 5 3 1  0.0023676879
3 5 5 1  0.0000000014
3 5 7 1  0.0143818121
3 6 0 1  0.0029701014
3 6 2 1  0.0000000003
3 6 4 1  0.0143818121
3 6 6 1  -0.0000000006
3 7 1 1  0.0029701014
3 7 3 1  0.0000000003
3 7 5 1  0.0143818121
3 7 7 1  -0.0000000006
3 0 0 3  0.2892946941
3 0 2 3  0.0000000002
3 0 4 3  0.0049928368
3 0 6 3  0.0000000009
3 1 1 3  0.2892946941
3 1 3 3  0.0000000002
3 1 5 3  0.0049928368
3 1 7 3  0.0000000009
3 2 0 3  0.0000000002
3 2 2 3  0.3428979894
3 2 4 3  -0.0000000012
3 2 6 3  -0.0018274226
3 3 1 3  0.0000000002
3 3 3 3  0.3428979894
3 3 5 3  -0.0000000012
3 3 7 3  -0.0018274226
3 4 0 3  0.0049928368
3 4 2 3  -0.0000000012
3 4 4 3  0.1994862471
3 4 6 3  -0.0000000009
3 5 1 3  0.0049928368
3 5 3 3  -0.0000000012
3 5 5 3  0.1994862471
3 5 7 3  -0.0000000009
3 6 0 3  0.0000000009
3 6 2 3  -0.0018274226
3 6 4 3  -0.0000000009
3 6 6 3  0.1735073408
3 7 1 3  0.0000000009
3 7 3 3  -0.0018274226
3 7 5 3  -0.0000000009
3 7 7 3  0.1735073408
3 0 0 5  -0.0000000005
3 0 2 5  0.0023676879
3 0 4 5  0.0000000004
3 0 6 5  0.0010104535
3 1 1 5  -0.0000000005
3 1 3 5  0.0023676879
3 1 5 5  0.0000000004
3 1 7 5  0.0010104535
3 2 0 5  0.0023676879
3 2 2 5  -0.0000000012
3 2 4 5  0.0016350368
3 2 6 5  0.0000000001
3 3 1 5  0.0023676879
3 3 3 5  -0.0000000012
3 3 5 5  0.0016350368
3 3 7 5  0.0000000001
3 4 0 5  0.0000000004
3 4 2 5  0.0016350368
3 4 4 5  0.0000000013
3 4 6 5  0.0029701011
3 5 1 5  0.0000000004
3 5 3 5  0.0016350368
3 5 5 5  0.0000000013
3 5 7 5  0.0029701011
3 6 0 5  0.0010104535
3 6 2 5  0.0000000001
3 6 4 5  0.0029701011
3 6 6 5  0.0000000013
3 7 1 5  0.0010104535
3 7 3 5  0.0000000001
3 7 5 5  0.0029701011
3 7 7 5  0.0000000013
3 0 0 7  0.0012380945
3 0 2 7  0.0000000003
3 0 4 7  0.0016009392
3 1 1 7  0.0012380945
3 1 3 7  0.0000000003
3 1 5 7  0.0016009392
3 2 0 7  0.0000000003
3 2 2 7  -0.0018274226
3 2 4 7  0.0000000001
3 2 6 7  0.0018314305
3 3 1 7  0.0000000003
3 3 3 7  -0.0018274226
3 3 5 7  0.0000000001
3 3 7 7  0.0018314305
3 4 0 7  0.0016009392
3 4 2 7  0.0000000001
3 4 4 7  0.0012380944
3 4 6 7  0.0000000003
3 5 1 7  0.0016009392
3 5 3 7  0.0000000001
3 5 5 7  0.0012380944
3 5 7 7  0.0000000003
3 6 2 7  0.0018314305
3 6 4 7  0.0000000003
3 6 6 7  -0.0018274226
3 7 3 7  0.0018314305
3 7 5 7  0.0000000003
3 7 7 7  -0.0018274226
4 0 0 0  0.0126020084
4 0 2 0  -0.0000000005
4 0 4 0  0.0001249206
4 0 6 0  0.0000000001
4 1 1 0  0.0126020084
4 1 3 0  -0.0000000005
4 1 5 0  0.0001249206
4 1 7 0  0.0000000001
4 2 0 0  -0.0000000005
4 2 2 0  0.0049928368
4 2 4 0  0.0000000004
4 2 6 0  0.0016009392
4 3 1 0  -0.0000000005
4 3 3 0  0.0049928368
4 3 5 0  0.0000000004
4 3 7 0  0.0016009392
4 4 0 0  0.0001249206
4 4 2 0  0.0000000004
4 4 4 0  0.0094865387
4 4 6 0  0.0000000003
4 5 1 0  0.0001249206
4 5 3 0  0.0000000004
4 5 5 0  0.0094865387
4 5 7 0  0.0000000003
4 6 0 0  0.0000000001
4 6 2 0  0.0016009392
4 6 4 0  0.0000000003
4 6 6 0  0.0049928385
4 7 1 0  0.0000000001
4 7 3 0  0.0016009392
4 7 5 0  0.0000000003
4 7 7 0  0.0049928385
4 0 0 2  -0.0000000005
4 0 2 2  0.0023676879
4 0 4 2  0.0000000004
4 0 6 2  0.0010104535
4 1 1 2  -0.0000000005
4 1 3 2  0.0023676879
4 1 5 2  0.0000000004
4 1 7 2  0.0010104535
4 2 0 2  0.0023676879
4 2 2 2  -0.0000000012
4 2 4 2  0.0016350368
4 2 6 2  0.0000000001
4 3 1 2  0.0023676879
4 3 3 2  -0.0000000012
4 3 5 2  0.0016350368
4 3 7 2  0.0000000001
4 4 0 2  0.0000000004
4 4 2 2  0.0016350368
4 4 4 2  0.0000000013
4 4 6 2  0.0029701011
4 5 1 2  0.0000000004
4 5 3 2  0.0016350368
4 5 5 2  0.0000000013
4 5 7 2  0.0029701011
4 6 0 2  0.0010104535
4 6 2 2  0.0000000001
4 6 4 2  0.0029701011
4 6 6 2  0.0000000013
4 7 1 2  0.0010104535
4 7 3 2  0.0000000001
4 7 5 2  0.0029701011
4 7 7 2  0.0000000013
4 0 0 4  0.2156027714
4 0 2 4  0.0000000014
4 0 4 4  0.0094865387
4 0 6 4  0.0000000008
4 1 1 4  0.2156027714
4 1 3 4  0.0000000014
4 1 5 4  0.0094865387
4 1 7 4  0.0000000008
4 2 0 4  0.0000000014
4 2 2 4  0.1994862471
4 2 4 4  0.0000000013
4 2 6 4  0.0012380944
4 3 1 4  0.0000000014
4 3 3 4  0.1994862471
4 3 5 4  0.0000000013
4 3 7 4  0.0012380944
4 4 0 4  0.0094865387
4 4 2 4  0.0000000013
4 4 4 4  0.2923547848
4 4 6 4  0.0000000035
4 5 1 4  0.0094865387
4 5 3 4  0.0000000013
4 5 5 4  0.2923547848
4 5 7 4  0.0000000035
4 6 0 4  0.0000000008
4 6 2 4  0.0012380944
4 6 4 4  0.0000000035
4 6 6 4  0.2892946941
4 7 1 4  0.0000000008
4 7 3 4  0.0012380944
4 7 5 4  0.0000000035
4 7 7 4  0.2892946941
4 0 0 6  0.0000000007
4 0 2 6  0.0143818121
4 0 4 6  0.0000000003
4 0 6 6  0.0023676889
4 1 1 6  0.0000000007
4 1 3 6  0.0143818121
4 1 5 6  0.0000000003
4 1 7 6  0.0023676889
4 2 0 6  0.0143818121
4 2 2 6  -0.0000000009
4 2 4 6  0.0029701011
4 2 6 6  0.0000000003
4 3 1 6  0.0143818121
4 3 3 6  -0.0000000009
4 3 5 6  0.0029701011
4 3 7 6  0.0000000003
4 4 0 6  0.0000000003
4 4 2 6  0.0029701011
4 4 4 6  0.0000000035
4 4 6 6  0.0564260095
4 5 1 6  0.0000000003
4 5 3 6  0.0029701011
4 5 5 6  0.0000000035
4 5 7 6  0.0564260095
4 6 0 6  0.0023676889
4 6 2 6  0.0000000003
4 6 4 6  0.0564260095
4 6 6 6  0.0000000006
4 7 1 6  0.0023676889
4 7 3 6  0.0000000003
4 7 5 6  0.0564260095
4 7 7 6  0.0000000006
5 0 0 1  0.0126020084
5 0 2 1  -0.0000000005
5 0 4 1  0.0001249206
5 0 6 1  0.0000000001
5 1 1 1  0.0126020084
5 1 3 1  -0.0000000005
5 1 5 1  0.0001249206
5 1 7 1  0.0000000001
5 2 0 1  -0.0000000005
5 2 2 1  0.0049928368
5 2 4 1  0.0000000004
5 2 6 1  0.0016009392
5 3 1 1  -0.0000000005
5 3 3 1  0.0049928368
5 3 5 1  0.0000000004
5 3 7 1  0.0016009392
5 4 0 1  0.0001249206
5 4 2 1  0.0000000004
5 4 4 1  0.0094865387
5 4 6 1  0.0000000003
5 5 1 1  0.0001249206
5 5 3 1  0.0000000004
5 5 5 1  0.0094865387
5 5 7 1  0.0000000003
5 6 0 1  0.0000000001
5 6 2 1  0.0016009392
5 6 4 1  0.0000000003
5 6 6 1  0.0049928385
5 7 1 1  0.0000000001
5 7 3 1  0.0016009392
5 7 5 1  0.0000000003
5 7 7 1  0.0049928385
5 0 0 3  -0.0000000005
5 0 2 3  0.0023676879
5 0 4 3  0.0000000004
5 0 6 3  0.0010104535
5 1 1 3  -0.0000000005
5 1 3 3  0.0023676879
5 1 5 3  0.0000000004
5 1 7 3  0.0010104535
5 2 0 3  0.0023676879
5 2 2 3  -0.0000000012
5 2 4 3  0.0016350368
5 2 6 3  0.0000000001
5 3 1 3  0.0023676879
5 3 3 3  -0.0000000012
5 3 5 3  0.0016350368
5 3 7 3  0.0000000001
5 4 0 3  0.0000000004
5 4 2 3  0.0016350368
5 4 4 3  0.0000000013
5 4 6 3  0.0029701011
5 5 1 3  0.0000000004
5 5 3 3  0.0016350368
5 5 5 3  0.0000000013
5 5 7 3  0.0029701011
5 6 0 3  0.0010104535
5 6 2 3  0.0000000001
5 6 4 3  0.0029701011
5 6 6 3  0.0000000013
5 7 1 3  0.0010104535
5 7 3 3  0.0000000001
5 7 5 3  0.0029701011
5 7 7 3  0.0000000013
5 0 0 5  0.2156027714
5 0 2 5  0.0000000014
5 0 4 5  0.0094865387
5 0 6 5  0.0000000008
5 1 1 5  0.2156027714
5 1 3 5  0.0000000014
5 1 5 5  0.0094865387
5 1 7 5  0.0000000008
5 2 0 5  0.0000000014
5 2 2 5  0.1994862471
5 2 4 5  0.0000000013
5 2 6 5  0.0012380944
5 3 1 5  0.0000000014
5 3 3 5  0.1994862471
5 3 5 5  0.0000000013
5 3 7 5  0.0012380944
5 4 0 5  0.0094865387
5 4 2 5  0.0000000013
5 4 4 5  0.2923547848
5 4 6 5  0.0000000035
5 5 1 5  0.0094865387
5 5 3 5  0.0000000013
5 5 5 5  0.2923547848
5 5 7 5  0.0000000035
5 6 0 5  0.0000000008
5 6 2 5  0.0012380944
5 6 4 5  0.0000000035
5 6 6 5  0.2892946941
5 7 1 5  0.0000000008
5 7 3 5  0.0012380944
5 7 5 5  0.0000000035
5 7 7 5  0.2892946941
5 0 0 7  0.0000000007
5 0 2 7  0.0143818121
5 0 4 7  0.0000000003
5 0 6 7  0.0023676889
5 1 1 7  0.0000000007
5 1 3 7  0.0143818121
5 1 5 7  0.0000000003
5 1 7 7  0.0023676889
5 2 0 7  0.0143818121
5 2 2 7  -0.0000000009
5 2 4 7  0.0029701011
5 2 6 7  0.0000000003
5 3 1 7  0.0143818121
5 3 3 7  -0.0000000009
5 3 5 7  0.0029701011
5 3 7 7  0.0000000003
5 4 0 7  0.0000000003
5 4 2 7  0.0029701011
5 4 4 7  0.0000000035
5 4 6 7  0.0564260095
5 5 1 7  0.0000000003
5 5 3 7  0.0029701011
5 5 5 7  0.0000000035
5 5 7 7  0.0564260095
5 6 0 7  0.0023676889
5 6 2 7  0.0000000003
5 6 4 7  0.0564260095
5 6 6 7  0.0000000006
5 7 1 7  0.0023676889
5 7 3 7  0.0000000003
5 7 5 7  0.0564260095
5 7 7 7  0.0000000006
6 0 0 0  0.0000000011
6 0 2 0  0.0029701014
6 0 4 0  0.0000000001
6 0 6 0  0.0016350368
6 1 1 0  0.0000000011
6 1 3 0  0.0029701014
6 1 5 0  0.0000000001
6 1 7 0  0.0016350368
6 2 0 0  0.0029701014
6 2 2 0  0.0000000009
6 2 4 0  0.0010104535
6 3 1 0  0.0029701014
6 3 3 0  0.0000000009
6 3 5 0  0.0010104535
6 4 0 0  0.0000000001
6 4 2 0  0.0010104535
6 4 4 0  0.0000000008
6 4 6 0  0.0023676889
6 5 1 0  0.0000000001
6 5 3 0  0.0010104535
6 5 5 0  0.0000000008
6 5 7 0  0.0023676889
6 6 0 0  0.0016350368
6 6 4 0  0.0023676889
6 6 6 0  0.0000000003
6 7 1 0  0.0016350368
6 7 5 0  0.0023676889
6 7 7 0  0.0000000003
6 0 0 2  0.0012380945
6 0 2 2  0.0000000003
6 0 4 2  0.0016009392
6 1 1 2  0.0012380945
6 1 3 2  0.0000000003
6 1 5 2  0.0016009392
6 2 0 2  0.0000000003
6 2 2 2  -0.0018274226
6 2 4 2  0.0000000001
6 2 6 2  0.0018314305
6 3 1 2  0.0000000003
6 3 3 2  -0.0018274226
6 3 5 2  0.0000000001
6 3 7 2  0.0018314305
6 4 0 2  0.0016009392
6 4 2 2  0.0000000001
6 4 4 2  0.0012380944
6 4 6 2  0.0000000003
6 5 1 2  0.0016009392
6 5 3 2  0.0000000001
6 5 5 2  0.0012380944
6 5 7 2  0.0000000003
6 6 2 2  0.0018314305
6 6 4 2  0.0000000003
6 6 6 2  -0.0018274226
6 7 3 2  0.0018314305
6 7 5 2  0.0000000003
6 7 7 2  -0.0018274226
6 0 0 4  0.0000000007
6 0 2 4  0.0143818121
6 0 4 4  0.0000000003
6 0 6 4  0.0023676889
6 1 1 4  0.0000000007
6 1 3 4  0.0143818121
6 1 5 4  0.0000000003
6 1 7 4  0.0023676889
6 2 0 4  0.0143818121
6 2 2 4  -0.0000000009
6 2 4 4  0.0029701011
6 2 6 4  0.0000000003
6 3 1 4  0.0143818121
6 3 3 4  -0.0000000009
6 3 5 4  0.0029701011
6 3 7 4  0.0000000003
6 4 0 4  0.0000000003
6 4 2 4  0.0029701011
6 4 4 4  0.0000000035
6 4 6 4  0.0564260095
6 5 1 4  0.0000000003
6 5 3 4  0.0029701011
6 5 5 4  0.0000000035
6 5 7 4  0.0564260095
6 6 0 4  0.0023676889
6 6 2 4  0.0000000003
6 6 4 4  0.0564260095
6 6 6 4  0.0000000006
6 7 1 4  0.0023676889
6 7 3 4  0.0000000003
6 7 5 4  0.0564260095
6 7 7 4  0.0000000006
6 0 0 6  0.1994862469
6 0 2 6  -0.0000000006
6 0 4 6  0.0049928385
6 0 6 6  0.0000000003
6 1 1 6  0.1994862469
6 1 3 6  -0.0000000006
6 1 5 6  0.0049928385
6 1 7 6  0.0000000003
6 2 0 6  -0.0000000006
6 2 2 6  0.1735073408
6 2 4 6  0.0000000013
6 2 6 6  -0.0018274226
6 3 1 6  -0.0000000006
6 3 3 6  0.1735073408
6 3 5 6  0.0000000013
6 3 7 6  -0.0018274226
6 4 0 6  0.0049928385
6 4 2 6  0.0000000013
6 4 4 6  0.2892946941
6 4 6 6  0.0000000006
6 5 1 6  0.0049928385
6 5 3 6  0.0000000013
6 5 5 6  0.2892946941
6 5 7 6  0.0000000006
6 6 0 6  0.0000000003
6 6 2 6  -0.0018274226
6 6 4 6  0.0000000006
6 6 6 6  0.3428979894
6 7 1 6  0.0000000003
6 7 3 6  -0.0018274226
6 7 5 6  0.0000000006
6 7 7 6  0.3428979894
7 0 0 1  0.0000000011
7 0 2 1  0.0029701014
7 0 4 1  0.0000000001
7 0 6 1  0.0016350368
7 1 1 1  0.0000000011
7 1 3 1  0.0029701014
7 1 5 1  0.0000000001
7 1 7 1  0.0016350368
7 2 0 1  0.0029701014
7 2 2 1  0.0000000009
7 2 4 1  0.0010104535
7 3 1 1  0.0029701014
7 3 3 1  0.0000000009
7 3 5 1  0.0010104535
7 4 0 1  0.0000000001
7 4 2 1  0.0010104535
7 4 4 1  0.0000000008
7 4 6 1  0.0023676889
7 5 1 1  0.0000000001
7 5 3 1  0.0010104535
7 5 5 1  0.0000000008
7 5 7 1  0.0023676889
7 6 0 1  0.0016350368
7 6 4 1  0.0023676889
7 6 6 1  0.0000000003
7 7 1 1  0.0016350368
7 7 5 1  0.0023676889
7 7 7 1  0.0000000003
7 0 0 3  0.0012380945
7 0 2 3  0.0000000003
7 0 4 3  0.0016009392
7 1 1 3  0.0012380945
7 1 3 3  0.0000000003
7 1 5 3  0.0016009392
7 2 0 3  0.0000000003
7 2 2 3  -0.0018274226
7 2 4 3  0.0000000001
7 2 6 3  0.0018314305
7 3 1 3  0.0000000003
7 3 3 3  -0.0018274226
7 3 5 3  0.0000000001
7 3 7 3  0.0018314305
7 4 0 3  0.0016009392
7 4 2 3  0.0000000001
7 4 4 3  0.0012380944
7 4 6 3  0.0000000003
7 5 1 3  0.0016009392
7 5 3 3  0.0000000001
7 5 5 3  0.0012380944
7 5 7 3  0.0000000003
7 6 2 3  0.0018314305
7 6 4 3  0.0000000003
7 6 6 3  -0.0018274226
7 7 3 3  0.0018314305
7 7 5 3  0.0000000003
7 7 7 3  -0.0018274226
7 0 0 5  0.0000000007
7 0 2 5  0.0143818121
7 0 4 5  0.0000000003
7 0 6 5  0.0023676889
7 1 1 5  0.0000000007
7 1 3 5  0.0143818121
7 1 5 5  0.0000000003
7 1 7 5  0.0023676889
7 2 0 5  0.0143818121
7 2 2 5  -0.0000000009
7 2 4 5  0.0029701011
7 2 6 5  0.0000000003
7 3 1 5  0.0143818121
7 3 3 5  -0.0000000009
7 3 5 5  0.0029701011
7 3 7 5  0.0000000003
7 4 0 5  0.0000000003
7 4 2 5  0.0029701011
7 4 4 5  0.0000000035
7 4 6 5  0.0564260095
7 5 1 5  0.0000000003
7 5 3 5  0.0029701011
7 5 5 5  0.0000000035
7 5 7 5  0.0564260095
7 6 0 5  0.0023676889
7 6 2 5  0.0000000003
7 6 4 5  0.0564260095
7 6 6 5  0.0000000006
7 7 1 5  0.0023676889
7 7 3 5  0.0000000003
7 7 5 5  0.0564260095
7 7 7 5  0.0000000006
7 0 0 7  0.1994862469
7 0 2 7  -0.0000000006
7 0 4 7  0.0049928385
7 0 6 7  0.0000000003
7 1 1 7  0.1994862469
7 1 3 7  -0.0000000006
7 1 5 7  0.0049928385
7 1 7 7  0.0000000003
7 2 0 7  -0.0000000006
7 2 2 7  0.1735073408
7 2 4 7  0.0000000013
7 2 6 7  -0.0018274226
7 3 1 7  -0.0000000006
7 3 3 7  0.1735073408
7 3 5 7  0.0000000013
7 3 7 7  -0.0018274226
7 4 0 7  0.0049928385
7 4 2 7  0.0000000013
7 4 4 7  0.2892946941
7 4 6 7  0.0000000006
7 5 1 7  0.0049928385
7 5 3 7  0.0000000013
7 5 5 7  0.2892946941
7 5 7 7  0.0000000006
7 6 0 7  0.0000000003
7 6 2 7  -0.0018274226
7 6 4 7  0.0000000006
7 6 6 7  0.3428979894
7 7 1 7  0.0000000003
7 7 3 7  -0.0018274226
7 7 5 7  0.0000000006
7 7 7 7  0.3428979894

 E(Ref) = -76.6079019994 Hartree, <S**2> = 2.0000
 E(FCI) = -77.9531224356 Hartree, <S**2> = 0.0000
