 MO Integrals with frozen core/virtual approximation

-73.4258264008149
0 0  -1.7191515026
0 2  -0.0000000051
0 4  0.2349623028
0 6  -0.0000000101
1 1  -1.7191515026
1 3  -0.0000000051
1 5  0.2349623028
1 7  -0.0000000101
2 0  -0.0000000051
2 2  -1.4855392488
2 4  0.0000000076
2 6  -0.0480461786
3 1  -0.0000000051
3 3  -1.4855392488
3 5  0.0000000076
3 7  -0.0480461786
4 0  0.2349623028
4 2  0.0000000076
4 4  -1.7191515026
4 6  0.0000000110
5 1  0.2349623028
5 3  0.0000000076
5 5  -1.7191515026
5 7  0.0000000110
6 0  -0.0000000101
6 2  -0.0480461786
6 4  0.0000000110
6 6  -1.4855392500
7 1  -0.0000000101
7 3  -0.0480461786
7 5  0.0000000110
7 7  -1.4855392500
0 0 0 0  0.3760462650
0 0 2 0  -0.0000000007
0 0 4 0  -0.0027948600
0 0 6 0  0.0000000005
0 1 1 0  0.3760462650
0 1 3 0  -0.0000000007
0 1 5 0  -0.0027948600
0 1 7 0  0.0000000005
0 2 0 0  -0.0000000007
0 2 2 0  0.3073179756
0 2 4 0  0.0000000005
0 2 6 0  0.0006755968
0 3 1 0  -0.0000000007
0 3 3 0  0.3073179756
0 3 5 0  0.0000000005
0 3 7 0  0.0006755968
0 4 0 0  -0.0027948600
0 4 2 0  0.0000000005
0 4 4 0  0.2015301425
0 4 6 0  -0.0000000017
0 5 1 0  -0.0027948600
0 5 3 0  0.0000000005
0 5 5 0  0.2015301425
0 5 7 0  -0.0000000017
0 6 0 0  0.0000000005
0 6 2 0  0.0006755968
0 6 4 0  -0.0000000017
0 6 6 0  0.1568439759
0 7 1 0  0.0000000005
0 7 3 0  0.0006755968
0 7 5 0  -0.0000000017
0 7 7 0  0.1568439759
0 0 0 2  -0.0000000007
0 0 2 2  0.0343275004
0 0 6 2  0.0013801584
0 1 1 2  -0.0000000007
0 1 3 2  0.0343275004
0 1 7 2  0.0013801584
0 2 0 2  0.0343275004
0 2 2 2  0.0000000006
0 2 4 2  0.0010604707
0 3 1 2  0.0343275004
0 3 3 2  0.0000000006
0 3 5 2  0.0010604707
0 4 2 2  0.0010604707
0 4 4 2  0.0000000008
0 4 6 2  -0.0057290006
0 5 3 2  0.0010604707
0 5 5 2  0.0000000008
0 5 7 2  -0.0057290006
0 6 0 2  0.0013801584
0 6 4 2  -0.0057290006
0 6 6 2  0.0000000013
0 7 1 2  0.0013801584
0 7 5 2  -0.0057290006
0 7 7 2  0.0000000013
0 0 0 4  -0.0027948600
0 0 4 4  0.0036578153
0 0 6 4  -0.0000000001
0 1 1 4  -0.0027948600
0 1 5 4  0.0036578153
0 1 7 4  -0.0000000001
0 2 2 4  0.0029511777
0 2 4 4  0.0000000001
0 2 6 4  -0.0007959121
0 3 3 4  0.0029511777
0 3 5 4  0.0000000001
0 3 7 4  -0.0007959121
0 4 0 4  0.0036578153
0 4 2 4  0.0000000001
0 4 4 4  -0.0027948601
0 4 6 4  0.0000000002
0 5 1 4  0.0036578153
0 5 3 4  0.0000000001
0 5 5 4  -0.0027948601
0 5 7 4  0.0000000002
0 6 0 4  -0.0000000001
0 6 2 4  -0.0007959121
0 6 4 4  0.0000000002
0 6 6 4  0.0029511776
0 7 1 4  -0.0000000001
0 7 3 4  -0.0007959121
0 7 5 4  0.0000000002
0 7 7 4  0.0029511776
0 0 0 6  0.0000000005
0 0 2 6  0.0013801584
0 0 4 6  -0.0000000001
0 0 6 6  0.0005084068
0 1 1 6  0.0000000005
0 1 3 6  0.0013801584
0 1 5 6  -0.0000000001
0 1 7 6  0.0005084068
0 2 0 6  0.0013801584
0 2 2 6  0.0000000004
0 2 4 6  -0.0002849084
0 3 1 6  0.0013801584
0 3 3 6  0.0000000004
0 3 5 6  -0.0002849084
0 4 0 6  -0.0000000001
0 4 2 6  -0.0002849084
0 4 4 6  0.0000000002
0 4 6 6  0.0010604707
0 5 1 6  -0.0000000001
0 5 3 6  -0.0002849084
0 5 5 6  0.0000000002
0 5 7 6  0.0010604707
0 6 0 6  0.0005084068
0 6 4 6  0.0010604707
0 6 6 6  -0.0000000003
0 7 1 6  0.0005084068
0 7 5 6  0.0010604707
0 7 7 6  -0.0000000003
1 0 0 1  0.3760462650
1 0 2 1  -0.0000000007
1 0 4 1  -0.0027948600
1 0 6 1  0.0000000005
1 1 1 1  0.3760462650
1 1 3 1  -0.0000000007
1 1 5 1  -0.0027948600
1 1 7 1  0.0000000005
1 2 0 1  -0.0000000007
1 2 2 1  0.3073179756
1 2 4 1  0.0000000005
1 2 6 1  0.0006755968
1 3 1 1  -0.0000000007
1 3 3 1  0.3073179756
1 3 5 1  0.0000000005
1 3 7 1  0.0006755968
1 4 0 1  -0.0027948600
1 4 2 1  0.0000000005
1 4 4 1  0.2015301425
1 4 6 1  -0.0000000017
1 5 1 1  -0.0027948600
1 5 3 1  0.0000000005
1 5 5 1  0.2015301425
1 5 7 1  -0.0000000017
1 6 0 1  0.0000000005
1 6 2 1  0.0006755968
1 6 4 1  -0.0000000017
1 6 6 1  0.1568439759
1 7 1 1  0.0000000005
1 7 3 1  0.0006755968
1 7 5 1  -0.0000000017
1 7 7 1  0.1568439759
1 0 0 3  -0.0000000007
1 0 2 3  0.0343275004
1 0 6 3  0.0013801584
1 1 1 3  -0.0000000007
1 1 3 3  0.0343275004
1 1 7 3  0.0013801584
1 2 0 3  0.0343275004
1 2 2 3  0.0000000006
1 2 4 3  0.0010604707
1 3 1 3  0.0343275004
1 3 3 3  0.0000000006
1 3 5 3  0.0010604707
1 4 2 3  0.0010604707
1 4 4 3  0.0000000008
1 4 6 3  -0.0057290006
1 5 3 3  0.0010604707
1 5 5 3  0.0000000008
1 5 7 3  -0.0057290006
1 6 0 3  0.0013801584
1 6 4 3  -0.0057290006
1 6 6 3  0.0000000013
1 7 1 3  0.0013801584
1 7 5 3  -0.0057290006
1 7 7 3  0.0000000013
1 0 0 5  -0.0027948600
1 0 4 5  0.0036578153
1 0 6 5  -0.0000000001
1 1 1 5  -0.0027948600
1 1 5 5  0.0036578153
1 1 7 5  -0.0000000001
1 2 2 5  0.0029511777
1 2 4 5  0.0000000001
1 2 6 5  -0.0007959121
1 3 3 5  0.0029511777
1 3 5 5  0.0000000001
1 3 7 5  -0.0007959121
1 4 0 5  0.0036578153
1 4 2 5  0.0000000001
1 4 4 5  -0.0027948601
1 4 6 5  0.0000000002
1 5 1 5  0.0036578153
1 5 3 5  0.0000000001
1 5 5 5  -0.0027948601
1 5 7 5  0.0000000002
1 6 0 5  -0.0000000001
1 6 2 5  -0.0007959121
1 6 4 5  0.0000000002
1 6 6 5  0.0029511776
1 7 1 5  -0.0000000001
1 7 3 5  -0.0007959121
1 7 5 5  0.0000000002
1 7 7 5  0.0029511776
1 0 0 7  0.0000000005
1 0 2 7  0.0013801584
1 0 4 7  -0.0000000001
1 0 6 7  0.0005084068
1 1 1 7  0.0000000005
1 1 3 7  0.0013801584
1 1 5 7  -0.0000000001
1 1 7 7  0.0005084068
1 2 0 7  0.0013801584
1 2 2 7  0.0000000004
1 2 4 7  -0.0002849084
1 3 1 7  0.0013801584
1 3 3 7  0.0000000004
1 3 5 7  -0.0002849084
1 4 0 7  -0.0000000001
1 4 2 7  -0.0002849084
1 4 4 7  0.0000000002
1 4 6 7  0.0010604707
1 5 1 7  -0.0000000001
1 5 3 7  -0.0002849084
1 5 5 7  0.0000000002
1 5 7 7  0.0010604707
1 6 0 7  0.0005084068
1 6 4 7  0.0010604707
1 6 6 7  -0.0000000003
1 7 1 7  0.0005084068
1 7 5 7  0.0010604707
1 7 7 7  -0.0000000003
2 0 0 0  -0.0000000007
2 0 2 0  0.0343275004
2 0 6 0  0.0013801584
2 1 1 0  -0.0000000007
2 1 3 0  0.0343275004
2 1 7 0  0.0013801584
2 2 0 0  0.0343275004
2 2 2 0  0.0000000006
2 2 4 0  0.0010604707
2 3 1 0  0.0343275004
2 3 3 0  0.0000000006
2 3 5 0  0.0010604707
2 4 2 0  0.0010604707
2 4 4 0  0.0000000008
2 4 6 0  -0.0057290006
2 5 3 0  0.0010604707
2 5 5 0  0.0000000008
2 5 7 0  -0.0057290006
2 6 0 0  0.0013801584
2 6 4 0  -0.0057290006
2 6 6 0  0.0000000013
2 7 1 0  0.0013801584
2 7 5 0  -0.0057290006
2 7 7 0  0.0000000013
2 0 0 2  0.3073179756
2 0 2 2  0.0000000006
2 0 4 2  0.0029511777
2 0 6 2  0.0000000004
2 1 1 2  0.3073179756
2 1 3 2  0.0000000006
2 1 5 2  0.0029511777
2 1 7 2  0.0000000004
2 2 0 2  0.0000000006
2 2 2 2  0.3375398088
2 2 4 2  0.0000000012
2 2 6 2  -0.0017625317
2 3 1 2  0.0000000006
2 3 3 2  0.3375398088
2 3 5 2  0.0000000012
2 3 7 2  -0.0017625317
2 4 0 2  0.0029511777
2 4 2 2  0.0000000012
2 4 4 2  0.1568439759
2 4 6 2  -0.0000000017
2 5 1 2  0.0029511777
2 5 3 2  0.0000000012
2 5 5 2  0.1568439759
2 5 7 2  -0.0000000017
2 6 0 2  0.0000000004
2 6 2 2  -0.0017625317
2 6 4 2  -0.0000000017
2 6 6 2  0.1297043270
2 7 1 2  0.0000000004
2 7 3 2  -0.0017625317
2 7 5 2  -0.0000000017
2 7 7 2  0.1297043270
2 0 0 4  0.0000000005
2 0 2 4  0.0010604707
2 0 4 4  0.0000000001
2 0 6 4  -0.0002849084
2 1 1 4  0.0000000005
2 1 3 4  0.0010604707
2 1 5 4  0.0000000001
2 1 7 4  -0.0002849084
2 2 0 4  0.0010604707
2 2 2 4  0.0000000012
2 2 4 4  0.0005084068
2 2 6 4  -0.0000000001
2 3 1 4  0.0010604707
2 3 3 4  0.0000000012
2 3 5 4  0.0005084068
2 3 7 4  -0.0000000001
2 4 0 4  0.0000000001
2 4 2 4  0.0005084068
2 4 4 4  -0.0000000015
2 4 6 4  0.0013801584
2 5 1 4  0.0000000001
2 5 3 4  0.0005084068
2 5 5 4  -0.0000000015
2 5 7 4  0.0013801584
2 6 0 4  -0.0002849084
2 6 2 4  -0.0000000001
2 6 4 4  0.0013801584
2 6 6 4  -0.0000000014
2 7 1 4  -0.0002849084
2 7 3 4  -0.0000000001
2 7 5 4  0.0013801584
2 7 7 4  -0.0000000014
2 0 0 6  0.0006755968
2 0 4 6  -0.0007959121
2 1 1 6  0.0006755968
2 1 5 6  -0.0007959121
2 2 2 6  -0.0017625317
2 2 4 6  -0.0000000001
2 2 6 6  0.0003262786
2 3 3 6  -0.0017625317
2 3 5 6  -0.0000000001
2 3 7 6  0.0003262786
2 4 0 6  -0.0007959121
2 4 2 6  -0.0000000001
2 4 4 6  0.0006755967
2 4 6 6  -0.0000000004
2 5 1 6  -0.0007959121
2 5 3 6  -0.0000000001
2 5 5 6  0.0006755967
2 5 7 6  -0.0000000004
2 6 2 6  0.0003262786
2 6 4 6  -0.0000000004
2 6 6 6  -0.0017625319
2 7 3 6  0.0003262786
2 7 5 6  -0.0000000004
2 7 7 6  -0.0017625319
3 0 0 1  -0.0000000007
3 0 2 1  0.0343275004
3 0 6 1  0.0013801584
3 1 1 1  -0.0000000007
3 1 3 1  0.0343275004
3 1 7 1  0.0013801584
3 2 0 1  0.0343275004
3 2 2 1  0.0000000006
3 2 4 1  0.0010604707
3 3 1 1  0.0343275004
3 3 3 1  0.0000000006
3 3 5 1  0.0010604707
3 4 2 1  0.0010604707
3 4 4 1  0.0000000008
3 4 6 1  -0.0057290006
3 5 3 1  0.0010604707
3 5 5 1  0.0000000008
3 5 7 1  -0.0057290006
3 6 0 1  0.0013801584
3 6 4 1  -0.0057290006
3 6 6 1  0.0000000013
3 7 1 1  0.0013801584
3 7 5 1  -0.0057290006
3 7 7 1  0.0000000013
3 0 0 3  0.3073179756
3 0 2 3  0.0000000006
3 0 4 3  0.0029511777
3 0 6 3  0.0000000004
3 1 1 3  0.3073179756
3 1 3 3  0.0000000006
3 1 5 3  0.0029511777
3 1 7 3  0.0000000004
3 2 0 3  0.0000000006
3 2 2 3  0.3375398088
3 2 4 3  0.0000000012
3 2 6 3  -0.0017625317
3 3 1 3  0.0000000006
3 3 3 3  0.3375398088
3 3 5 3  0.0000000012
3 3 7 3  -0.0017625317
3 4 0 3  0.0029511777
3 4 2 3  0.0000000012
3 4 4 3  0.1568439759
3 4 6 3  -0.0000000017
3 5 1 3  0.0029511777
3 5 3 3  0.0000000012
3 5 5 3  0.1568439759
3 5 7 3  -0.0000000017
3 6 0 3  0.0000000004
3 6 2 3  -0.0017625317
3 6 4 3  -0.0000000017
3 6 6 3  0.1297043270
3 7 1 3  0.0000000004
3 7 3 3  -0.0017625317
3 7 5 3  -0.0000000017
3 7 7 3  0.1297043270
3 0 0 5  0.0000000005
3 0 2 5  0.0010604707
3 0 4 5  0.0000000001
3 0 6 5  -0.0002849084
3 1 1 5  0.0000000005
3 1 3 5  0.0010604707
3 1 5 5  0.0000000001
3 1 7 5  -0.0002849084
3 2 0 5  0.0010604707
3 2 2 5  0.0000000012
3 2 4 5  0.0005084068
3 2 6 5  -0.0000000001
3 3 1 5  0.0010604707
3 3 3 5  0.0000000012
3 3 5 5  0.0005084068
3 3 7 5  -0.0000000001
3 4 0 5  0.0000000001
3 4 2 5  0.0005084068
3 4 4 5  -0.0000000015
3 4 6 5  0.0013801584
3 5 1 5  0.0000000001
3 5 3 5  0.0005084068
3 5 5 5  -0.0000000015
3 5 7 5  0.0013801584
3 6 0 5  -0.0002849084
3 6 2 5  -0.0000000001
3 6 4 5  0.0013801584
3 6 6 5  -0.0000000014
3 7 1 5  -0.0002849084
3 7 3 5  -0.0000000001
3 7 5 5  0.0013801584
3 7 7 5  -0.0000000014
3 0 0 7  0.0006755968
3 0 4 7  -0.0007959121
3 1 1 7  0.0006755968
3 1 5 7  -0.0007959121
3 2 2 7  -0.0017625317
3 2 4 7  -0.0000000001
3 2 6 7  0.0003262786
3 3 3 7  -0.0017625317
3 3 5 7  -0.0000000001
3 3 7 7  0.0003262786
3 4 0 7  -0.0007959121
3 4 2 7  -0.0000000001
3 4 4 7  0.0006755967
3 4 6 7  -0.0000000004
3 5 1 7  -0.0007959121
3 5 3 7  -0.0000000001
3 5 5 7  0.0006755967
3 5 7 7  -0.0000000004
3 6 2 7  0.0003262786
3 6 4 7  -0.0000000004
3 6 6 7  -0.0017625319
3 7 3 7  0.0003262786
3 7 5 7  -0.0000000004
3 7 7 7  -0.0017625319
4 0 0 0  -0.0027948600
4 0 4 0  0.0036578153
4 0 6 0  -0.0000000001
4 1 1 0  -0.0027948600
4 1 5 0  0.0036578153
4 1 7 0  -0.0000000001
4 2 2 0  0.0029511777
4 2 4 0  0.0000000001
4 2 6 0  -0.0007959121
4 3 3 0  0.0029511777
4 3 5 0  0.0000000001
4 3 7 0  -0.0007959121
4 4 0 0  0.0036578153
4 4 2 0  0.0000000001
4 4 4 0  -0.0027948601
4 4 6 0  0.0000000002
4 5 1 0  0.0036578153
4 5 3 0  0.0000000001
4 5 5 0  -0.0027948601
4 5 7 0  0.0000000002
4 6 0 0  -0.0000000001
4 6 2 0  -0.0007959121
4 6 4 0  0.0000000002
4 6 6 0  0.0029511776
4 7 1 0  -0.0000000001
4 7 3 0  -0.0007959121
4 7 5 0  0.0000000002
4 7 7 0  0.0029511776
4 0 0 2  0.0000000005
4 0 2 2  0.0010604707
4 0 4 2  0.0000000001
4 0 6 2  -0.0002849084
4 1 1 2  0.0000000005
4 1 3 2  0.0010604707
4 1 5 2  0.0000000001
4 1 7 2  -0.0002849084
4 2 0 2  0.0010604707
4 2 2 2  0.0000000012
4 2 4 2  0.0005084068
4 2 6 2  -0.0000000001
4 3 1 2  0.0010604707
4 3 3 2  0.0000000012
4 3 5 2  0.0005084068
4 3 7 2  -0.0000000001
4 4 0 2  0.0000000001
4 4 2 2  0.0005084068
4 4 4 2  -0.0000000015
4 4 6 2  0.0013801584
4 5 1 2  0.0000000001
4 5 3 2  0.0005084068
4 5 5 2  -0.0000000015
4 5 7 2  0.0013801584
4 6 0 2  -0.0002849084
4 6 2 2  -0.0000000001
4 6 4 2  0.0013801584
4 6 6 2  -0.0000000014
4 7 1 2  -0.0002849084
4 7 3 2  -0.0000000001
4 7 5 2  0.0013801584
4 7 7 2  -0.0000000014
4 0 0 4  0.2015301425
4 0 2 4  0.0000000008
4 0 4 4  -0.0027948601
4 0 6 4  0.0000000002
4 1 1 4  0.2015301425
4 1 3 4  0.0000000008
4 1 5 4  -0.0027948601
4 1 7 4  0.0000000002
4 2 0 4  0.0000000008
4 2 2 4  0.1568439759
4 2 4 4  -0.0000000015
4 2 6 4  0.0006755967
4 3 1 4  0.0000000008
4 3 3 4  0.1568439759
4 3 5 4  -0.0000000015
4 3 7 4  0.0006755967
4 4 0 4  -0.0027948601
4 4 2 4  -0.0000000015
4 4 4 4  0.3760462647
4 4 6 4  -0.0000000001
4 5 1 4  -0.0027948601
4 5 3 4  -0.0000000015
4 5 5 4  0.3760462647
4 5 7 4  -0.0000000001
4 6 0 4  0.0000000002
4 6 2 4  0.0006755967
4 6 4 4  -0.0000000001
4 6 6 4  0.3073179756
4 7 1 4  0.0000000002
4 7 3 4  0.0006755967
4 7 5 4  -0.0000000001
4 7 7 4  0.3073179756
4 0 0 6  -0.0000000017
4 0 2 6  -0.0057290006
4 0 4 6  0.0000000002
4 0 6 6  0.0010604707
4 1 1 6  -0.0000000017
4 1 3 6  -0.0057290006
4 1 5 6  0.0000000002
4 1 7 6  0.0010604707
4 2 0 6  -0.0057290006
4 2 2 6  -0.0000000017
4 2 4 6  0.0013801584
4 2 6 6  -0.0000000004
4 3 1 6  -0.0057290006
4 3 3 6  -0.0000000017
4 3 5 6  0.0013801584
4 3 7 6  -0.0000000004
4 4 0 6  0.0000000002
4 4 2 6  0.0013801584
4 4 4 6  -0.0000000001
4 4 6 6  0.0343275004
4 5 1 6  0.0000000002
4 5 3 6  0.0013801584
4 5 5 6  -0.0000000001
4 5 7 6  0.0343275004
4 6 0 6  0.0010604707
4 6 2 6  -0.0000000004
4 6 4 6  0.0343275004
4 6 6 6  -0.0000000016
4 7 1 6  0.0010604707
4 7 3 6  -0.0000000004
4 7 5 6  0.0343275004
4 7 7 6  -0.0000000016
5 0 0 1  -0.0027948600
5 0 4 1  0.0036578153
5 0 6 1  -0.0000000001
5 1 1 1  -0.0027948600
5 1 5 1  0.0036578153
5 1 7 1  -0.0000000001
5 2 2 1  0.0029511777
5 2 4 1  0.0000000001
5 2 6 1  -0.0007959121
5 3 3 1  0.0029511777
5 3 5 1  0.0000000001
5 3 7 1  -0.0007959121
5 4 0 1  0.0036578153
5 4 2 1  0.0000000001
5 4 4 1  -0.0027948601
5 4 6 1  0.0000000002
5 5 1 1  0.0036578153
5 5 3 1  0.0000000001
5 5 5 1  -0.0027948601
5 5 7 1  0.0000000002
5 6 0 1  -0.0000000001
5 6 2 1  -0.0007959121
5 6 4 1  0.0000000002
5 6 6 1  0.0029511776
5 7 1 1  -0.0000000001
5 7 3 1  -0.0007959121
5 7 5 1  0.0000000002
5 7 7 1  0.0029511776
5 0 0 3  0.0000000005
5 0 2 3  0.0010604707
5 0 4 3  0.0000000001
5 0 6 3  -0.0002849084
5 1 1 3  0.0000000005
5 1 3 3  0.0010604707
5 1 5 3  0.0000000001
5 1 7 3  -0.0002849084
5 2 0 3  0.0010604707
5 2 2 3  0.0000000012
5 2 4 3  0.0005084068
5 2 6 3  -0.0000000001
5 3 1 3  0.0010604707
5 3 3 3  0.0000000012
5 3 5 3  0.0005084068
5 3 7 3  -0.0000000001
5 4 0 3  0.0000000001
5 4 2 3  0.0005084068
5 4 4 3  -0.0000000015
5 4 6 3  0.0013801584
5 5 1 3  0.0000000001
5 5 3 3  0.0005084068
5 5 5 3  -0.0000000015
5 5 7 3  0.0013801584
5 6 0 3  -0.0002849084
5 6 2 3  -0.0000000001
5 6 4 3  0.0013801584
5 6 6 3  -0.0000000014
5 7 1 3  -0.0002849084
5 7 3 3  -0.0000000001
5 7 5 3  0.0013801584
5 7 7 3  -0.0000000014
5 0 0 5  0.2015301425
5 0 2 5  0.0000000008
5 0 4 5  -0.0027948601
5 0 6 5  0.0000000002
5 1 1 5  0.2015301425
5 1 3 5  0.0000000008
5 1 5 5  -0.0027948601
5 1 7 5  0.0000000002
5 2 0 5  0.0000000008
5 2 2 5  0.1568439759
5 2 4 5  -0.0000000015
5 2 6 5  0.0006755967
5 3 1 5  0.0000000008
5 3 3 5  0.1568439759
5 3 5 5  -0.0000000015
5 3 7 5  0.0006755967
5 4 0 5  -0.0027948601
5 4 2 5  -0.0000000015
5 4 4 5  0.3760462647
5 4 6 5  -0.0000000001
5 5 1 5  -0.0027948601
5 5 3 5  -0.0000000015
5 5 5 5  0.3760462647
5 5 7 5  -0.0000000001
5 6 0 5  0.0000000002
5 6 2 5  0.0006755967
5 6 4 5  -0.0000000001
5 6 6 5  0.3073179756
5 7 1 5  0.0000000002
5 7 3 5  0.0006755967
5 7 5 5  -0.0000000001
5 7 7 5  0.3073179756
5 0 0 7  -0.0000000017
5 0 2 7  -0.0057290006
5 0 4 7  0.0000000002
5 0 6 7  0.0010604707
5 1 1 7  -0.0000000017
5 1 3 7  -0.0057290006
5 1 5 7  0.0000000002
5 1 7 7  0.0010604707
5 2 0 7  -0.0057290006
5 2 2 7  -0.0000000017
5 2 4 7  0.0013801584
5 2 6 7  -0.0000000004
5 3 1 7  -0.0057290006
5 3 3 7  -0.0000000017
5 3 5 7  0.0013801584
5 3 7 7  -0.0000000004
5 4 0 7  0.0000000002
5 4 2 7  0.0013801584
5 4 4 7  -0.0000000001
5 4 6 7  0.0343275004
5 5 1 7  0.0000000002
5 5 3 7  0.0013801584
5 5 5 7  -0.0000000001
5 5 7 7  0.0343275004
5 6 0 7  0.0010604707
5 6 2 7  -0.0000000004
5 6 4 7  0.0343275004
5 6 6 7  -0.0000000016
5 7 1 7  0.0010604707
5 7 3 7  -0.0000000004
5 7 5 7  0.0343275004
5 7 7 7  -0.0000000016
6 0 0 0  0.0000000005
6 0 2 0  0.0013801584
6 0 4 0  -0.0000000001
6 0 6 0  0.0005084068
6 1 1 0  0.0000000005
6 1 3 0  0.0013801584
6 1 5 0  -0.0000000001
6 1 7 0  0.0005084068
6 2 0 0  0.0013801584
6 2 2 0  0.0000000004
6 2 4 0  -0.0002849084
6 3 1 0  0.0013801584
6 3 3 0  0.0000000004
6 3 5 0  -0.0002849084
6 4 0 0  -0.0000000001
6 4 2 0  -0.0002849084
6 4 4 0  0.0000000002
6 4 6 0  0.0010604707
6 5 1 0  -0.0000000001
6 5 3 0  -0.0002849084
6 5 5 0  0.0000000002
6 5 7 0  0.0010604707
6 6 0 0  0.0005084068
6 6 4 0  0.0010604707
6 6 6 0  -0.0000000003
6 7 1 0  0.0005084068
6 7 5 0  0.0010604707
6 7 7 0  -0.0000000003
6 0 0 2  0.0006755968
6 0 4 2  -0.0007959121
6 1 1 2  0.0006755968
6 1 5 2  -0.0007959121
6 2 2 2  -0.0017625317
6 2 4 2  -0.0000000001
6 2 6 2  0.0003262786
6 3 3 2  -0.0017625317
6 3 5 2  -0.0000000001
6 3 7 2  0.0003262786
6 4 0 2  -0.0007959121
6 4 2 2  -0.0000000001
6 4 4 2  0.0006755967
6 4 6 2  -0.0000000004
6 5 1 2  -0.0007959121
6 5 3 2  -0.0000000001
6 5 5 2  0.0006755967
6 5 7 2  -0.0000000004
6 6 2 2  0.0003262786
6 6 4 2  -0.0000000004
6 6 6 2  -0.0017625319
6 7 3 2  0.0003262786
6 7 5 2  -0.0000000004
6 7 7 2  -0.0017625319
6 0 0 4  -0.0000000017
6 0 2 4  -0.0057290006
6 0 4 4  0.0000000002
6 0 6 4  0.0010604707
6 1 1 4  -0.0000000017
6 1 3 4  -0.0057290006
6 1 5 4  0.0000000002
6 1 7 4  0.0010604707
6 2 0 4  -0.0057290006
6 2 2 4  -0.0000000017
6 2 4 4  0.0013801584
6 2 6 4  -0.0000000004
6 3 1 4  -0.0057290006
6 3 3 4  -0.0000000017
6 3 5 4  0.0013801584
6 3 7 4  -0.0000000004
6 4 0 4  0.0000000002
6 4 2 4  0.0013801584
6 4 4 4  -0.0000000001
6 4 6 4  0.0343275004
6 5 1 4  0.0000000002
6 5 3 4  0.0013801584
6 5 5 4  -0.0000000001
6 5 7 4  0.0343275004
6 6 0 4  0.0010604707
6 6 2 4  -0.0000000004
6 6 4 4  0.0343275004
6 6 6 4  -0.0000000016
6 7 1 4  0.0010604707
6 7 3 4  -0.0000000004
6 7 5 4  0.0343275004
6 7 7 4  -0.0000000016
6 0 0 6  0.1568439759
6 0 2 6  0.0000000013
6 0 4 6  0.0029511776
6 0 6 6  -0.0000000003
6 1 1 6  0.1568439759
6 1 3 6  0.0000000013
6 1 5 6  0.0029511776
6 1 7 6  -0.0000000003
6 2 0 6  0.0000000013
6 2 2 6  0.1297043270
6 2 4 6  -0.0000000014
6 2 6 6  -0.0017625319
6 3 1 6  0.0000000013
6 3 3 6  0.1297043270
6 3 5 6  -0.0000000014
6 3 7 6  -0.0017625319
6 4 0 6  0.0029511776
6 4 2 6  -0.0000000014
6 4 4 6  0.3073179756
6 4 6 6  -0.0000000016
6 5 1 6  0.0029511776
6 5 3 6  -0.0000000014
6 5 5 6  0.3073179756
6 5 7 6  -0.0000000016
6 6 0 6  -0.0000000003
6 6 2 6  -0.0017625319
6 6 4 6  -0.0000000016
6 6 6 6  0.3375398088
6 7 1 6  -0.0000000003
6 7 3 6  -0.0017625319
6 7 5 6  -0.0000000016
6 7 7 6  0.3375398088
7 0 0 1  0.0000000005
7 0 2 1  0.0013801584
7 0 4 1  -0.0000000001
7 0 6 1  0.0005084068
7 1 1 1  0.0000000005
7 1 3 1  0.0013801584
7 1 5 1  -0.0000000001
7 1 7 1  0.0005084068
7 2 0 1  0.0013801584
7 2 2 1  0.0000000004
7 2 4 1  -0.0002849084
7 3 1 1  0.0013801584
7 3 3 1  0.0000000004
7 3 5 1  -0.0002849084
7 4 0 1  -0.0000000001
7 4 2 1  -0.0002849084
7 4 4 1  0.0000000002
7 4 6 1  0.0010604707
7 5 1 1  -0.0000000001
7 5 3 1  -0.0002849084
7 5 5 1  0.0000000002
7 5 7 1  0.0010604707
7 6 0 1  0.0005084068
7 6 4 1  0.0010604707
7 6 6 1  -0.0000000003
7 7 1 1  0.0005084068
7 7 5 1  0.0010604707
7 7 7 1  -0.0000000003
7 0 0 3  0.0006755968
7 0 4 3  -0.0007959121
7 1 1 3  0.0006755968
7 1 5 3  -0.0007959121
7 2 2 3  -0.0017625317
7 2 4 3  -0.0000000001
7 2 6 3  0.0003262786
7 3 3 3  -0.0017625317
7 3 5 3  -0.0000000001
7 3 7 3  0.0003262786
7 4 0 3  -0.0007959121
7 4 2 3  -0.0000000001
7 4 4 3  0.0006755967
7 4 6 3  -0.0000000004
7 5 1 3  -0.0007959121
7 5 3 3  -0.0000000001
7 5 5 3  0.0006755967
7 5 7 3  -0.0000000004
7 6 2 3  0.0003262786
7 6 4 3  -0.0000000004
7 6 6 3  -0.0017625319
7 7 3 3  0.0003262786
7 7 5 3  -0.0000000004
7 7 7 3  -0.0017625319
7 0 0 5  -0.0000000017
7 0 2 5  -0.0057290006
7 0 4 5  0.0000000002
7 0 6 5  0.0010604707
7 1 1 5  -0.0000000017
7 1 3 5  -0.0057290006
7 1 5 5  0.0000000002
7 1 7 5  0.0010604707
7 2 0 5  -0.0057290006
7 2 2 5  -0.0000000017
7 2 4 5  0.0013801584
7 2 6 5  -0.0000000004
7 3 1 5  -0.0057290006
7 3 3 5  -0.0000000017
7 3 5 5  0.0013801584
7 3 7 5  -0.0000000004
7 4 0 5  0.0000000002
7 4 2 5  0.0013801584
7 4 4 5  -0.0000000001
7 4 6 5  0.0343275004
7 5 1 5  0.0000000002
7 5 3 5  0.0013801584
7 5 5 5  -0.0000000001
7 5 7 5  0.0343275004
7 6 0 5  0.0010604707
7 6 2 5  -0.0000000004
7 6 4 5  0.0343275004
7 6 6 5  -0.0000000016
7 7 1 5  0.0010604707
7 7 3 5  -0.0000000004
7 7 5 5  0.0343275004
7 7 7 5  -0.0000000016
7 0 0 7  0.1568439759
7 0 2 7  0.0000000013
7 0 4 7  0.0029511776
7 0 6 7  -0.0000000003
7 1 1 7  0.1568439759
7 1 3 7  0.0000000013
7 1 5 7  0.0029511776
7 1 7 7  -0.0000000003
7 2 0 7  0.0000000013
7 2 2 7  0.1297043270
7 2 4 7  -0.0000000014
7 2 6 7  -0.0017625319
7 3 1 7  0.0000000013
7 3 3 7  0.1297043270
7 3 5 7  -0.0000000014
7 3 7 7  -0.0017625319
7 4 0 7  0.0029511776
7 4 2 7  -0.0000000014
7 4 4 7  0.3073179756
7 4 6 7  -0.0000000016
7 5 1 7  0.0029511776
7 5 3 7  -0.0000000014
7 5 5 7  0.3073179756
7 5 7 7  -0.0000000016
7 6 0 7  -0.0000000003
7 6 2 7  -0.0017625319
7 6 4 7  -0.0000000016
7 6 6 7  0.3375398088
7 7 1 7  -0.0000000003
7 7 3 7  -0.0017625319
7 7 5 7  -0.0000000016
7 7 7 7  0.3375398088

 E(Ref) = -77.4534011613 Hartree, <S**2> = 2.0000
 E(FCI) = -77.7624864562 Hartree, <S**2> = -0.0000
