-74.10295407956448
0 0  -1.4217319430
0 2  -0.0000000954
0 4  0.0293374237
0 6  -0.0000000116
1 1  -1.4217319430
1 3  -0.0000000954
1 5  0.0293374237
1 7  -0.0000000116
2 0  -0.0000000954
2 2  -1.2665068735
2 4  0.0000000084
2 6  -0.0037951388
3 1  -0.0000000954
3 3  -1.2665068735
3 5  0.0000000084
3 7  -0.0037951388
4 0  0.0293374237
4 2  0.0000000084
4 4  -1.4217319428
4 6  0.0000001069
5 1  0.0293374237
5 3  0.0000000084
5 5  -1.4217319428
5 7  0.0000001069
6 0  -0.0000000116
6 2  -0.0037951388
6 4  0.0000001069
6 6  -1.2665068740
7 1  -0.0000000116
7 3  -0.0037951388
7 5  0.0000001069
7 7  -1.2665068740
0 0 0 0  0.3535023332
0 0 2 0  -0.0000000013
0 0 4 0  0.0013521272
0 0 6 0  -0.0000000121
0 1 1 0  0.3535023332
0 1 3 0  -0.0000000013
0 1 5 0  0.0013521272
0 1 7 0  -0.0000000121
0 2 0 0  -0.0000000013
0 2 2 0  0.2970424293
0 2 4 0  -0.0000000090
0 2 6 0  -0.0000972762
0 3 1 0  -0.0000000013
0 3 3 0  0.2970424293
0 3 5 0  -0.0000000090
0 3 7 0  -0.0000972762
0 4 0 0  0.0013521272
0 4 2 0  -0.0000000090
0 4 4 0  0.1143816109
0 4 6 0  -0.0000000103
0 5 1 0  0.0013521272
0 5 3 0  -0.0000000090
0 5 5 0  0.1143816109
0 5 7 0  -0.0000000103
0 6 0 0  -0.0000000121
0 6 2 0  -0.0000972762
0 6 4 0  -0.0000000103
0 6 6 0  0.0975064491
0 7 1 0  -0.0000000121
0 7 3 0  -0.0000972762
0 7 5 0  -0.0000000103
0 7 7 0  0.0975064491
0 0 0 2  -0.0000000013
0 0 2 2  0.0290937972
0 0 4 2  -0.0000000020
0 0 6 2  0.0000699827
0 1 1 2  -0.0000000013
0 1 3 2  0.0290937972
0 1 5 2  -0.0000000020
0 1 7 2  0.0000699827
0 2 0 2  0.0290937972
0 2 2 2  0.0000000118
0 2 4 2  0.0005358643
0 2 6 2  -0.0000000016
0 3 1 2  0.0290937972
0 3 3 2  0.0000000118
0 3 5 2  0.0005358643
0 3 7 2  -0.0000000016
0 4 0 2  -0.0000000020
0 4 2 2  0.0005358643
0 4 4 2  0.0000000090
0 4 6 2  -0.0011202128
0 5 1 2  -0.0000000020
0 5 3 2  0.0005358643
0 5 5 2  0.0000000090
0 5 7 2  -0.0011202128
0 6 0 2  0.0000699827
0 6 2 2  -0.0000000016
0 6 4 2  -0.0011202128
0 6 6 2  0.0000000091
0 7 1 2  0.0000699827
0 7 3 2  -0.0000000016
0 7 5 2  -0.0011202128
0 7 7 2  0.0000000091
0 0 0 4  0.0013521272
0 0 2 4  -0.0000000020
0 0 4 4  0.0002183081
0 0 6 4  -0.0000000001
0 1 1 4  0.0013521272
0 1 3 4  -0.0000000020
0 1 5 4  0.0002183081
0 1 7 4  -0.0000000001
0 2 0 4  -0.0000000020
0 2 2 4  0.0017816850
0 2 4 4  0.0000000001
0 2 6 4  -0.0000211453
0 3 1 4  -0.0000000020
0 3 3 4  0.0017816850
0 3 5 4  0.0000000001
0 3 7 4  -0.0000211453
0 4 0 4  0.0002183081
0 4 2 4  0.0000000001
0 4 4 4  0.0013521274
0 4 6 4  0.0000000020
0 5 1 4  0.0002183081
0 5 3 4  0.0000000001
0 5 5 4  0.0013521274
0 5 7 4  0.0000000020
0 6 0 4  -0.0000000001
0 6 2 4  -0.0000211453
0 6 4 4  0.0000000020
0 6 6 4  0.0017816852
0 7 1 4  -0.0000000001
0 7 3 4  -0.0000211453
0 7 5 4  0.0000000020
0 7 7 4  0.0017816852
0 0 0 6  -0.0000000121
0 0 2 6  0.0000699827
0 0 4 6  -0.0000000001
0 0 6 6  0.0000204380
0 1 1 6  -0.0000000121
0 1 3 6  0.0000699827
0 1 5 6  -0.0000000001
0 1 7 6  0.0000204380
0 2 0 6  0.0000699827
0 2 2 6  -0.0000000101
0 2 4 6  -0.0000054916
0 3 1 6  0.0000699827
0 3 3 6  -0.0000000101
0 3 5 6  -0.0000054916
0 4 0 6  -0.0000000001
0 4 2 6  -0.0000054916
0 4 4 6  0.0000000079
0 4 6 6  0.0005358643
0 5 1 6  -0.0000000001
0 5 3 6  -0.0000054916
0 5 5 6  0.0000000079
0 5 7 6  0.0005358643
0 6 0 6  0.0000204380
0 6 4 6  0.0005358643
0 6 6 6  0.0000000088
0 7 1 6  0.0000204380
0 7 5 6  0.0005358643
0 7 7 6  0.0000000088
1 0 0 1  0.3535023332
1 0 2 1  -0.0000000013
1 0 4 1  0.0013521272
1 0 6 1  -0.0000000121
1 1 1 1  0.3535023332
1 1 3 1  -0.0000000013
1 1 5 1  0.0013521272
1 1 7 1  -0.0000000121
1 2 0 1  -0.0000000013
1 2 2 1  0.2970424293
1 2 4 1  -0.0000000090
1 2 6 1  -0.0000972762
1 3 1 1  -0.0000000013
1 3 3 1  0.2970424293
1 3 5 1  -0.0000000090
1 3 7 1  -0.0000972762
1 4 0 1  0.0013521272
1 4 2 1  -0.0000000090
1 4 4 1  0.1143816109
1 4 6 1  -0.0000000103
1 5 1 1  0.0013521272
1 5 3 1  -0.0000000090
1 5 5 1  0.1143816109
1 5 7 1  -0.0000000103
1 6 0 1  -0.0000000121
1 6 2 1  -0.0000972762
1 6 4 1  -0.0000000103
1 6 6 1  0.0975064491
1 7 1 1  -0.0000000121
1 7 3 1  -0.0000972762
1 7 5 1  -0.0000000103
1 7 7 1  0.0975064491
1 0 0 3  -0.0000000013
1 0 2 3  0.0290937972
1 0 4 3  -0.0000000020
1 0 6 3  0.0000699827
1 1 1 3  -0.0000000013
1 1 3 3  0.0290937972
1 1 5 3  -0.0000000020
1 1 7 3  0.0000699827
1 2 0 3  0.0290937972
1 2 2 3  0.0000000118
1 2 4 3  0.0005358643
1 2 6 3  -0.0000000016
1 3 1 3  0.0290937972
1 3 3 3  0.0000000118
1 3 5 3  0.0005358643
1 3 7 3  -0.0000000016
1 4 0 3  -0.0000000020
1 4 2 3  0.0005358643
1 4 4 3  0.0000000090
1 4 6 3  -0.0011202128
1 5 1 3  -0.0000000020
1 5 3 3  0.0005358643
1 5 5 3  0.0000000090
1 5 7 3  -0.0011202128
1 6 0 3  0.0000699827
1 6 2 3  -0.0000000016
1 6 4 3  -0.0011202128
1 6 6 3  0.0000000091
1 7 1 3  0.0000699827
1 7 3 3  -0.0000000016
1 7 5 3  -0.0011202128
1 7 7 3  0.0000000091
1 0 0 5  0.0013521272
1 0 2 5  -0.0000000020
1 0 4 5  0.0002183081
1 0 6 5  -0.0000000001
1 1 1 5  0.0013521272
1 1 3 5  -0.0000000020
1 1 5 5  0.0002183081
1 1 7 5  -0.0000000001
1 2 0 5  -0.0000000020
1 2 2 5  0.0017816850
1 2 4 5  0.0000000001
1 2 6 5  -0.0000211453
1 3 1 5  -0.0000000020
1 3 3 5  0.0017816850
1 3 5 5  0.0000000001
1 3 7 5  -0.0000211453
1 4 0 5  0.0002183081
1 4 2 5  0.0000000001
1 4 4 5  0.0013521274
1 4 6 5  0.0000000020
1 5 1 5  0.0002183081
1 5 3 5  0.0000000001
1 5 5 5  0.0013521274
1 5 7 5  0.0000000020
1 6 0 5  -0.0000000001
1 6 2 5  -0.0000211453
1 6 4 5  0.0000000020
1 6 6 5  0.0017816852
1 7 1 5  -0.0000000001
1 7 3 5  -0.0000211453
1 7 5 5  0.0000000020
1 7 7 5  0.0017816852
1 0 0 7  -0.0000000121
1 0 2 7  0.0000699827
1 0 4 7  -0.0000000001
1 0 6 7  0.0000204380
1 1 1 7  -0.0000000121
1 1 3 7  0.0000699827
1 1 5 7  -0.0000000001
1 1 7 7  0.0000204380
1 2 0 7  0.0000699827
1 2 2 7  -0.0000000101
1 2 4 7  -0.0000054916
1 3 1 7  0.0000699827
1 3 3 7  -0.0000000101
1 3 5 7  -0.0000054916
1 4 0 7  -0.0000000001
1 4 2 7  -0.0000054916
1 4 4 7  0.0000000079
1 4 6 7  0.0005358643
1 5 1 7  -0.0000000001
1 5 3 7  -0.0000054916
1 5 5 7  0.0000000079
1 5 7 7  0.0005358643
1 6 0 7  0.0000204380
1 6 4 7  0.0005358643
1 6 6 7  0.0000000088
1 7 1 7  0.0000204380
1 7 5 7  0.0005358643
1 7 7 7  0.0000000088
2 0 0 0  -0.0000000013
2 0 2 0  0.0290937972
2 0 4 0  -0.0000000020
2 0 6 0  0.0000699827
2 1 1 0  -0.0000000013
2 1 3 0  0.0290937972
2 1 5 0  -0.0000000020
2 1 7 0  0.0000699827
2 2 0 0  0.0290937972
2 2 2 0  0.0000000118
2 2 4 0  0.0005358643
2 2 6 0  -0.0000000016
2 3 1 0  0.0290937972
2 3 3 0  0.0000000118
2 3 5 0  0.0005358643
2 3 7 0  -0.0000000016
2 4 0 0  -0.0000000020
2 4 2 0  0.0005358643
2 4 4 0  0.0000000090
2 4 6 0  -0.0011202128
2 5 1 0  -0.0000000020
2 5 3 0  0.0005358643
2 5 5 0  0.0000000090
2 5 7 0  -0.0011202128
2 6 0 0  0.0000699827
2 6 2 0  -0.0000000016
2 6 4 0  -0.0011202128
2 6 6 0  0.0000000091
2 7 1 0  0.0000699827
2 7 3 0  -0.0000000016
2 7 5 0  -0.0011202128
2 7 7 0  0.0000000091
2 0 0 2  0.2970424293
2 0 2 2  0.0000000118
2 0 4 2  0.0017816850
2 0 6 2  -0.0000000101
2 1 1 2  0.2970424293
2 1 3 2  0.0000000118
2 1 5 2  0.0017816850
2 1 7 2  -0.0000000101
2 2 0 2  0.0000000118
2 2 2 2  0.3366184236
2 2 4 2  -0.0000000103
2 2 6 2  -0.0003301544
2 3 1 2  0.0000000118
2 3 3 2  0.3366184236
2 3 5 2  -0.0000000103
2 3 7 2  -0.0003301544
2 4 0 2  0.0017816850
2 4 2 2  -0.0000000103
2 4 4 2  0.0975064490
2 4 6 2  -0.0000000097
2 5 1 2  0.0017816850
2 5 3 2  -0.0000000103
2 5 5 2  0.0975064490
2 5 7 2  -0.0000000097
2 6 0 2  -0.0000000101
2 6 2 2  -0.0003301544
2 6 4 2  -0.0000000097
2 6 6 2  0.0856095792
2 7 1 2  -0.0000000101
2 7 3 2  -0.0003301544
2 7 5 2  -0.0000000097
2 7 7 2  0.0856095792
2 0 0 4  -0.0000000090
2 0 2 4  0.0005358643
2 0 4 4  0.0000000001
2 0 6 4  -0.0000054916
2 1 1 4  -0.0000000090
2 1 3 4  0.0005358643
2 1 5 4  0.0000000001
2 1 7 4  -0.0000054916
2 2 0 4  0.0005358643
2 2 2 4  -0.0000000103
2 2 4 4  0.0000204380
2 3 1 4  0.0005358643
2 3 3 4  -0.0000000103
2 3 5 4  0.0000204380
2 4 0 4  0.0000000001
2 4 2 4  0.0000204380
2 4 4 4  0.0000000134
2 4 6 4  0.0000699827
2 5 1 4  0.0000000001
2 5 3 4  0.0000204380
2 5 5 4  0.0000000134
2 5 7 4  0.0000699827
2 6 0 4  -0.0000054916
2 6 4 4  0.0000699827
2 6 6 4  0.0000000111
2 7 1 4  -0.0000054916
2 7 5 4  0.0000699827
2 7 7 4  0.0000000111
2 0 0 6  -0.0000972762
2 0 2 6  -0.0000000016
2 0 4 6  -0.0000211453
2 1 1 6  -0.0000972762
2 1 3 6  -0.0000000016
2 1 5 6  -0.0000211453
2 2 0 6  -0.0000000016
2 2 2 6  -0.0003301544
2 2 6 6  0.0000037626
2 3 1 6  -0.0000000016
2 3 3 6  -0.0003301544
2 3 7 6  0.0000037626
2 4 0 6  -0.0000211453
2 4 4 6  -0.0000972762
2 4 6 6  0.0000000017
2 5 1 6  -0.0000211453
2 5 5 6  -0.0000972762
2 5 7 6  0.0000000017
2 6 2 6  0.0000037626
2 6 4 6  0.0000000017
2 6 6 6  -0.0003301544
2 7 3 6  0.0000037626
2 7 5 6  0.0000000017
2 7 7 6  -0.0003301544
3 0 0 1  -0.0000000013
3 0 2 1  0.0290937972
3 0 4 1  -0.0000000020
3 0 6 1  0.0000699827
3 1 1 1  -0.0000000013
3 1 3 1  0.0290937972
3 1 5 1  -0.0000000020
3 1 7 1  0.0000699827
3 2 0 1  0.0290937972
3 2 2 1  0.0000000118
3 2 4 1  0.0005358643
3 2 6 1  -0.0000000016
3 3 1 1  0.0290937972
3 3 3 1  0.0000000118
3 3 5 1  0.0005358643
3 3 7 1  -0.0000000016
3 4 0 1  -0.0000000020
3 4 2 1  0.0005358643
3 4 4 1  0.0000000090
3 4 6 1  -0.0011202128
3 5 1 1  -0.0000000020
3 5 3 1  0.0005358643
3 5 5 1  0.0000000090
3 5 7 1  -0.0011202128
3 6 0 1  0.0000699827
3 6 2 1  -0.0000000016
3 6 4 1  -0.0011202128
3 6 6 1  0.0000000091
3 7 1 1  0.0000699827
3 7 3 1  -0.0000000016
3 7 5 1  -0.0011202128
3 7 7 1  0.0000000091
3 0 0 3  0.2970424293
3 0 2 3  0.0000000118
3 0 4 3  0.0017816850
3 0 6 3  -0.0000000101
3 1 1 3  0.2970424293
3 1 3 3  0.0000000118
3 1 5 3  0.0017816850
3 1 7 3  -0.0000000101
3 2 0 3  0.0000000118
3 2 2 3  0.3366184236
3 2 4 3  -0.0000000103
3 2 6 3  -0.0003301544
3 3 1 3  0.0000000118
3 3 3 3  0.3366184236
3 3 5 3  -0.0000000103
3 3 7 3  -0.0003301544
3 4 0 3  0.0017816850
3 4 2 3  -0.0000000103
3 4 4 3  0.0975064490
3 4 6 3  -0.0000000097
3 5 1 3  0.0017816850
3 5 3 3  -0.0000000103
3 5 5 3  0.0975064490
3 5 7 3  -0.0000000097
3 6 0 3  -0.0000000101
3 6 2 3  -0.0003301544
3 6 4 3  -0.0000000097
3 6 6 3  0.0856095792
3 7 1 3  -0.0000000101
3 7 3 3  -0.0003301544
3 7 5 3  -0.0000000097
3 7 7 3  0.0856095792
3 0 0 5  -0.0000000090
3 0 2 5  0.0005358643
3 0 4 5  0.0000000001
3 0 6 5  -0.0000054916
3 1 1 5  -0.0000000090
3 1 3 5  0.0005358643
3 1 5 5  0.0000000001
3 1 7 5  -0.0000054916
3 2 0 5  0.0005358643
3 2 2 5  -0.0000000103
3 2 4 5  0.0000204380
3 3 1 5  0.0005358643
3 3 3 5  -0.0000000103
3 3 5 5  0.0000204380
3 4 0 5  0.0000000001
3 4 2 5  0.0000204380
3 4 4 5  0.0000000134
3 4 6 5  0.0000699827
3 5 1 5  0.0000000001
3 5 3 5  0.0000204380
3 5 5 5  0.0000000134
3 5 7 5  0.0000699827
3 6 0 5  -0.0000054916
3 6 4 5  0.0000699827
3 6 6 5  0.0000000111
3 7 1 5  -0.0000054916
3 7 5 5  0.0000699827
3 7 7 5  0.0000000111
3 0 0 7  -0.0000972762
3 0 2 7  -0.0000000016
3 0 4 7  -0.0000211453
3 1 1 7  -0.0000972762
3 1 3 7  -0.0000000016
3 1 5 7  -0.0000211453
3 2 0 7  -0.0000000016
3 2 2 7  -0.0003301544
3 2 6 7  0.0000037626
3 3 1 7  -0.0000000016
3 3 3 7  -0.0003301544
3 3 7 7  0.0000037626
3 4 0 7  -0.0000211453
3 4 4 7  -0.0000972762
3 4 6 7  0.0000000017
3 5 1 7  -0.0000211453
3 5 5 7  -0.0000972762
3 5 7 7  0.0000000017
3 6 2 7  0.0000037626
3 6 4 7  0.0000000017
3 6 6 7  -0.0003301544
3 7 3 7  0.0000037626
3 7 5 7  0.0000000017
3 7 7 7  -0.0003301544
4 0 0 0  0.0013521272
4 0 2 0  -0.0000000020
4 0 4 0  0.0002183081
4 0 6 0  -0.0000000001
4 1 1 0  0.0013521272
4 1 3 0  -0.0000000020
4 1 5 0  0.0002183081
4 1 7 0  -0.0000000001
4 2 0 0  -0.0000000020
4 2 2 0  0.0017816850
4 2 4 0  0.0000000001
4 2 6 0  -0.0000211453
4 3 1 0  -0.0000000020
4 3 3 0  0.0017816850
4 3 5 0  0.0000000001
4 3 7 0  -0.0000211453
4 4 0 0  0.0002183081
4 4 2 0  0.0000000001
4 4 4 0  0.0013521274
4 4 6 0  0.0000000020
4 5 1 0  0.0002183081
4 5 3 0  0.0000000001
4 5 5 0  0.0013521274
4 5 7 0  0.0000000020
4 6 0 0  -0.0000000001
4 6 2 0  -0.0000211453
4 6 4 0  0.0000000020
4 6 6 0  0.0017816852
4 7 1 0  -0.0000000001
4 7 3 0  -0.0000211453
4 7 5 0  0.0000000020
4 7 7 0  0.0017816852
4 0 0 2  -0.0000000090
4 0 2 2  0.0005358643
4 0 4 2  0.0000000001
4 0 6 2  -0.0000054916
4 1 1 2  -0.0000000090
4 1 3 2  0.0005358643
4 1 5 2  0.0000000001
4 1 7 2  -0.0000054916
4 2 0 2  0.0005358643
4 2 2 2  -0.0000000103
4 2 4 2  0.0000204380
4 3 1 2  0.0005358643
4 3 3 2  -0.0000000103
4 3 5 2  0.0000204380
4 4 0 2  0.0000000001
4 4 2 2  0.0000204380
4 4 4 2  0.0000000134
4 4 6 2  0.0000699827
4 5 1 2  0.0000000001
4 5 3 2  0.0000204380
4 5 5 2  0.0000000134
4 5 7 2  0.0000699827
4 6 0 2  -0.0000054916
4 6 4 2  0.0000699827
4 6 6 2  0.0000000111
4 7 1 2  -0.0000054916
4 7 5 2  0.0000699827
4 7 7 2  0.0000000111
4 0 0 4  0.1143816109
4 0 2 4  0.0000000090
4 0 4 4  0.0013521274
4 0 6 4  0.0000000079
4 1 1 4  0.1143816109
4 1 3 4  0.0000000090
4 1 5 4  0.0013521274
4 1 7 4  0.0000000079
4 2 0 4  0.0000000090
4 2 2 4  0.0975064490
4 2 4 4  0.0000000134
4 2 6 4  -0.0000972762
4 3 1 4  0.0000000090
4 3 3 4  0.0975064490
4 3 5 4  0.0000000134
4 3 7 4  -0.0000972762
4 4 0 4  0.0013521274
4 4 2 4  0.0000000134
4 4 4 4  0.3535023332
4 4 6 4  0.0000000011
4 5 1 4  0.0013521274
4 5 3 4  0.0000000134
4 5 5 4  0.3535023332
4 5 7 4  0.0000000011
4 6 0 4  0.0000000079
4 6 2 4  -0.0000972762
4 6 4 4  0.0000000011
4 6 6 4  0.2970424292
4 7 1 4  0.0000000079
4 7 3 4  -0.0000972762
4 7 5 4  0.0000000011
4 7 7 4  0.2970424292
4 0 0 6  -0.0000000103
4 0 2 6  -0.0011202128
4 0 4 6  0.0000000020
4 0 6 6  0.0005358643
4 1 1 6  -0.0000000103
4 1 3 6  -0.0011202128
4 1 5 6  0.0000000020
4 1 7 6  0.0005358643
4 2 0 6  -0.0011202128
4 2 2 6  -0.0000000097
4 2 4 6  0.0000699827
4 2 6 6  0.0000000017
4 3 1 6  -0.0011202128
4 3 3 6  -0.0000000097
4 3 5 6  0.0000699827
4 3 7 6  0.0000000017
4 4 0 6  0.0000000020
4 4 2 6  0.0000699827
4 4 4 6  0.0000000011
4 4 6 6  0.0290937969
4 5 1 6  0.0000000020
4 5 3 6  0.0000699827
4 5 5 6  0.0000000011
4 5 7 6  0.0290937969
4 6 0 6  0.0005358643
4 6 2 6  0.0000000017
4 6 4 6  0.0290937969
4 6 6 6  -0.0000000130
4 7 1 6  0.0005358643
4 7 3 6  0.0000000017
4 7 5 6  0.0290937969
4 7 7 6  -0.0000000130
5 0 0 1  0.0013521272
5 0 2 1  -0.0000000020
5 0 4 1  0.0002183081
5 0 6 1  -0.0000000001
5 1 1 1  0.0013521272
5 1 3 1  -0.0000000020
5 1 5 1  0.0002183081
5 1 7 1  -0.0000000001
5 2 0 1  -0.0000000020
5 2 2 1  0.0017816850
5 2 4 1  0.0000000001
5 2 6 1  -0.0000211453
5 3 1 1  -0.0000000020
5 3 3 1  0.0017816850
5 3 5 1  0.0000000001
5 3 7 1  -0.0000211453
5 4 0 1  0.0002183081
5 4 2 1  0.0000000001
5 4 4 1  0.0013521274
5 4 6 1  0.0000000020
5 5 1 1  0.0002183081
5 5 3 1  0.0000000001
5 5 5 1  0.0013521274
5 5 7 1  0.0000000020
5 6 0 1  -0.0000000001
5 6 2 1  -0.0000211453
5 6 4 1  0.0000000020
5 6 6 1  0.0017816852
5 7 1 1  -0.0000000001
5 7 3 1  -0.0000211453
5 7 5 1  0.0000000020
5 7 7 1  0.0017816852
5 0 0 3  -0.0000000090
5 0 2 3  0.0005358643
5 0 4 3  0.0000000001
5 0 6 3  -0.0000054916
5 1 1 3  -0.0000000090
5 1 3 3  0.0005358643
5 1 5 3  0.0000000001
5 1 7 3  -0.0000054916
5 2 0 3  0.0005358643
5 2 2 3  -0.0000000103
5 2 4 3  0.0000204380
5 3 1 3  0.0005358643
5 3 3 3  -0.0000000103
5 3 5 3  0.0000204380
5 4 0 3  0.0000000001
5 4 2 3  0.0000204380
5 4 4 3  0.0000000134
5 4 6 3  0.0000699827
5 5 1 3  0.0000000001
5 5 3 3  0.0000204380
5 5 5 3  0.0000000134
5 5 7 3  0.0000699827
5 6 0 3  -0.0000054916
5 6 4 3  0.0000699827
5 6 6 3  0.0000000111
5 7 1 3  -0.0000054916
5 7 5 3  0.0000699827
5 7 7 3  0.0000000111
5 0 0 5  0.1143816109
5 0 2 5  0.0000000090
5 0 4 5  0.0013521274
5 0 6 5  0.0000000079
5 1 1 5  0.1143816109
5 1 3 5  0.0000000090
5 1 5 5  0.0013521274
5 1 7 5  0.0000000079
5 2 0 5  0.0000000090
5 2 2 5  0.0975064490
5 2 4 5  0.0000000134
5 2 6 5  -0.0000972762
5 3 1 5  0.0000000090
5 3 3 5  0.0975064490
5 3 5 5  0.0000000134
5 3 7 5  -0.0000972762
5 4 0 5  0.0013521274
5 4 2 5  0.0000000134
5 4 4 5  0.3535023332
5 4 6 5  0.0000000011
5 5 1 5  0.0013521274
5 5 3 5  0.0000000134
5 5 5 5  0.3535023332
5 5 7 5  0.0000000011
5 6 0 5  0.0000000079
5 6 2 5  -0.0000972762
5 6 4 5  0.0000000011
5 6 6 5  0.2970424292
5 7 1 5  0.0000000079
5 7 3 5  -0.0000972762
5 7 5 5  0.0000000011
5 7 7 5  0.2970424292
5 0 0 7  -0.0000000103
5 0 2 7  -0.0011202128
5 0 4 7  0.0000000020
5 0 6 7  0.0005358643
5 1 1 7  -0.0000000103
5 1 3 7  -0.0011202128
5 1 5 7  0.0000000020
5 1 7 7  0.0005358643
5 2 0 7  -0.0011202128
5 2 2 7  -0.0000000097
5 2 4 7  0.0000699827
5 2 6 7  0.0000000017
5 3 1 7  -0.0011202128
5 3 3 7  -0.0000000097
5 3 5 7  0.0000699827
5 3 7 7  0.0000000017
5 4 0 7  0.0000000020
5 4 2 7  0.0000699827
5 4 4 7  0.0000000011
5 4 6 7  0.0290937969
5 5 1 7  0.0000000020
5 5 3 7  0.0000699827
5 5 5 7  0.0000000011
5 5 7 7  0.0290937969
5 6 0 7  0.0005358643
5 6 2 7  0.0000000017
5 6 4 7  0.0290937969
5 6 6 7  -0.0000000130
5 7 1 7  0.0005358643
5 7 3 7  0.0000000017
5 7 5 7  0.0290937969
5 7 7 7  -0.0000000130
6 0 0 0  -0.0000000121
6 0 2 0  0.0000699827
6 0 4 0  -0.0000000001
6 0 6 0  0.0000204380
6 1 1 0  -0.0000000121
6 1 3 0  0.0000699827
6 1 5 0  -0.0000000001
6 1 7 0  0.0000204380
6 2 0 0  0.0000699827
6 2 2 0  -0.0000000101
6 2 4 0  -0.0000054916
6 3 1 0  0.0000699827
6 3 3 0  -0.0000000101
6 3 5 0  -0.0000054916
6 4 0 0  -0.0000000001
6 4 2 0  -0.0000054916
6 4 4 0  0.0000000079
6 4 6 0  0.0005358643
6 5 1 0  -0.0000000001
6 5 3 0  -0.0000054916
6 5 5 0  0.0000000079
6 5 7 0  0.0005358643
6 6 0 0  0.0000204380
6 6 4 0  0.0005358643
6 6 6 0  0.0000000088
6 7 1 0  0.0000204380
6 7 5 0  0.0005358643
6 7 7 0  0.0000000088
6 0 0 2  -0.0000972762
6 0 2 2  -0.0000000016
6 0 4 2  -0.0000211453
6 1 1 2  -0.0000972762
6 1 3 2  -0.0000000016
6 1 5 2  -0.0000211453
6 2 0 2  -0.0000000016
6 2 2 2  -0.0003301544
6 2 6 2  0.0000037626
6 3 1 2  -0.0000000016
6 3 3 2  -0.0003301544
6 3 7 2  0.0000037626
6 4 0 2  -0.0000211453
6 4 4 2  -0.0000972762
6 4 6 2  0.0000000017
6 5 1 2  -0.0000211453
6 5 5 2  -0.0000972762
6 5 7 2  0.0000000017
6 6 2 2  0.0000037626
6 6 4 2  0.0000000017
6 6 6 2  -0.0003301544
6 7 3 2  0.0000037626
6 7 5 2  0.0000000017
6 7 7 2  -0.0003301544
6 0 0 4  -0.0000000103
6 0 2 4  -0.0011202128
6 0 4 4  0.0000000020
6 0 6 4  0.0005358643
6 1 1 4  -0.0000000103
6 1 3 4  -0.0011202128
6 1 5 4  0.0000000020
6 1 7 4  0.0005358643
6 2 0 4  -0.0011202128
6 2 2 4  -0.0000000097
6 2 4 4  0.0000699827
6 2 6 4  0.0000000017
6 3 1 4  -0.0011202128
6 3 3 4  -0.0000000097
6 3 5 4  0.0000699827
6 3 7 4  0.0000000017
6 4 0 4  0.0000000020
6 4 2 4  0.0000699827
6 4 4 4  0.0000000011
6 4 6 4  0.0290937969
6 5 1 4  0.0000000020
6 5 3 4  0.0000699827
6 5 5 4  0.0000000011
6 5 7 4  0.0290937969
6 6 0 4  0.0005358643
6 6 2 4  0.0000000017
6 6 4 4  0.0290937969
6 6 6 4  -0.0000000130
6 7 1 4  0.0005358643
6 7 3 4  0.0000000017
6 7 5 4  0.0290937969
6 7 7 4  -0.0000000130
6 0 0 6  0.0975064491
6 0 2 6  0.0000000091
6 0 4 6  0.0017816852
6 0 6 6  0.0000000088
6 1 1 6  0.0975064491
6 1 3 6  0.0000000091
6 1 5 6  0.0017816852
6 1 7 6  0.0000000088
6 2 0 6  0.0000000091
6 2 2 6  0.0856095792
6 2 4 6  0.0000000111
6 2 6 6  -0.0003301544
6 3 1 6  0.0000000091
6 3 3 6  0.0856095792
6 3 5 6  0.0000000111
6 3 7 6  -0.0003301544
6 4 0 6  0.0017816852
6 4 2 6  0.0000000111
6 4 4 6  0.2970424292
6 4 6 6  -0.0000000130
6 5 1 6  0.0017816852
6 5 3 6  0.0000000111
6 5 5 6  0.2970424292
6 5 7 6  -0.0000000130
6 6 0 6  0.0000000088
6 6 2 6  -0.0003301544
6 6 4 6  -0.0000000130
6 6 6 6  0.3366184236
6 7 1 6  0.0000000088
6 7 3 6  -0.0003301544
6 7 5 6  -0.0000000130
6 7 7 6  0.3366184236
7 0 0 1  -0.0000000121
7 0 2 1  0.0000699827
7 0 4 1  -0.0000000001
7 0 6 1  0.0000204380
7 1 1 1  -0.0000000121
7 1 3 1  0.0000699827
7 1 5 1  -0.0000000001
7 1 7 1  0.0000204380
7 2 0 1  0.0000699827
7 2 2 1  -0.0000000101
7 2 4 1  -0.0000054916
7 3 1 1  0.0000699827
7 3 3 1  -0.0000000101
7 3 5 1  -0.0000054916
7 4 0 1  -0.0000000001
7 4 2 1  -0.0000054916
7 4 4 1  0.0000000079
7 4 6 1  0.0005358643
7 5 1 1  -0.0000000001
7 5 3 1  -0.0000054916
7 5 5 1  0.0000000079
7 5 7 1  0.0005358643
7 6 0 1  0.0000204380
7 6 4 1  0.0005358643
7 6 6 1  0.0000000088
7 7 1 1  0.0000204380
7 7 5 1  0.0005358643
7 7 7 1  0.0000000088
7 0 0 3  -0.0000972762
7 0 2 3  -0.0000000016
7 0 4 3  -0.0000211453
7 1 1 3  -0.0000972762
7 1 3 3  -0.0000000016
7 1 5 3  -0.0000211453
7 2 0 3  -0.0000000016
7 2 2 3  -0.0003301544
7 2 6 3  0.0000037626
7 3 1 3  -0.0000000016
7 3 3 3  -0.0003301544
7 3 7 3  0.0000037626
7 4 0 3  -0.0000211453
7 4 4 3  -0.0000972762
7 4 6 3  0.0000000017
7 5 1 3  -0.0000211453
7 5 5 3  -0.0000972762
7 5 7 3  0.0000000017
7 6 2 3  0.0000037626
7 6 4 3  0.0000000017
7 6 6 3  -0.0003301544
7 7 3 3  0.0000037626
7 7 5 3  0.0000000017
7 7 7 3  -0.0003301544
7 0 0 5  -0.0000000103
7 0 2 5  -0.0011202128
7 0 4 5  0.0000000020
7 0 6 5  0.0005358643
7 1 1 5  -0.0000000103
7 1 3 5  -0.0011202128
7 1 5 5  0.0000000020
7 1 7 5  0.0005358643
7 2 0 5  -0.0011202128
7 2 2 5  -0.0000000097
7 2 4 5  0.0000699827
7 2 6 5  0.0000000017
7 3 1 5  -0.0011202128
7 3 3 5  -0.0000000097
7 3 5 5  0.0000699827
7 3 7 5  0.0000000017
7 4 0 5  0.0000000020
7 4 2 5  0.0000699827
7 4 4 5  0.0000000011
7 4 6 5  0.0290937969
7 5 1 5  0.0000000020
7 5 3 5  0.0000699827
7 5 5 5  0.0000000011
7 5 7 5  0.0290937969
7 6 0 5  0.0005358643
7 6 2 5  0.0000000017
7 6 4 5  0.0290937969
7 6 6 5  -0.0000000130
7 7 1 5  0.0005358643
7 7 3 5  0.0000000017
7 7 5 5  0.0290937969
7 7 7 5  -0.0000000130
7 0 0 7  0.0975064491
7 0 2 7  0.0000000091
7 0 4 7  0.0017816852
7 0 6 7  0.0000000088
7 1 1 7  0.0975064491
7 1 3 7  0.0000000091
7 1 5 7  0.0017816852
7 1 7 7  0.0000000088
7 2 0 7  0.0000000091
7 2 2 7  0.0856095792
7 2 4 7  0.0000000111
7 2 6 7  -0.0003301544
7 3 1 7  0.0000000091
7 3 3 7  0.0856095792
7 3 5 7  0.0000000111
7 3 7 7  -0.0003301544
7 4 0 7  0.0017816852
7 4 2 7  0.0000000111
7 4 4 7  0.2970424292
7 4 6 7  -0.0000000130
7 5 1 7  0.0017816852
7 5 3 7  0.0000000111
7 5 5 7  0.2970424292
7 5 7 7  -0.0000000130
7 6 0 7  0.0000000088
7 6 2 7  -0.0003301544
7 6 4 7  -0.0000000130
7 6 6 7  0.3366184236
7 7 1 7  0.0000000088
7 7 3 7  -0.0003301544
7 7 5 7  -0.0000000130
7 7 7 7  0.3366184236
