 MO Integrals with frozen core/virtual approximation

-74.00088105296082
0 0  -1.4774625328
0 2  -0.0000000061
0 4  0.0531403280
0 6  -0.0000000011
1 1  -1.4774625328
1 3  -0.0000000061
1 5  0.0531403280
1 7  -0.0000000011
2 0  -0.0000000061
2 2  -1.3078690205
2 4  0.0000000008
2 6  -0.0078425994
3 1  -0.0000000061
3 3  -1.3078690205
3 5  0.0000000008
3 7  -0.0078425994
4 0  0.0531403280
4 2  0.0000000008
4 4  -1.4774625333
4 6  0.0000000043
5 1  0.0531403280
5 3  0.0000000008
5 5  -1.4774625333
5 7  0.0000000043
6 0  -0.0000000011
6 2  -0.0078425994
6 4  0.0000000043
6 6  -1.3078690207
7 1  -0.0000000011
7 3  -0.0078425994
7 5  0.0000000043
7 7  -1.3078690207
0 0 0 0  0.3548980089
0 0 2 0  0.0000000004
0 0 4 0  0.0015623171
0 1 1 0  0.3548980089
0 1 3 0  0.0000000004
0 1 5 0  0.0015623171
0 2 0 0  0.0000000004
0 2 2 0  0.2976676843
0 2 4 0  0.0000000001
0 2 6 0  -0.0001070241
0 3 1 0  0.0000000004
0 3 3 0  0.2976676843
0 3 5 0  0.0000000001
0 3 7 0  -0.0001070241
0 4 0 0  0.0015623171
0 4 2 0  0.0000000001
0 4 4 0  0.1310695146
0 4 6 0  -0.0000000005
0 5 1 0  0.0015623171
0 5 3 0  0.0000000001
0 5 5 0  0.1310695146
0 5 7 0  -0.0000000005
0 6 2 0  -0.0001070241
0 6 4 0  -0.0000000005
0 6 6 0  0.1092489533
0 7 3 0  -0.0001070241
0 7 5 0  -0.0000000005
0 7 7 0  0.1092489533
0 0 0 2  0.0000000004
0 0 2 2  0.0293184225
0 0 6 2  0.0001672370
0 1 1 2  0.0000000004
0 1 3 2  0.0293184225
0 1 7 2  0.0001672370
0 2 0 2  0.0293184225
0 2 2 2  0.0000000013
0 2 4 2  0.0008359879
0 3 1 2  0.0293184225
0 3 3 2  0.0000000013
0 3 5 2  0.0008359879
0 4 2 2  0.0008359879
0 4 4 2  0.0000000004
0 4 6 2  -0.0016588054
0 5 3 2  0.0008359879
0 5 5 2  0.0000000004
0 5 7 2  -0.0016588054
0 6 0 2  0.0001672370
0 6 4 2  -0.0016588054
0 6 6 2  0.0000000004
0 7 1 2  0.0001672370
0 7 5 2  -0.0016588054
0 7 7 2  0.0000000004
0 0 0 4  0.0015623171
0 0 4 4  0.0005678089
0 1 1 4  0.0015623171
0 1 5 4  0.0005678089
0 2 2 4  0.0025881979
0 2 6 4  -0.0000655794
0 3 3 4  0.0025881979
0 3 7 4  -0.0000655794
0 4 0 4  0.0005678089
0 4 4 4  0.0015623173
0 5 1 4  0.0005678089
0 5 5 4  0.0015623173
0 6 2 4  -0.0000655794
0 6 6 4  0.0025881981
0 7 3 4  -0.0000655794
0 7 7 4  0.0025881981
0 0 2 6  0.0001672370
0 0 6 6  0.0000593596
0 1 3 6  0.0001672370
0 1 7 6  0.0000593596
0 2 0 6  0.0001672370
0 2 4 6  -0.0000176462
0 3 1 6  0.0001672370
0 3 5 6  -0.0000176462
0 4 2 6  -0.0000176462
0 4 6 6  0.0008359879
0 5 3 6  -0.0000176462
0 5 7 6  0.0008359879
0 6 0 6  0.0000593596
0 6 4 6  0.0008359879
0 6 6 6  -0.0000000001
0 7 1 6  0.0000593596
0 7 5 6  0.0008359879
0 7 7 6  -0.0000000001
1 0 0 1  0.3548980089
1 0 2 1  0.0000000004
1 0 4 1  0.0015623171
1 1 1 1  0.3548980089
1 1 3 1  0.0000000004
1 1 5 1  0.0015623171
1 2 0 1  0.0000000004
1 2 2 1  0.2976676843
1 2 4 1  0.0000000001
1 2 6 1  -0.0001070241
1 3 1 1  0.0000000004
1 3 3 1  0.2976676843
1 3 5 1  0.0000000001
1 3 7 1  -0.0001070241
1 4 0 1  0.0015623171
1 4 2 1  0.0000000001
1 4 4 1  0.1310695146
1 4 6 1  -0.0000000005
1 5 1 1  0.0015623171
1 5 3 1  0.0000000001
1 5 5 1  0.1310695146
1 5 7 1  -0.0000000005
1 6 2 1  -0.0001070241
1 6 4 1  -0.0000000005
1 6 6 1  0.1092489533
1 7 3 1  -0.0001070241
1 7 5 1  -0.0000000005
1 7 7 1  0.1092489533
1 0 0 3  0.0000000004
1 0 2 3  0.0293184225
1 0 6 3  0.0001672370
1 1 1 3  0.0000000004
1 1 3 3  0.0293184225
1 1 7 3  0.0001672370
1 2 0 3  0.0293184225
1 2 2 3  0.0000000013
1 2 4 3  0.0008359879
1 3 1 3  0.0293184225
1 3 3 3  0.0000000013
1 3 5 3  0.0008359879
1 4 2 3  0.0008359879
1 4 4 3  0.0000000004
1 4 6 3  -0.0016588054
1 5 3 3  0.0008359879
1 5 5 3  0.0000000004
1 5 7 3  -0.0016588054
1 6 0 3  0.0001672370
1 6 4 3  -0.0016588054
1 6 6 3  0.0000000004
1 7 1 3  0.0001672370
1 7 5 3  -0.0016588054
1 7 7 3  0.0000000004
1 0 0 5  0.0015623171
1 0 4 5  0.0005678089
1 1 1 5  0.0015623171
1 1 5 5  0.0005678089
1 2 2 5  0.0025881979
1 2 6 5  -0.0000655794
1 3 3 5  0.0025881979
1 3 7 5  -0.0000655794
1 4 0 5  0.0005678089
1 4 4 5  0.0015623173
1 5 1 5  0.0005678089
1 5 5 5  0.0015623173
1 6 2 5  -0.0000655794
1 6 6 5  0.0025881981
1 7 3 5  -0.0000655794
1 7 7 5  0.0025881981
1 0 2 7  0.0001672370
1 0 6 7  0.0000593596
1 1 3 7  0.0001672370
1 1 7 7  0.0000593596
1 2 0 7  0.0001672370
1 2 4 7  -0.0000176462
1 3 1 7  0.0001672370
1 3 5 7  -0.0000176462
1 4 2 7  -0.0000176462
1 4 6 7  0.0008359879
1 5 3 7  -0.0000176462
1 5 7 7  0.0008359879
1 6 0 7  0.0000593596
1 6 4 7  0.0008359879
1 6 6 7  -0.0000000001
1 7 1 7  0.0000593596
1 7 5 7  0.0008359879
1 7 7 7  -0.0000000001
2 0 0 0  0.0000000004
2 0 2 0  0.0293184225
2 0 6 0  0.0001672370
2 1 1 0  0.0000000004
2 1 3 0  0.0293184225
2 1 7 0  0.0001672370
2 2 0 0  0.0293184225
2 2 2 0  0.0000000013
2 2 4 0  0.0008359879
2 3 1 0  0.0293184225
2 3 3 0  0.0000000013
2 3 5 0  0.0008359879
2 4 2 0  0.0008359879
2 4 4 0  0.0000000004
2 4 6 0  -0.0016588054
2 5 3 0  0.0008359879
2 5 5 0  0.0000000004
2 5 7 0  -0.0016588054
2 6 0 0  0.0001672370
2 6 4 0  -0.0016588054
2 6 6 0  0.0000000004
2 7 1 0  0.0001672370
2 7 5 0  -0.0016588054
2 7 7 0  0.0000000004
2 0 0 2  0.2976676843
2 0 2 2  0.0000000013
2 0 4 2  0.0025881979
2 1 1 2  0.2976676843
2 1 3 2  0.0000000013
2 1 5 2  0.0025881979
2 2 0 2  0.0000000013
2 2 2 2  0.3366456138
2 2 4 2  0.0000000003
2 2 6 2  -0.0005826134
2 3 1 2  0.0000000013
2 3 3 2  0.3366456138
2 3 5 2  0.0000000003
2 3 7 2  -0.0005826134
2 4 0 2  0.0025881979
2 4 2 2  0.0000000003
2 4 4 2  0.1092489533
2 4 6 2  -0.0000000005
2 5 1 2  0.0025881979
2 5 3 2  0.0000000003
2 5 5 2  0.1092489533
2 5 7 2  -0.0000000005
2 6 2 2  -0.0005826134
2 6 4 2  -0.0000000005
2 6 6 2  0.0945050884
2 7 3 2  -0.0005826134
2 7 5 2  -0.0000000005
2 7 7 2  0.0945050884
2 0 0 4  0.0000000001
2 0 2 4  0.0008359879
2 0 6 4  -0.0000176462
2 1 1 4  0.0000000001
2 1 3 4  0.0008359879
2 1 7 4  -0.0000176462
2 2 0 4  0.0008359879
2 2 2 4  0.0000000003
2 2 4 4  0.0000593596
2 3 1 4  0.0008359879
2 3 3 4  0.0000000003
2 3 5 4  0.0000593596
2 4 2 4  0.0000593596
2 4 4 4  -0.0000000002
2 4 6 4  0.0001672370
2 5 3 4  0.0000593596
2 5 5 4  -0.0000000002
2 5 7 4  0.0001672370
2 6 0 4  -0.0000176462
2 6 4 4  0.0001672370
2 6 6 4  -0.0000000002
2 7 1 4  -0.0000176462
2 7 5 4  0.0001672370
2 7 7 4  -0.0000000002
2 0 0 6  -0.0001070241
2 0 4 6  -0.0000655794
2 1 1 6  -0.0001070241
2 1 5 6  -0.0000655794
2 2 2 6  -0.0005826134
2 2 6 6  0.0000142307
2 3 3 6  -0.0005826134
2 3 7 6  0.0000142307
2 4 0 6  -0.0000655794
2 4 4 6  -0.0001070241
2 5 1 6  -0.0000655794
2 5 5 6  -0.0001070241
2 6 2 6  0.0000142307
2 6 6 6  -0.0005826134
2 7 3 6  0.0000142307
2 7 7 6  -0.0005826134
3 0 0 1  0.0000000004
3 0 2 1  0.0293184225
3 0 6 1  0.0001672370
3 1 1 1  0.0000000004
3 1 3 1  0.0293184225
3 1 7 1  0.0001672370
3 2 0 1  0.0293184225
3 2 2 1  0.0000000013
3 2 4 1  0.0008359879
3 3 1 1  0.0293184225
3 3 3 1  0.0000000013
3 3 5 1  0.0008359879
3 4 2 1  0.0008359879
3 4 4 1  0.0000000004
3 4 6 1  -0.0016588054
3 5 3 1  0.0008359879
3 5 5 1  0.0000000004
3 5 7 1  -0.0016588054
3 6 0 1  0.0001672370
3 6 4 1  -0.0016588054
3 6 6 1  0.0000000004
3 7 1 1  0.0001672370
3 7 5 1  -0.0016588054
3 7 7 1  0.0000000004
3 0 0 3  0.2976676843
3 0 2 3  0.0000000013
3 0 4 3  0.0025881979
3 1 1 3  0.2976676843
3 1 3 3  0.0000000013
3 1 5 3  0.0025881979
3 2 0 3  0.0000000013
3 2 2 3  0.3366456138
3 2 4 3  0.0000000003
3 2 6 3  -0.0005826134
3 3 1 3  0.0000000013
3 3 3 3  0.3366456138
3 3 5 3  0.0000000003
3 3 7 3  -0.0005826134
3 4 0 3  0.0025881979
3 4 2 3  0.0000000003
3 4 4 3  0.1092489533
3 4 6 3  -0.0000000005
3 5 1 3  0.0025881979
3 5 3 3  0.0000000003
3 5 5 3  0.1092489533
3 5 7 3  -0.0000000005
3 6 2 3  -0.0005826134
3 6 4 3  -0.0000000005
3 6 6 3  0.0945050884
3 7 3 3  -0.0005826134
3 7 5 3  -0.0000000005
3 7 7 3  0.0945050884
3 0 0 5  0.0000000001
3 0 2 5  0.0008359879
3 0 6 5  -0.0000176462
3 1 1 5  0.0000000001
3 1 3 5  0.0008359879
3 1 7 5  -0.0000176462
3 2 0 5  0.0008359879
3 2 2 5  0.0000000003
3 2 4 5  0.0000593596
3 3 1 5  0.0008359879
3 3 3 5  0.0000000003
3 3 5 5  0.0000593596
3 4 2 5  0.0000593596
3 4 4 5  -0.0000000002
3 4 6 5  0.0001672370
3 5 3 5  0.0000593596
3 5 5 5  -0.0000000002
3 5 7 5  0.0001672370
3 6 0 5  -0.0000176462
3 6 4 5  0.0001672370
3 6 6 5  -0.0000000002
3 7 1 5  -0.0000176462
3 7 5 5  0.0001672370
3 7 7 5  -0.0000000002
3 0 0 7  -0.0001070241
3 0 4 7  -0.0000655794
3 1 1 7  -0.0001070241
3 1 5 7  -0.0000655794
3 2 2 7  -0.0005826134
3 2 6 7  0.0000142307
3 3 3 7  -0.0005826134
3 3 7 7  0.0000142307
3 4 0 7  -0.0000655794
3 4 4 7  -0.0001070241
3 5 1 7  -0.0000655794
3 5 5 7  -0.0001070241
3 6 2 7  0.0000142307
3 6 6 7  -0.0005826134
3 7 3 7  0.0000142307
3 7 7 7  -0.0005826134
4 0 0 0  0.0015623171
4 0 4 0  0.0005678089
4 1 1 0  0.0015623171
4 1 5 0  0.0005678089
4 2 2 0  0.0025881979
4 2 6 0  -0.0000655794
4 3 3 0  0.0025881979
4 3 7 0  -0.0000655794
4 4 0 0  0.0005678089
4 4 4 0  0.0015623173
4 5 1 0  0.0005678089
4 5 5 0  0.0015623173
4 6 2 0  -0.0000655794
4 6 6 0  0.0025881981
4 7 3 0  -0.0000655794
4 7 7 0  0.0025881981
4 0 0 2  0.0000000001
4 0 2 2  0.0008359879
4 0 6 2  -0.0000176462
4 1 1 2  0.0000000001
4 1 3 2  0.0008359879
4 1 7 2  -0.0000176462
4 2 0 2  0.0008359879
4 2 2 2  0.0000000003
4 2 4 2  0.0000593596
4 3 1 2  0.0008359879
4 3 3 2  0.0000000003
4 3 5 2  0.0000593596
4 4 2 2  0.0000593596
4 4 4 2  -0.0000000002
4 4 6 2  0.0001672370
4 5 3 2  0.0000593596
4 5 5 2  -0.0000000002
4 5 7 2  0.0001672370
4 6 0 2  -0.0000176462
4 6 4 2  0.0001672370
4 6 6 2  -0.0000000002
4 7 1 2  -0.0000176462
4 7 5 2  0.0001672370
4 7 7 2  -0.0000000002
4 0 0 4  0.1310695146
4 0 2 4  0.0000000004
4 0 4 4  0.0015623173
4 1 1 4  0.1310695146
4 1 3 4  0.0000000004
4 1 5 4  0.0015623173
4 2 0 4  0.0000000004
4 2 2 4  0.1092489533
4 2 4 4  -0.0000000002
4 2 6 4  -0.0001070241
4 3 1 4  0.0000000004
4 3 3 4  0.1092489533
4 3 5 4  -0.0000000002
4 3 7 4  -0.0001070241
4 4 0 4  0.0015623173
4 4 2 4  -0.0000000002
4 4 4 4  0.3548980089
4 4 6 4  -0.0000000001
4 5 1 4  0.0015623173
4 5 3 4  -0.0000000002
4 5 5 4  0.3548980089
4 5 7 4  -0.0000000001
4 6 2 4  -0.0001070241
4 6 4 4  -0.0000000001
4 6 6 4  0.2976676844
4 7 3 4  -0.0001070241
4 7 5 4  -0.0000000001
4 7 7 4  0.2976676844
4 0 0 6  -0.0000000005
4 0 2 6  -0.0016588054
4 0 6 6  0.0008359879
4 1 1 6  -0.0000000005
4 1 3 6  -0.0016588054
4 1 7 6  0.0008359879
4 2 0 6  -0.0016588054
4 2 2 6  -0.0000000005
4 2 4 6  0.0001672370
4 3 1 6  -0.0016588054
4 3 3 6  -0.0000000005
4 3 5 6  0.0001672370
4 4 2 6  0.0001672370
4 4 4 6  -0.0000000001
4 4 6 6  0.0293184225
4 5 3 6  0.0001672370
4 5 5 6  -0.0000000001
4 5 7 6  0.0293184225
4 6 0 6  0.0008359879
4 6 4 6  0.0293184225
4 6 6 6  -0.0000000004
4 7 1 6  0.0008359879
4 7 5 6  0.0293184225
4 7 7 6  -0.0000000004
5 0 0 1  0.0015623171
5 0 4 1  0.0005678089
5 1 1 1  0.0015623171
5 1 5 1  0.0005678089
5 2 2 1  0.0025881979
5 2 6 1  -0.0000655794
5 3 3 1  0.0025881979
5 3 7 1  -0.0000655794
5 4 0 1  0.0005678089
5 4 4 1  0.0015623173
5 5 1 1  0.0005678089
5 5 5 1  0.0015623173
5 6 2 1  -0.0000655794
5 6 6 1  0.0025881981
5 7 3 1  -0.0000655794
5 7 7 1  0.0025881981
5 0 0 3  0.0000000001
5 0 2 3  0.0008359879
5 0 6 3  -0.0000176462
5 1 1 3  0.0000000001
5 1 3 3  0.0008359879
5 1 7 3  -0.0000176462
5 2 0 3  0.0008359879
5 2 2 3  0.0000000003
5 2 4 3  0.0000593596
5 3 1 3  0.0008359879
5 3 3 3  0.0000000003
5 3 5 3  0.0000593596
5 4 2 3  0.0000593596
5 4 4 3  -0.0000000002
5 4 6 3  0.0001672370
5 5 3 3  0.0000593596
5 5 5 3  -0.0000000002
5 5 7 3  0.0001672370
5 6 0 3  -0.0000176462
5 6 4 3  0.0001672370
5 6 6 3  -0.0000000002
5 7 1 3  -0.0000176462
5 7 5 3  0.0001672370
5 7 7 3  -0.0000000002
5 0 0 5  0.1310695146
5 0 2 5  0.0000000004
5 0 4 5  0.0015623173
5 1 1 5  0.1310695146
5 1 3 5  0.0000000004
5 1 5 5  0.0015623173
5 2 0 5  0.0000000004
5 2 2 5  0.1092489533
5 2 4 5  -0.0000000002
5 2 6 5  -0.0001070241
5 3 1 5  0.0000000004
5 3 3 5  0.1092489533
5 3 5 5  -0.0000000002
5 3 7 5  -0.0001070241
5 4 0 5  0.0015623173
5 4 2 5  -0.0000000002
5 4 4 5  0.3548980089
5 4 6 5  -0.0000000001
5 5 1 5  0.0015623173
5 5 3 5  -0.0000000002
5 5 5 5  0.3548980089
5 5 7 5  -0.0000000001
5 6 2 5  -0.0001070241
5 6 4 5  -0.0000000001
5 6 6 5  0.2976676844
5 7 3 5  -0.0001070241
5 7 5 5  -0.0000000001
5 7 7 5  0.2976676844
5 0 0 7  -0.0000000005
5 0 2 7  -0.0016588054
5 0 6 7  0.0008359879
5 1 1 7  -0.0000000005
5 1 3 7  -0.0016588054
5 1 7 7  0.0008359879
5 2 0 7  -0.0016588054
5 2 2 7  -0.0000000005
5 2 4 7  0.0001672370
5 3 1 7  -0.0016588054
5 3 3 7  -0.0000000005
5 3 5 7  0.0001672370
5 4 2 7  0.0001672370
5 4 4 7  -0.0000000001
5 4 6 7  0.0293184225
5 5 3 7  0.0001672370
5 5 5 7  -0.0000000001
5 5 7 7  0.0293184225
5 6 0 7  0.0008359879
5 6 4 7  0.0293184225
5 6 6 7  -0.0000000004
5 7 1 7  0.0008359879
5 7 5 7  0.0293184225
5 7 7 7  -0.0000000004
6 0 2 0  0.0001672370
6 0 6 0  0.0000593596
6 1 3 0  0.0001672370
6 1 7 0  0.0000593596
6 2 0 0  0.0001672370
6 2 4 0  -0.0000176462
6 3 1 0  0.0001672370
6 3 5 0  -0.0000176462
6 4 2 0  -0.0000176462
6 4 6 0  0.0008359879
6 5 3 0  -0.0000176462
6 5 7 0  0.0008359879
6 6 0 0  0.0000593596
6 6 4 0  0.0008359879
6 6 6 0  -0.0000000001
6 7 1 0  0.0000593596
6 7 5 0  0.0008359879
6 7 7 0  -0.0000000001
6 0 0 2  -0.0001070241
6 0 4 2  -0.0000655794
6 1 1 2  -0.0001070241
6 1 5 2  -0.0000655794
6 2 2 2  -0.0005826134
6 2 6 2  0.0000142307
6 3 3 2  -0.0005826134
6 3 7 2  0.0000142307
6 4 0 2  -0.0000655794
6 4 4 2  -0.0001070241
6 5 1 2  -0.0000655794
6 5 5 2  -0.0001070241
6 6 2 2  0.0000142307
6 6 6 2  -0.0005826134
6 7 3 2  0.0000142307
6 7 7 2  -0.0005826134
6 0 0 4  -0.0000000005
6 0 2 4  -0.0016588054
6 0 6 4  0.0008359879
6 1 1 4  -0.0000000005
6 1 3 4  -0.0016588054
6 1 7 4  0.0008359879
6 2 0 4  -0.0016588054
6 2 2 4  -0.0000000005
6 2 4 4  0.0001672370
6 3 1 4  -0.0016588054
6 3 3 4  -0.0000000005
6 3 5 4  0.0001672370
6 4 2 4  0.0001672370
6 4 4 4  -0.0000000001
6 4 6 4  0.0293184225
6 5 3 4  0.0001672370
6 5 5 4  -0.0000000001
6 5 7 4  0.0293184225
6 6 0 4  0.0008359879
6 6 4 4  0.0293184225
6 6 6 4  -0.0000000004
6 7 1 4  0.0008359879
6 7 5 4  0.0293184225
6 7 7 4  -0.0000000004
6 0 0 6  0.1092489533
6 0 2 6  0.0000000004
6 0 4 6  0.0025881981
6 0 6 6  -0.0000000001
6 1 1 6  0.1092489533
6 1 3 6  0.0000000004
6 1 5 6  0.0025881981
6 1 7 6  -0.0000000001
6 2 0 6  0.0000000004
6 2 2 6  0.0945050884
6 2 4 6  -0.0000000002
6 2 6 6  -0.0005826134
6 3 1 6  0.0000000004
6 3 3 6  0.0945050884
6 3 5 6  -0.0000000002
6 3 7 6  -0.0005826134
6 4 0 6  0.0025881981
6 4 2 6  -0.0000000002
6 4 4 6  0.2976676844
6 4 6 6  -0.0000000004
6 5 1 6  0.0025881981
6 5 3 6  -0.0000000002
6 5 5 6  0.2976676844
6 5 7 6  -0.0000000004
6 6 0 6  -0.0000000001
6 6 2 6  -0.0005826134
6 6 4 6  -0.0000000004
6 6 6 6  0.3366456138
6 7 1 6  -0.0000000001
6 7 3 6  -0.0005826134
6 7 5 6  -0.0000000004
6 7 7 6  0.3366456138
7 0 2 1  0.0001672370
7 0 6 1  0.0000593596
7 1 3 1  0.0001672370
7 1 7 1  0.0000593596
7 2 0 1  0.0001672370
7 2 4 1  -0.0000176462
7 3 1 1  0.0001672370
7 3 5 1  -0.0000176462
7 4 2 1  -0.0000176462
7 4 6 1  0.0008359879
7 5 3 1  -0.0000176462
7 5 7 1  0.0008359879
7 6 0 1  0.0000593596
7 6 4 1  0.0008359879
7 6 6 1  -0.0000000001
7 7 1 1  0.0000593596
7 7 5 1  0.0008359879
7 7 7 1  -0.0000000001
7 0 0 3  -0.0001070241
7 0 4 3  -0.0000655794
7 1 1 3  -0.0001070241
7 1 5 3  -0.0000655794
7 2 2 3  -0.0005826134
7 2 6 3  0.0000142307
7 3 3 3  -0.0005826134
7 3 7 3  0.0000142307
7 4 0 3  -0.0000655794
7 4 4 3  -0.0001070241
7 5 1 3  -0.0000655794
7 5 5 3  -0.0001070241
7 6 2 3  0.0000142307
7 6 6 3  -0.0005826134
7 7 3 3  0.0000142307
7 7 7 3  -0.0005826134
7 0 0 5  -0.0000000005
7 0 2 5  -0.0016588054
7 0 6 5  0.0008359879
7 1 1 5  -0.0000000005
7 1 3 5  -0.0016588054
7 1 7 5  0.0008359879
7 2 0 5  -0.0016588054
7 2 2 5  -0.0000000005
7 2 4 5  0.0001672370
7 3 1 5  -0.0016588054
7 3 3 5  -0.0000000005
7 3 5 5  0.0001672370
7 4 2 5  0.0001672370
7 4 4 5  -0.0000000001
7 4 6 5  0.0293184225
7 5 3 5  0.0001672370
7 5 5 5  -0.0000000001
7 5 7 5  0.0293184225
7 6 0 5  0.0008359879
7 6 4 5  0.0293184225
7 6 6 5  -0.0000000004
7 7 1 5  0.0008359879
7 7 5 5  0.0293184225
7 7 7 5  -0.0000000004
7 0 0 7  0.1092489533
7 0 2 7  0.0000000004
7 0 4 7  0.0025881981
7 0 6 7  -0.0000000001
7 1 1 7  0.1092489533
7 1 3 7  0.0000000004
7 1 5 7  0.0025881981
7 1 7 7  -0.0000000001
7 2 0 7  0.0000000004
7 2 2 7  0.0945050884
7 2 4 7  -0.0000000002
7 2 6 7  -0.0005826134
7 3 1 7  0.0000000004
7 3 3 7  0.0945050884
7 3 5 7  -0.0000000002
7 3 7 7  -0.0005826134
7 4 0 7  0.0025881981
7 4 2 7  -0.0000000002
7 4 4 7  0.2976676844
7 4 6 7  -0.0000000004
7 5 1 7  0.0025881981
7 5 3 7  -0.0000000002
7 5 5 7  0.2976676844
7 5 7 7  -0.0000000004
7 6 0 7  -0.0000000001
7 6 2 7  -0.0005826134
7 6 4 7  -0.0000000004
7 6 6 7  0.3366456138
7 7 1 7  -0.0000000001
7 7 3 7  -0.0005826134
7 7 5 7  -0.0000000004
7 7 7 7  0.3366456138

 E(Ref) = -77.6100020935 Hartree, <S**2> = 2.0000
 E(FCI) = -77.6344958449 Hartree, <S**2> = -0.0000
