 MO Integrals with frozen core/virtual approximation

-73.73878658719995
0 0  -1.6032327224
0 2  0.0000000003
0 4  0.1334411614
0 6  0.0000000011
1 1  -1.6032327224
1 3  0.0000000003
1 5  0.1334411614
1 7  0.0000000011
2 0  0.0000000003
2 2  -1.4021495134
2 4  0.0000000008
2 6  -0.0249772515
3 1  0.0000000003
3 3  -1.4021495134
3 5  0.0000000008
3 7  -0.0249772515
4 0  0.1334411614
4 2  0.0000000008
4 4  -1.6032327219
4 6  -0.0000000044
5 1  0.1334411614
5 3  0.0000000008
5 5  -1.6032327219
5 7  -0.0000000044
6 0  0.0000000011
6 2  -0.0249772515
6 4  -0.0000000044
6 6  -1.4021495120
7 1  0.0000000011
7 3  -0.0249772515
7 5  -0.0000000044
7 7  -1.4021495120
0 0 0 0  0.3627804244
0 0 4 0  0.0005587456
0 0 6 0  0.0000000032
0 1 1 0  0.3627804244
0 1 5 0  0.0005587456
0 1 7 0  0.0000000032
0 2 2 0  0.3013563231
0 2 6 0  0.0001225828
0 3 3 0  0.3013563231
0 3 7 0  0.0001225828
0 4 0 0  0.0005587456
0 4 4 0  0.1694147690
0 4 6 0  0.0000000010
0 5 1 0  0.0005587456
0 5 5 0  0.1694147690
0 5 7 0  0.0000000010
0 6 0 0  0.0000000032
0 6 2 0  0.0001225828
0 6 4 0  0.0000000010
0 6 6 0  0.1354476845
0 7 1 0  0.0000000032
0 7 3 0  0.0001225828
0 7 5 0  0.0000000010
0 7 7 0  0.1354476845
0 0 2 2  0.0308175836
0 0 6 2  0.0006353015
0 1 3 2  0.0308175836
0 1 7 2  0.0006353015
0 2 0 2  0.0308175836
0 2 4 2  0.0013551571
0 2 6 2  0.0000000004
0 3 1 2  0.0308175836
0 3 5 2  0.0013551571
0 3 7 2  0.0000000004
0 4 2 2  0.0013551571
0 4 4 2  0.0000000002
0 4 6 2  -0.0034527226
0 5 3 2  0.0013551571
0 5 5 2  0.0000000002
0 5 7 2  -0.0034527226
0 6 0 2  0.0006353015
0 6 2 2  0.0000000004
0 6 4 2  -0.0034527226
0 6 6 2  -0.0000000002
0 7 1 2  0.0006353015
0 7 3 2  0.0000000004
0 7 5 2  -0.0034527226
0 7 7 2  -0.0000000002
0 0 0 4  0.0005587456
0 0 4 4  0.0020191399
0 1 1 4  0.0005587456
0 1 5 4  0.0020191399
0 2 2 4  0.0037167360
0 2 6 4  -0.0003390245
0 3 3 4  0.0037167360
0 3 7 4  -0.0003390245
0 4 0 4  0.0020191399
0 4 4 4  0.0005587455
0 4 6 4  -0.0000000005
0 5 1 4  0.0020191399
0 5 5 4  0.0005587455
0 5 7 4  -0.0000000005
0 6 2 4  -0.0003390245
0 6 4 4  -0.0000000005
0 6 6 4  0.0037167359
0 7 3 4  -0.0003390245
0 7 5 4  -0.0000000005
0 7 7 4  0.0037167359
0 0 0 6  0.0000000032
0 0 2 6  0.0006353015
0 0 6 6  0.0002660190
0 1 1 6  0.0000000032
0 1 3 6  0.0006353015
0 1 7 6  0.0002660190
0 2 0 6  0.0006353015
0 2 2 6  0.0000000027
0 2 4 6  -0.0001005074
0 3 1 6  0.0006353015
0 3 3 6  0.0000000027
0 3 5 6  -0.0001005074
0 4 2 6  -0.0001005074
0 4 4 6  -0.0000000018
0 4 6 6  0.0013551570
0 5 3 6  -0.0001005074
0 5 5 6  -0.0000000018
0 5 7 6  0.0013551570
0 6 0 6  0.0002660190
0 6 4 6  0.0013551570
0 6 6 6  -0.0000000025
0 7 1 6  0.0002660190
0 7 5 6  0.0013551570
0 7 7 6  -0.0000000025
1 0 0 1  0.3627804244
1 0 4 1  0.0005587456
1 0 6 1  0.0000000032
1 1 1 1  0.3627804244
1 1 5 1  0.0005587456
1 1 7 1  0.0000000032
1 2 2 1  0.3013563231
1 2 6 1  0.0001225828
1 3 3 1  0.3013563231
1 3 7 1  0.0001225828
1 4 0 1  0.0005587456
1 4 4 1  0.1694147690
1 4 6 1  0.0000000010
1 5 1 1  0.0005587456
1 5 5 1  0.1694147690
1 5 7 1  0.0000000010
1 6 0 1  0.0000000032
1 6 2 1  0.0001225828
1 6 4 1  0.0000000010
1 6 6 1  0.1354476845
1 7 1 1  0.0000000032
1 7 3 1  0.0001225828
1 7 5 1  0.0000000010
1 7 7 1  0.1354476845
1 0 2 3  0.0308175836
1 0 6 3  0.0006353015
1 1 3 3  0.0308175836
1 1 7 3  0.0006353015
1 2 0 3  0.0308175836
1 2 4 3  0.0013551571
1 2 6 3  0.0000000004
1 3 1 3  0.0308175836
1 3 5 3  0.0013551571
1 3 7 3  0.0000000004
1 4 2 3  0.0013551571
1 4 4 3  0.0000000002
1 4 6 3  -0.0034527226
1 5 3 3  0.0013551571
1 5 5 3  0.0000000002
1 5 7 3  -0.0034527226
1 6 0 3  0.0006353015
1 6 2 3  0.0000000004
1 6 4 3  -0.0034527226
1 6 6 3  -0.0000000002
1 7 1 3  0.0006353015
1 7 3 3  0.0000000004
1 7 5 3  -0.0034527226
1 7 7 3  -0.0000000002
1 0 0 5  0.0005587456
1 0 4 5  0.0020191399
1 1 1 5  0.0005587456
1 1 5 5  0.0020191399
1 2 2 5  0.0037167360
1 2 6 5  -0.0003390245
1 3 3 5  0.0037167360
1 3 7 5  -0.0003390245
1 4 0 5  0.0020191399
1 4 4 5  0.0005587455
1 4 6 5  -0.0000000005
1 5 1 5  0.0020191399
1 5 5 5  0.0005587455
1 5 7 5  -0.0000000005
1 6 2 5  -0.0003390245
1 6 4 5  -0.0000000005
1 6 6 5  0.0037167359
1 7 3 5  -0.0003390245
1 7 5 5  -0.0000000005
1 7 7 5  0.0037167359
1 0 0 7  0.0000000032
1 0 2 7  0.0006353015
1 0 6 7  0.0002660190
1 1 1 7  0.0000000032
1 1 3 7  0.0006353015
1 1 7 7  0.0002660190
1 2 0 7  0.0006353015
1 2 2 7  0.0000000027
1 2 4 7  -0.0001005074
1 3 1 7  0.0006353015
1 3 3 7  0.0000000027
1 3 5 7  -0.0001005074
1 4 2 7  -0.0001005074
1 4 4 7  -0.0000000018
1 4 6 7  0.0013551570
1 5 3 7  -0.0001005074
1 5 5 7  -0.0000000018
1 5 7 7  0.0013551570
1 6 0 7  0.0002660190
1 6 4 7  0.0013551570
1 6 6 7  -0.0000000025
1 7 1 7  0.0002660190
1 7 5 7  0.0013551570
1 7 7 7  -0.0000000025
2 0 2 0  0.0308175836
2 0 6 0  0.0006353015
2 1 3 0  0.0308175836
2 1 7 0  0.0006353015
2 2 0 0  0.0308175836
2 2 4 0  0.0013551571
2 2 6 0  0.0000000004
2 3 1 0  0.0308175836
2 3 5 0  0.0013551571
2 3 7 0  0.0000000004
2 4 2 0  0.0013551571
2 4 4 0  0.0000000002
2 4 6 0  -0.0034527226
2 5 3 0  0.0013551571
2 5 5 0  0.0000000002
2 5 7 0  -0.0034527226
2 6 0 0  0.0006353015
2 6 2 0  0.0000000004
2 6 4 0  -0.0034527226
2 6 6 0  -0.0000000002
2 7 1 0  0.0006353015
2 7 3 0  0.0000000004
2 7 5 0  -0.0034527226
2 7 7 0  -0.0000000002
2 0 0 2  0.3013563231
2 0 4 2  0.0037167360
2 0 6 2  0.0000000027
2 1 1 2  0.3013563231
2 1 5 2  0.0037167360
2 1 7 2  0.0000000027
2 2 2 2  0.3369072430
2 2 6 2  -0.0012762094
2 3 3 2  0.3369072430
2 3 7 2  -0.0012762094
2 4 0 2  0.0037167360
2 4 4 2  0.1354476846
2 4 6 2  0.0000000007
2 5 1 2  0.0037167360
2 5 5 2  0.1354476846
2 5 7 2  0.0000000007
2 6 0 2  0.0000000027
2 6 2 2  -0.0012762094
2 6 4 2  0.0000000007
2 6 6 2  0.1140237956
2 7 1 2  0.0000000027
2 7 3 2  -0.0012762094
2 7 5 2  0.0000000007
2 7 7 2  0.1140237956
2 0 2 4  0.0013551571
2 0 6 4  -0.0001005074
2 1 3 4  0.0013551571
2 1 7 4  -0.0001005074
2 2 0 4  0.0013551571
2 2 4 4  0.0002660190
2 3 1 4  0.0013551571
2 3 5 4  0.0002660190
2 4 2 4  0.0002660190
2 4 6 4  0.0006353015
2 5 3 4  0.0002660190
2 5 7 4  0.0006353015
2 6 0 4  -0.0001005074
2 6 4 4  0.0006353015
2 6 6 4  0.0000000001
2 7 1 4  -0.0001005074
2 7 5 4  0.0006353015
2 7 7 4  0.0000000001
2 0 0 6  0.0001225828
2 0 2 6  0.0000000004
2 0 4 6  -0.0003390245
2 1 1 6  0.0001225828
2 1 3 6  0.0000000004
2 1 5 6  -0.0003390245
2 2 0 6  0.0000000004
2 2 2 6  -0.0012762094
2 2 6 6  0.0001101225
2 3 1 6  0.0000000004
2 3 3 6  -0.0012762094
2 3 7 6  0.0001101225
2 4 0 6  -0.0003390245
2 4 4 6  0.0001225828
2 5 1 6  -0.0003390245
2 5 5 6  0.0001225828
2 6 2 6  0.0001101225
2 6 6 6  -0.0012762094
2 7 3 6  0.0001101225
2 7 7 6  -0.0012762094
3 0 2 1  0.0308175836
3 0 6 1  0.0006353015
3 1 3 1  0.0308175836
3 1 7 1  0.0006353015
3 2 0 1  0.0308175836
3 2 4 1  0.0013551571
3 2 6 1  0.0000000004
3 3 1 1  0.0308175836
3 3 5 1  0.0013551571
3 3 7 1  0.0000000004
3 4 2 1  0.0013551571
3 4 4 1  0.0000000002
3 4 6 1  -0.0034527226
3 5 3 1  0.0013551571
3 5 5 1  0.0000000002
3 5 7 1  -0.0034527226
3 6 0 1  0.0006353015
3 6 2 1  0.0000000004
3 6 4 1  -0.0034527226
3 6 6 1  -0.0000000002
3 7 1 1  0.0006353015
3 7 3 1  0.0000000004
3 7 5 1  -0.0034527226
3 7 7 1  -0.0000000002
3 0 0 3  0.3013563231
3 0 4 3  0.0037167360
3 0 6 3  0.0000000027
3 1 1 3  0.3013563231
3 1 5 3  0.0037167360
3 1 7 3  0.0000000027
3 2 2 3  0.3369072430
3 2 6 3  -0.0012762094
3 3 3 3  0.3369072430
3 3 7 3  -0.0012762094
3 4 0 3  0.0037167360
3 4 4 3  0.1354476846
3 4 6 3  0.0000000007
3 5 1 3  0.0037167360
3 5 5 3  0.1354476846
3 5 7 3  0.0000000007
3 6 0 3  0.0000000027
3 6 2 3  -0.0012762094
3 6 4 3  0.0000000007
3 6 6 3  0.1140237956
3 7 1 3  0.0000000027
3 7 3 3  -0.0012762094
3 7 5 3  0.0000000007
3 7 7 3  0.1140237956
3 0 2 5  0.0013551571
3 0 6 5  -0.0001005074
3 1 3 5  0.0013551571
3 1 7 5  -0.0001005074
3 2 0 5  0.0013551571
3 2 4 5  0.0002660190
3 3 1 5  0.0013551571
3 3 5 5  0.0002660190
3 4 2 5  0.0002660190
3 4 6 5  0.0006353015
3 5 3 5  0.0002660190
3 5 7 5  0.0006353015
3 6 0 5  -0.0001005074
3 6 4 5  0.0006353015
3 6 6 5  0.0000000001
3 7 1 5  -0.0001005074
3 7 5 5  0.0006353015
3 7 7 5  0.0000000001
3 0 0 7  0.0001225828
3 0 2 7  0.0000000004
3 0 4 7  -0.0003390245
3 1 1 7  0.0001225828
3 1 3 7  0.0000000004
3 1 5 7  -0.0003390245
3 2 0 7  0.0000000004
3 2 2 7  -0.0012762094
3 2 6 7  0.0001101225
3 3 1 7  0.0000000004
3 3 3 7  -0.0012762094
3 3 7 7  0.0001101225
3 4 0 7  -0.0003390245
3 4 4 7  0.0001225828
3 5 1 7  -0.0003390245
3 5 5 7  0.0001225828
3 6 2 7  0.0001101225
3 6 6 7  -0.0012762094
3 7 3 7  0.0001101225
3 7 7 7  -0.0012762094
4 0 0 0  0.0005587456
4 0 4 0  0.0020191399
4 1 1 0  0.0005587456
4 1 5 0  0.0020191399
4 2 2 0  0.0037167360
4 2 6 0  -0.0003390245
4 3 3 0  0.0037167360
4 3 7 0  -0.0003390245
4 4 0 0  0.0020191399
4 4 4 0  0.0005587455
4 4 6 0  -0.0000000005
4 5 1 0  0.0020191399
4 5 5 0  0.0005587455
4 5 7 0  -0.0000000005
4 6 2 0  -0.0003390245
4 6 4 0  -0.0000000005
4 6 6 0  0.0037167359
4 7 3 0  -0.0003390245
4 7 5 0  -0.0000000005
4 7 7 0  0.0037167359
4 0 2 2  0.0013551571
4 0 6 2  -0.0001005074
4 1 3 2  0.0013551571
4 1 7 2  -0.0001005074
4 2 0 2  0.0013551571
4 2 4 2  0.0002660190
4 3 1 2  0.0013551571
4 3 5 2  0.0002660190
4 4 2 2  0.0002660190
4 4 6 2  0.0006353015
4 5 3 2  0.0002660190
4 5 7 2  0.0006353015
4 6 0 2  -0.0001005074
4 6 4 2  0.0006353015
4 6 6 2  0.0000000001
4 7 1 2  -0.0001005074
4 7 5 2  0.0006353015
4 7 7 2  0.0000000001
4 0 0 4  0.1694147690
4 0 2 4  0.0000000002
4 0 4 4  0.0005587455
4 0 6 4  -0.0000000018
4 1 1 4  0.1694147690
4 1 3 4  0.0000000002
4 1 5 4  0.0005587455
4 1 7 4  -0.0000000018
4 2 0 4  0.0000000002
4 2 2 4  0.1354476846
4 2 6 4  0.0001225828
4 3 1 4  0.0000000002
4 3 3 4  0.1354476846
4 3 7 4  0.0001225828
4 4 0 4  0.0005587455
4 4 4 4  0.3627804249
4 4 6 4  0.0000000001
4 5 1 4  0.0005587455
4 5 5 4  0.3627804249
4 5 7 4  0.0000000001
4 6 0 4  -0.0000000018
4 6 2 4  0.0001225828
4 6 4 4  0.0000000001
4 6 6 4  0.3013563233
4 7 1 4  -0.0000000018
4 7 3 4  0.0001225828
4 7 5 4  0.0000000001
4 7 7 4  0.3013563233
4 0 0 6  0.0000000010
4 0 2 6  -0.0034527226
4 0 4 6  -0.0000000005
4 0 6 6  0.0013551570
4 1 1 6  0.0000000010
4 1 3 6  -0.0034527226
4 1 5 6  -0.0000000005
4 1 7 6  0.0013551570
4 2 0 6  -0.0034527226
4 2 2 6  0.0000000007
4 2 4 6  0.0006353015
4 3 1 6  -0.0034527226
4 3 3 6  0.0000000007
4 3 5 6  0.0006353015
4 4 0 6  -0.0000000005
4 4 2 6  0.0006353015
4 4 4 6  0.0000000001
4 4 6 6  0.0308175836
4 5 1 6  -0.0000000005
4 5 3 6  0.0006353015
4 5 5 6  0.0000000001
4 5 7 6  0.0308175836
4 6 0 6  0.0013551570
4 6 4 6  0.0308175836
4 6 6 6  0.0000000009
4 7 1 6  0.0013551570
4 7 5 6  0.0308175836
4 7 7 6  0.0000000009
5 0 0 1  0.0005587456
5 0 4 1  0.0020191399
5 1 1 1  0.0005587456
5 1 5 1  0.0020191399
5 2 2 1  0.0037167360
5 2 6 1  -0.0003390245
5 3 3 1  0.0037167360
5 3 7 1  -0.0003390245
5 4 0 1  0.0020191399
5 4 4 1  0.0005587455
5 4 6 1  -0.0000000005
5 5 1 1  0.0020191399
5 5 5 1  0.0005587455
5 5 7 1  -0.0000000005
5 6 2 1  -0.0003390245
5 6 4 1  -0.0000000005
5 6 6 1  0.0037167359
5 7 3 1  -0.0003390245
5 7 5 1  -0.0000000005
5 7 7 1  0.0037167359
5 0 2 3  0.0013551571
5 0 6 3  -0.0001005074
5 1 3 3  0.0013551571
5 1 7 3  -0.0001005074
5 2 0 3  0.0013551571
5 2 4 3  0.0002660190
5 3 1 3  0.0013551571
5 3 5 3  0.0002660190
5 4 2 3  0.0002660190
5 4 6 3  0.0006353015
5 5 3 3  0.0002660190
5 5 7 3  0.0006353015
5 6 0 3  -0.0001005074
5 6 4 3  0.0006353015
5 6 6 3  0.0000000001
5 7 1 3  -0.0001005074
5 7 5 3  0.0006353015
5 7 7 3  0.0000000001
5 0 0 5  0.1694147690
5 0 2 5  0.0000000002
5 0 4 5  0.0005587455
5 0 6 5  -0.0000000018
5 1 1 5  0.1694147690
5 1 3 5  0.0000000002
5 1 5 5  0.0005587455
5 1 7 5  -0.0000000018
5 2 0 5  0.0000000002
5 2 2 5  0.1354476846
5 2 6 5  0.0001225828
5 3 1 5  0.0000000002
5 3 3 5  0.1354476846
5 3 7 5  0.0001225828
5 4 0 5  0.0005587455
5 4 4 5  0.3627804249
5 4 6 5  0.0000000001
5 5 1 5  0.0005587455
5 5 5 5  0.3627804249
5 5 7 5  0.0000000001
5 6 0 5  -0.0000000018
5 6 2 5  0.0001225828
5 6 4 5  0.0000000001
5 6 6 5  0.3013563233
5 7 1 5  -0.0000000018
5 7 3 5  0.0001225828
5 7 5 5  0.0000000001
5 7 7 5  0.3013563233
5 0 0 7  0.0000000010
5 0 2 7  -0.0034527226
5 0 4 7  -0.0000000005
5 0 6 7  0.0013551570
5 1 1 7  0.0000000010
5 1 3 7  -0.0034527226
5 1 5 7  -0.0000000005
5 1 7 7  0.0013551570
5 2 0 7  -0.0034527226
5 2 2 7  0.0000000007
5 2 4 7  0.0006353015
5 3 1 7  -0.0034527226
5 3 3 7  0.0000000007
5 3 5 7  0.0006353015
5 4 0 7  -0.0000000005
5 4 2 7  0.0006353015
5 4 4 7  0.0000000001
5 4 6 7  0.0308175836
5 5 1 7  -0.0000000005
5 5 3 7  0.0006353015
5 5 5 7  0.0000000001
5 5 7 7  0.0308175836
5 6 0 7  0.0013551570
5 6 4 7  0.0308175836
5 6 6 7  0.0000000009
5 7 1 7  0.0013551570
5 7 5 7  0.0308175836
5 7 7 7  0.0000000009
6 0 0 0  0.0000000032
6 0 2 0  0.0006353015
6 0 6 0  0.0002660190
6 1 1 0  0.0000000032
6 1 3 0  0.0006353015
6 1 7 0  0.0002660190
6 2 0 0  0.0006353015
6 2 2 0  0.0000000027
6 2 4 0  -0.0001005074
6 3 1 0  0.0006353015
6 3 3 0  0.0000000027
6 3 5 0  -0.0001005074
6 4 2 0  -0.0001005074
6 4 4 0  -0.0000000018
6 4 6 0  0.0013551570
6 5 3 0  -0.0001005074
6 5 5 0  -0.0000000018
6 5 7 0  0.0013551570
6 6 0 0  0.0002660190
6 6 4 0  0.0013551570
6 6 6 0  -0.0000000025
6 7 1 0  0.0002660190
6 7 5 0  0.0013551570
6 7 7 0  -0.0000000025
6 0 0 2  0.0001225828
6 0 2 2  0.0000000004
6 0 4 2  -0.0003390245
6 1 1 2  0.0001225828
6 1 3 2  0.0000000004
6 1 5 2  -0.0003390245
6 2 0 2  0.0000000004
6 2 2 2  -0.0012762094
6 2 6 2  0.0001101225
6 3 1 2  0.0000000004
6 3 3 2  -0.0012762094
6 3 7 2  0.0001101225
6 4 0 2  -0.0003390245
6 4 4 2  0.0001225828
6 5 1 2  -0.0003390245
6 5 5 2  0.0001225828
6 6 2 2  0.0001101225
6 6 6 2  -0.0012762094
6 7 3 2  0.0001101225
6 7 7 2  -0.0012762094
6 0 0 4  0.0000000010
6 0 2 4  -0.0034527226
6 0 4 4  -0.0000000005
6 0 6 4  0.0013551570
6 1 1 4  0.0000000010
6 1 3 4  -0.0034527226
6 1 5 4  -0.0000000005
6 1 7 4  0.0013551570
6 2 0 4  -0.0034527226
6 2 2 4  0.0000000007
6 2 4 4  0.0006353015
6 3 1 4  -0.0034527226
6 3 3 4  0.0000000007
6 3 5 4  0.0006353015
6 4 0 4  -0.0000000005
6 4 2 4  0.0006353015
6 4 4 4  0.0000000001
6 4 6 4  0.0308175836
6 5 1 4  -0.0000000005
6 5 3 4  0.0006353015
6 5 5 4  0.0000000001
6 5 7 4  0.0308175836
6 6 0 4  0.0013551570
6 6 4 4  0.0308175836
6 6 6 4  0.0000000009
6 7 1 4  0.0013551570
6 7 5 4  0.0308175836
6 7 7 4  0.0000000009
6 0 0 6  0.1354476845
6 0 2 6  -0.0000000002
6 0 4 6  0.0037167359
6 0 6 6  -0.0000000025
6 1 1 6  0.1354476845
6 1 3 6  -0.0000000002
6 1 5 6  0.0037167359
6 1 7 6  -0.0000000025
6 2 0 6  -0.0000000002
6 2 2 6  0.1140237956
6 2 4 6  0.0000000001
6 2 6 6  -0.0012762094
6 3 1 6  -0.0000000002
6 3 3 6  0.1140237956
6 3 5 6  0.0000000001
6 3 7 6  -0.0012762094
6 4 0 6  0.0037167359
6 4 2 6  0.0000000001
6 4 4 6  0.3013563233
6 4 6 6  0.0000000009
6 5 1 6  0.0037167359
6 5 3 6  0.0000000001
6 5 5 6  0.3013563233
6 5 7 6  0.0000000009
6 6 0 6  -0.0000000025
6 6 2 6  -0.0012762094
6 6 4 6  0.0000000009
6 6 6 6  0.3369072430
6 7 1 6  -0.0000000025
6 7 3 6  -0.0012762094
6 7 5 6  0.0000000009
6 7 7 6  0.3369072430
7 0 0 1  0.0000000032
7 0 2 1  0.0006353015
7 0 6 1  0.0002660190
7 1 1 1  0.0000000032
7 1 3 1  0.0006353015
7 1 7 1  0.0002660190
7 2 0 1  0.0006353015
7 2 2 1  0.0000000027
7 2 4 1  -0.0001005074
7 3 1 1  0.0006353015
7 3 3 1  0.0000000027
7 3 5 1  -0.0001005074
7 4 2 1  -0.0001005074
7 4 4 1  -0.0000000018
7 4 6 1  0.0013551570
7 5 3 1  -0.0001005074
7 5 5 1  -0.0000000018
7 5 7 1  0.0013551570
7 6 0 1  0.0002660190
7 6 4 1  0.0013551570
7 6 6 1  -0.0000000025
7 7 1 1  0.0002660190
7 7 5 1  0.0013551570
7 7 7 1  -0.0000000025
7 0 0 3  0.0001225828
7 0 2 3  0.0000000004
7 0 4 3  -0.0003390245
7 1 1 3  0.0001225828
7 1 3 3  0.0000000004
7 1 5 3  -0.0003390245
7 2 0 3  0.0000000004
7 2 2 3  -0.0012762094
7 2 6 3  0.0001101225
7 3 1 3  0.0000000004
7 3 3 3  -0.0012762094
7 3 7 3  0.0001101225
7 4 0 3  -0.0003390245
7 4 4 3  0.0001225828
7 5 1 3  -0.0003390245
7 5 5 3  0.0001225828
7 6 2 3  0.0001101225
7 6 6 3  -0.0012762094
7 7 3 3  0.0001101225
7 7 7 3  -0.0012762094
7 0 0 5  0.0000000010
7 0 2 5  -0.0034527226
7 0 4 5  -0.0000000005
7 0 6 5  0.0013551570
7 1 1 5  0.0000000010
7 1 3 5  -0.0034527226
7 1 5 5  -0.0000000005
7 1 7 5  0.0013551570
7 2 0 5  -0.0034527226
7 2 2 5  0.0000000007
7 2 4 5  0.0006353015
7 3 1 5  -0.0034527226
7 3 3 5  0.0000000007
7 3 5 5  0.0006353015
7 4 0 5  -0.0000000005
7 4 2 5  0.0006353015
7 4 4 5  0.0000000001
7 4 6 5  0.0308175836
7 5 1 5  -0.0000000005
7 5 3 5  0.0006353015
7 5 5 5  0.0000000001
7 5 7 5  0.0308175836
7 6 0 5  0.0013551570
7 6 4 5  0.0308175836
7 6 6 5  0.0000000009
7 7 1 5  0.0013551570
7 7 5 5  0.0308175836
7 7 7 5  0.0000000009
7 0 0 7  0.1354476845
7 0 2 7  -0.0000000002
7 0 4 7  0.0037167359
7 0 6 7  -0.0000000025
7 1 1 7  0.1354476845
7 1 3 7  -0.0000000002
7 1 5 7  0.0037167359
7 1 7 7  -0.0000000025
7 2 0 7  -0.0000000002
7 2 2 7  0.1140237956
7 2 4 7  0.0000000001
7 2 6 7  -0.0012762094
7 3 1 7  -0.0000000002
7 3 3 7  0.1140237956
7 3 5 7  0.0000000001
7 3 7 7  -0.0012762094
7 4 0 7  0.0037167359
7 4 2 7  0.0000000001
7 4 4 7  0.3013563233
7 4 6 7  0.0000000009
7 5 1 7  0.0037167359
7 5 3 7  0.0000000001
7 5 5 7  0.3013563233
7 5 7 7  0.0000000009
7 6 0 7  -0.0000000025
7 6 2 7  -0.0012762094
7 6 4 7  0.0000000009
7 6 6 7  0.3369072430
7 7 1 7  -0.0000000025
7 7 3 7  -0.0012762094
7 7 5 7  0.0000000009
7 7 7 7  0.3369072430

 E(Ref) = -77.5587282313 Hartree, <S**2> = 2.0000
 E(FCI) = -77.6891097238 Hartree, <S**2> = 0.0000
