 MO Integrals with frozen core/virtual approximation

-73.80586713352007
0 0  -1.5738793639
0 2  -0.0000000005
0 4  0.1114938455
0 6  -0.0000000057
1 1  -1.5738793639
1 3  -0.0000000005
1 5  0.1114938455
1 7  -0.0000000057
2 0  -0.0000000005
2 2  -1.3799094149
2 4  0.0000000010
2 6  -0.0199308604
3 1  -0.0000000005
3 3  -1.3799094149
3 5  0.0000000010
3 7  -0.0199308604
4 0  0.1114938455
4 2  0.0000000010
4 4  -1.5738793650
4 6  0.0000000045
5 1  0.1114938455
5 3  0.0000000010
5 5  -1.5738793650
5 7  0.0000000045
6 0  -0.0000000057
6 2  -0.0199308604
6 4  0.0000000045
6 6  -1.3799094151
7 1  -0.0000000057
7 3  -0.0199308604
7 5  0.0000000045
7 7  -1.3799094151
0 0 0 0  0.3602562053
0 0 4 0  0.0009965747
0 0 6 0  0.0000000055
0 1 1 0  0.3602562053
0 1 5 0  0.0009965747
0 1 7 0  0.0000000055
0 2 2 0  0.3001682731
0 2 4 0  0.0000000010
0 2 6 0  0.0000301808
0 3 3 0  0.3001682731
0 3 5 0  0.0000000010
0 3 7 0  0.0000301808
0 4 0 0  0.0009965747
0 4 2 0  0.0000000010
0 4 4 0  0.1605040534
0 4 6 0  -0.0000000002
0 5 1 0  0.0009965747
0 5 3 0  0.0000000010
0 5 5 0  0.1605040534
0 5 7 0  -0.0000000002
0 6 0 0  0.0000000055
0 6 2 0  0.0000301808
0 6 4 0  -0.0000000002
0 6 6 0  0.1294100817
0 7 1 0  0.0000000055
0 7 3 0  0.0000301808
0 7 5 0  -0.0000000002
0 7 7 0  0.1294100817
0 0 2 2  0.0303014826
0 0 4 2  0.0000000003
0 0 6 2  0.0004919049
0 1 3 2  0.0303014826
0 1 5 2  0.0000000003
0 1 7 2  0.0004919049
0 2 0 2  0.0303014826
0 2 4 2  0.0012813031
0 2 6 2  0.0000000008
0 3 1 2  0.0303014826
0 3 5 2  0.0012813031
0 3 7 2  0.0000000008
0 4 0 2  0.0000000003
0 4 2 2  0.0012813031
0 4 6 2  -0.0029583320
0 5 1 2  0.0000000003
0 5 3 2  0.0012813031
0 5 7 2  -0.0029583320
0 6 0 2  0.0004919049
0 6 2 2  0.0000000008
0 6 4 2  -0.0029583320
0 6 6 2  0.0000000001
0 7 1 2  0.0004919049
0 7 3 2  0.0000000008
0 7 5 2  -0.0029583320
0 7 7 2  0.0000000001
0 0 0 4  0.0009965747
0 0 2 4  0.0000000003
0 0 4 4  0.0016208381
0 0 6 4  -0.0000000001
0 1 1 4  0.0009965747
0 1 3 4  0.0000000003
0 1 5 4  0.0016208381
0 1 7 4  -0.0000000001
0 2 0 4  0.0000000003
0 2 2 4  0.0035879937
0 2 6 4  -0.0002504963
0 3 1 4  0.0000000003
0 3 3 4  0.0035879937
0 3 7 4  -0.0002504963
0 4 0 4  0.0016208381
0 4 4 4  0.0009965746
0 4 6 4  -0.0000000007
0 5 1 4  0.0016208381
0 5 5 4  0.0009965746
0 5 7 4  -0.0000000007
0 6 0 4  -0.0000000001
0 6 2 4  -0.0002504963
0 6 4 4  -0.0000000007
0 6 6 4  0.0035879937
0 7 1 4  -0.0000000001
0 7 3 4  -0.0002504963
0 7 5 4  -0.0000000007
0 7 7 4  0.0035879937
0 0 0 6  0.0000000055
0 0 2 6  0.0004919049
0 0 4 6  -0.0000000001
0 0 6 6  0.0002043264
0 1 1 6  0.0000000055
0 1 3 6  0.0004919049
0 1 5 6  -0.0000000001
0 1 7 6  0.0002043264
0 2 0 6  0.0004919049
0 2 2 6  0.0000000044
0 2 4 6  -0.0000721386
0 3 1 6  0.0004919049
0 3 3 6  0.0000000044
0 3 5 6  -0.0000721386
0 4 0 6  -0.0000000001
0 4 2 6  -0.0000721386
0 4 4 6  -0.0000000030
0 4 6 6  0.0012813030
0 5 1 6  -0.0000000001
0 5 3 6  -0.0000721386
0 5 5 6  -0.0000000030
0 5 7 6  0.0012813030
0 6 0 6  0.0002043264
0 6 4 6  0.0012813030
0 6 6 6  -0.0000000046
0 7 1 6  0.0002043264
0 7 5 6  0.0012813030
0 7 7 6  -0.0000000046
1 0 0 1  0.3602562053
1 0 4 1  0.0009965747
1 0 6 1  0.0000000055
1 1 1 1  0.3602562053
1 1 5 1  0.0009965747
1 1 7 1  0.0000000055
1 2 2 1  0.3001682731
1 2 4 1  0.0000000010
1 2 6 1  0.0000301808
1 3 3 1  0.3001682731
1 3 5 1  0.0000000010
1 3 7 1  0.0000301808
1 4 0 1  0.0009965747
1 4 2 1  0.0000000010
1 4 4 1  0.1605040534
1 4 6 1  -0.0000000002
1 5 1 1  0.0009965747
1 5 3 1  0.0000000010
1 5 5 1  0.1605040534
1 5 7 1  -0.0000000002
1 6 0 1  0.0000000055
1 6 2 1  0.0000301808
1 6 4 1  -0.0000000002
1 6 6 1  0.1294100817
1 7 1 1  0.0000000055
1 7 3 1  0.0000301808
1 7 5 1  -0.0000000002
1 7 7 1  0.1294100817
1 0 2 3  0.0303014826
1 0 4 3  0.0000000003
1 0 6 3  0.0004919049
1 1 3 3  0.0303014826
1 1 5 3  0.0000000003
1 1 7 3  0.0004919049
1 2 0 3  0.0303014826
1 2 4 3  0.0012813031
1 2 6 3  0.0000000008
1 3 1 3  0.0303014826
1 3 5 3  0.0012813031
1 3 7 3  0.0000000008
1 4 0 3  0.0000000003
1 4 2 3  0.0012813031
1 4 6 3  -0.0029583320
1 5 1 3  0.0000000003
1 5 3 3  0.0012813031
1 5 7 3  -0.0029583320
1 6 0 3  0.0004919049
1 6 2 3  0.0000000008
1 6 4 3  -0.0029583320
1 6 6 3  0.0000000001
1 7 1 3  0.0004919049
1 7 3 3  0.0000000008
1 7 5 3  -0.0029583320
1 7 7 3  0.0000000001
1 0 0 5  0.0009965747
1 0 2 5  0.0000000003
1 0 4 5  0.0016208381
1 0 6 5  -0.0000000001
1 1 1 5  0.0009965747
1 1 3 5  0.0000000003
1 1 5 5  0.0016208381
1 1 7 5  -0.0000000001
1 2 0 5  0.0000000003
1 2 2 5  0.0035879937
1 2 6 5  -0.0002504963
1 3 1 5  0.0000000003
1 3 3 5  0.0035879937
1 3 7 5  -0.0002504963
1 4 0 5  0.0016208381
1 4 4 5  0.0009965746
1 4 6 5  -0.0000000007
1 5 1 5  0.0016208381
1 5 5 5  0.0009965746
1 5 7 5  -0.0000000007
1 6 0 5  -0.0000000001
1 6 2 5  -0.0002504963
1 6 4 5  -0.0000000007
1 6 6 5  0.0035879937
1 7 1 5  -0.0000000001
1 7 3 5  -0.0002504963
1 7 5 5  -0.0000000007
1 7 7 5  0.0035879937
1 0 0 7  0.0000000055
1 0 2 7  0.0004919049
1 0 4 7  -0.0000000001
1 0 6 7  0.0002043264
1 1 1 7  0.0000000055
1 1 3 7  0.0004919049
1 1 5 7  -0.0000000001
1 1 7 7  0.0002043264
1 2 0 7  0.0004919049
1 2 2 7  0.0000000044
1 2 4 7  -0.0000721386
1 3 1 7  0.0004919049
1 3 3 7  0.0000000044
1 3 5 7  -0.0000721386
1 4 0 7  -0.0000000001
1 4 2 7  -0.0000721386
1 4 4 7  -0.0000000030
1 4 6 7  0.0012813030
1 5 1 7  -0.0000000001
1 5 3 7  -0.0000721386
1 5 5 7  -0.0000000030
1 5 7 7  0.0012813030
1 6 0 7  0.0002043264
1 6 4 7  0.0012813030
1 6 6 7  -0.0000000046
1 7 1 7  0.0002043264
1 7 5 7  0.0012813030
1 7 7 7  -0.0000000046
2 0 2 0  0.0303014826
2 0 4 0  0.0000000003
2 0 6 0  0.0004919049
2 1 3 0  0.0303014826
2 1 5 0  0.0000000003
2 1 7 0  0.0004919049
2 2 0 0  0.0303014826
2 2 4 0  0.0012813031
2 2 6 0  0.0000000008
2 3 1 0  0.0303014826
2 3 5 0  0.0012813031
2 3 7 0  0.0000000008
2 4 0 0  0.0000000003
2 4 2 0  0.0012813031
2 4 6 0  -0.0029583320
2 5 1 0  0.0000000003
2 5 3 0  0.0012813031
2 5 7 0  -0.0029583320
2 6 0 0  0.0004919049
2 6 2 0  0.0000000008
2 6 4 0  -0.0029583320
2 6 6 0  0.0000000001
2 7 1 0  0.0004919049
2 7 3 0  0.0000000008
2 7 5 0  -0.0029583320
2 7 7 0  0.0000000001
2 0 0 2  0.3001682731
2 0 4 2  0.0035879937
2 0 6 2  0.0000000044
2 1 1 2  0.3001682731
2 1 5 2  0.0035879937
2 1 7 2  0.0000000044
2 2 2 2  0.3368086677
2 2 4 2  0.0000000014
2 2 6 2  -0.0011139831
2 3 3 2  0.3368086677
2 3 5 2  0.0000000014
2 3 7 2  -0.0011139831
2 4 0 2  0.0035879937
2 4 2 2  0.0000000014
2 4 4 2  0.1294100818
2 5 1 2  0.0035879937
2 5 3 2  0.0000000014
2 5 5 2  0.1294100818
2 6 0 2  0.0000000044
2 6 2 2  -0.0011139831
2 6 6 2  0.1095384244
2 7 1 2  0.0000000044
2 7 3 2  -0.0011139831
2 7 7 2  0.1095384244
2 0 0 4  0.0000000010
2 0 2 4  0.0012813031
2 0 6 4  -0.0000721386
2 1 1 4  0.0000000010
2 1 3 4  0.0012813031
2 1 7 4  -0.0000721386
2 2 0 4  0.0012813031
2 2 2 4  0.0000000014
2 2 4 4  0.0002043264
2 3 1 4  0.0012813031
2 3 3 4  0.0000000014
2 3 5 4  0.0002043264
2 4 2 4  0.0002043264
2 4 4 4  -0.0000000014
2 4 6 4  0.0004919049
2 5 3 4  0.0002043264
2 5 5 4  -0.0000000014
2 5 7 4  0.0004919049
2 6 0 4  -0.0000721386
2 6 4 4  0.0004919049
2 6 6 4  -0.0000000012
2 7 1 4  -0.0000721386
2 7 5 4  0.0004919049
2 7 7 4  -0.0000000012
2 0 0 6  0.0000301808
2 0 2 6  0.0000000008
2 0 4 6  -0.0002504963
2 1 1 6  0.0000301808
2 1 3 6  0.0000000008
2 1 5 6  -0.0002504963
2 2 0 6  0.0000000008
2 2 2 6  -0.0011139831
2 2 6 6  0.0000746882
2 3 1 6  0.0000000008
2 3 3 6  -0.0011139831
2 3 7 6  0.0000746882
2 4 0 6  -0.0002504963
2 4 4 6  0.0000301808
2 4 6 6  -0.0000000004
2 5 1 6  -0.0002504963
2 5 5 6  0.0000301808
2 5 7 6  -0.0000000004
2 6 2 6  0.0000746882
2 6 4 6  -0.0000000004
2 6 6 6  -0.0011139831
2 7 3 6  0.0000746882
2 7 5 6  -0.0000000004
2 7 7 6  -0.0011139831
3 0 2 1  0.0303014826
3 0 4 1  0.0000000003
3 0 6 1  0.0004919049
3 1 3 1  0.0303014826
3 1 5 1  0.0000000003
3 1 7 1  0.0004919049
3 2 0 1  0.0303014826
3 2 4 1  0.0012813031
3 2 6 1  0.0000000008
3 3 1 1  0.0303014826
3 3 5 1  0.0012813031
3 3 7 1  0.0000000008
3 4 0 1  0.0000000003
3 4 2 1  0.0012813031
3 4 6 1  -0.0029583320
3 5 1 1  0.0000000003
3 5 3 1  0.0012813031
3 5 7 1  -0.0029583320
3 6 0 1  0.0004919049
3 6 2 1  0.0000000008
3 6 4 1  -0.0029583320
3 6 6 1  0.0000000001
3 7 1 1  0.0004919049
3 7 3 1  0.0000000008
3 7 5 1  -0.0029583320
3 7 7 1  0.0000000001
3 0 0 3  0.3001682731
3 0 4 3  0.0035879937
3 0 6 3  0.0000000044
3 1 1 3  0.3001682731
3 1 5 3  0.0035879937
3 1 7 3  0.0000000044
3 2 2 3  0.3368086677
3 2 4 3  0.0000000014
3 2 6 3  -0.0011139831
3 3 3 3  0.3368086677
3 3 5 3  0.0000000014
3 3 7 3  -0.0011139831
3 4 0 3  0.0035879937
3 4 2 3  0.0000000014
3 4 4 3  0.1294100818
3 5 1 3  0.0035879937
3 5 3 3  0.0000000014
3 5 5 3  0.1294100818
3 6 0 3  0.0000000044
3 6 2 3  -0.0011139831
3 6 6 3  0.1095384244
3 7 1 3  0.0000000044
3 7 3 3  -0.0011139831
3 7 7 3  0.1095384244
3 0 0 5  0.0000000010
3 0 2 5  0.0012813031
3 0 6 5  -0.0000721386
3 1 1 5  0.0000000010
3 1 3 5  0.0012813031
3 1 7 5  -0.0000721386
3 2 0 5  0.0012813031
3 2 2 5  0.0000000014
3 2 4 5  0.0002043264
3 3 1 5  0.0012813031
3 3 3 5  0.0000000014
3 3 5 5  0.0002043264
3 4 2 5  0.0002043264
3 4 4 5  -0.0000000014
3 4 6 5  0.0004919049
3 5 3 5  0.0002043264
3 5 5 5  -0.0000000014
3 5 7 5  0.0004919049
3 6 0 5  -0.0000721386
3 6 4 5  0.0004919049
3 6 6 5  -0.0000000012
3 7 1 5  -0.0000721386
3 7 5 5  0.0004919049
3 7 7 5  -0.0000000012
3 0 0 7  0.0000301808
3 0 2 7  0.0000000008
3 0 4 7  -0.0002504963
3 1 1 7  0.0000301808
3 1 3 7  0.0000000008
3 1 5 7  -0.0002504963
3 2 0 7  0.0000000008
3 2 2 7  -0.0011139831
3 2 6 7  0.0000746882
3 3 1 7  0.0000000008
3 3 3 7  -0.0011139831
3 3 7 7  0.0000746882
3 4 0 7  -0.0002504963
3 4 4 7  0.0000301808
3 4 6 7  -0.0000000004
3 5 1 7  -0.0002504963
3 5 5 7  0.0000301808
3 5 7 7  -0.0000000004
3 6 2 7  0.0000746882
3 6 4 7  -0.0000000004
3 6 6 7  -0.0011139831
3 7 3 7  0.0000746882
3 7 5 7  -0.0000000004
3 7 7 7  -0.0011139831
4 0 0 0  0.0009965747
4 0 2 0  0.0000000003
4 0 4 0  0.0016208381
4 0 6 0  -0.0000000001
4 1 1 0  0.0009965747
4 1 3 0  0.0000000003
4 1 5 0  0.0016208381
4 1 7 0  -0.0000000001
4 2 0 0  0.0000000003
4 2 2 0  0.0035879937
4 2 6 0  -0.0002504963
4 3 1 0  0.0000000003
4 3 3 0  0.0035879937
4 3 7 0  -0.0002504963
4 4 0 0  0.0016208381
4 4 4 0  0.0009965746
4 4 6 0  -0.0000000007
4 5 1 0  0.0016208381
4 5 5 0  0.0009965746
4 5 7 0  -0.0000000007
4 6 0 0  -0.0000000001
4 6 2 0  -0.0002504963
4 6 4 0  -0.0000000007
4 6 6 0  0.0035879937
4 7 1 0  -0.0000000001
4 7 3 0  -0.0002504963
4 7 5 0  -0.0000000007
4 7 7 0  0.0035879937
4 0 0 2  0.0000000010
4 0 2 2  0.0012813031
4 0 6 2  -0.0000721386
4 1 1 2  0.0000000010
4 1 3 2  0.0012813031
4 1 7 2  -0.0000721386
4 2 0 2  0.0012813031
4 2 2 2  0.0000000014
4 2 4 2  0.0002043264
4 3 1 2  0.0012813031
4 3 3 2  0.0000000014
4 3 5 2  0.0002043264
4 4 2 2  0.0002043264
4 4 4 2  -0.0000000014
4 4 6 2  0.0004919049
4 5 3 2  0.0002043264
4 5 5 2  -0.0000000014
4 5 7 2  0.0004919049
4 6 0 2  -0.0000721386
4 6 4 2  0.0004919049
4 6 6 2  -0.0000000012
4 7 1 2  -0.0000721386
4 7 5 2  0.0004919049
4 7 7 2  -0.0000000012
4 0 0 4  0.1605040534
4 0 4 4  0.0009965746
4 0 6 4  -0.0000000030
4 1 1 4  0.1605040534
4 1 5 4  0.0009965746
4 1 7 4  -0.0000000030
4 2 2 4  0.1294100818
4 2 4 4  -0.0000000014
4 2 6 4  0.0000301808
4 3 3 4  0.1294100818
4 3 5 4  -0.0000000014
4 3 7 4  0.0000301808
4 4 0 4  0.0009965746
4 4 2 4  -0.0000000014
4 4 4 4  0.3602562058
4 4 6 4  -0.0000000002
4 5 1 4  0.0009965746
4 5 3 4  -0.0000000014
4 5 5 4  0.3602562058
4 5 7 4  -0.0000000002
4 6 0 4  -0.0000000030
4 6 2 4  0.0000301808
4 6 4 4  -0.0000000002
4 6 6 4  0.3001682733
4 7 1 4  -0.0000000030
4 7 3 4  0.0000301808
4 7 5 4  -0.0000000002
4 7 7 4  0.3001682733
4 0 0 6  -0.0000000002
4 0 2 6  -0.0029583320
4 0 4 6  -0.0000000007
4 0 6 6  0.0012813030
4 1 1 6  -0.0000000002
4 1 3 6  -0.0029583320
4 1 5 6  -0.0000000007
4 1 7 6  0.0012813030
4 2 0 6  -0.0029583320
4 2 4 6  0.0004919049
4 2 6 6  -0.0000000004
4 3 1 6  -0.0029583320
4 3 5 6  0.0004919049
4 3 7 6  -0.0000000004
4 4 0 6  -0.0000000007
4 4 2 6  0.0004919049
4 4 4 6  -0.0000000002
4 4 6 6  0.0303014826
4 5 1 6  -0.0000000007
4 5 3 6  0.0004919049
4 5 5 6  -0.0000000002
4 5 7 6  0.0303014826
4 6 0 6  0.0012813030
4 6 2 6  -0.0000000004
4 6 4 6  0.0303014826
4 6 6 6  -0.0000000003
4 7 1 6  0.0012813030
4 7 3 6  -0.0000000004
4 7 5 6  0.0303014826
4 7 7 6  -0.0000000003
5 0 0 1  0.0009965747
5 0 2 1  0.0000000003
5 0 4 1  0.0016208381
5 0 6 1  -0.0000000001
5 1 1 1  0.0009965747
5 1 3 1  0.0000000003
5 1 5 1  0.0016208381
5 1 7 1  -0.0000000001
5 2 0 1  0.0000000003
5 2 2 1  0.0035879937
5 2 6 1  -0.0002504963
5 3 1 1  0.0000000003
5 3 3 1  0.0035879937
5 3 7 1  -0.0002504963
5 4 0 1  0.0016208381
5 4 4 1  0.0009965746
5 4 6 1  -0.0000000007
5 5 1 1  0.0016208381
5 5 5 1  0.0009965746
5 5 7 1  -0.0000000007
5 6 0 1  -0.0000000001
5 6 2 1  -0.0002504963
5 6 4 1  -0.0000000007
5 6 6 1  0.0035879937
5 7 1 1  -0.0000000001
5 7 3 1  -0.0002504963
5 7 5 1  -0.0000000007
5 7 7 1  0.0035879937
5 0 0 3  0.0000000010
5 0 2 3  0.0012813031
5 0 6 3  -0.0000721386
5 1 1 3  0.0000000010
5 1 3 3  0.0012813031
5 1 7 3  -0.0000721386
5 2 0 3  0.0012813031
5 2 2 3  0.0000000014
5 2 4 3  0.0002043264
5 3 1 3  0.0012813031
5 3 3 3  0.0000000014
5 3 5 3  0.0002043264
5 4 2 3  0.0002043264
5 4 4 3  -0.0000000014
5 4 6 3  0.0004919049
5 5 3 3  0.0002043264
5 5 5 3  -0.0000000014
5 5 7 3  0.0004919049
5 6 0 3  -0.0000721386
5 6 4 3  0.0004919049
5 6 6 3  -0.0000000012
5 7 1 3  -0.0000721386
5 7 5 3  0.0004919049
5 7 7 3  -0.0000000012
5 0 0 5  0.1605040534
5 0 4 5  0.0009965746
5 0 6 5  -0.0000000030
5 1 1 5  0.1605040534
5 1 5 5  0.0009965746
5 1 7 5  -0.0000000030
5 2 2 5  0.1294100818
5 2 4 5  -0.0000000014
5 2 6 5  0.0000301808
5 3 3 5  0.1294100818
5 3 5 5  -0.0000000014
5 3 7 5  0.0000301808
5 4 0 5  0.0009965746
5 4 2 5  -0.0000000014
5 4 4 5  0.3602562058
5 4 6 5  -0.0000000002
5 5 1 5  0.0009965746
5 5 3 5  -0.0000000014
5 5 5 5  0.3602562058
5 5 7 5  -0.0000000002
5 6 0 5  -0.0000000030
5 6 2 5  0.0000301808
5 6 4 5  -0.0000000002
5 6 6 5  0.3001682733
5 7 1 5  -0.0000000030
5 7 3 5  0.0000301808
5 7 5 5  -0.0000000002
5 7 7 5  0.3001682733
5 0 0 7  -0.0000000002
5 0 2 7  -0.0029583320
5 0 4 7  -0.0000000007
5 0 6 7  0.0012813030
5 1 1 7  -0.0000000002
5 1 3 7  -0.0029583320
5 1 5 7  -0.0000000007
5 1 7 7  0.0012813030
5 2 0 7  -0.0029583320
5 2 4 7  0.0004919049
5 2 6 7  -0.0000000004
5 3 1 7  -0.0029583320
5 3 5 7  0.0004919049
5 3 7 7  -0.0000000004
5 4 0 7  -0.0000000007
5 4 2 7  0.0004919049
5 4 4 7  -0.0000000002
5 4 6 7  0.0303014826
5 5 1 7  -0.0000000007
5 5 3 7  0.0004919049
5 5 5 7  -0.0000000002
5 5 7 7  0.0303014826
5 6 0 7  0.0012813030
5 6 2 7  -0.0000000004
5 6 4 7  0.0303014826
5 6 6 7  -0.0000000003
5 7 1 7  0.0012813030
5 7 3 7  -0.0000000004
5 7 5 7  0.0303014826
5 7 7 7  -0.0000000003
6 0 0 0  0.0000000055
6 0 2 0  0.0004919049
6 0 4 0  -0.0000000001
6 0 6 0  0.0002043264
6 1 1 0  0.0000000055
6 1 3 0  0.0004919049
6 1 5 0  -0.0000000001
6 1 7 0  0.0002043264
6 2 0 0  0.0004919049
6 2 2 0  0.0000000044
6 2 4 0  -0.0000721386
6 3 1 0  0.0004919049
6 3 3 0  0.0000000044
6 3 5 0  -0.0000721386
6 4 0 0  -0.0000000001
6 4 2 0  -0.0000721386
6 4 4 0  -0.0000000030
6 4 6 0  0.0012813030
6 5 1 0  -0.0000000001
6 5 3 0  -0.0000721386
6 5 5 0  -0.0000000030
6 5 7 0  0.0012813030
6 6 0 0  0.0002043264
6 6 4 0  0.0012813030
6 6 6 0  -0.0000000046
6 7 1 0  0.0002043264
6 7 5 0  0.0012813030
6 7 7 0  -0.0000000046
6 0 0 2  0.0000301808
6 0 2 2  0.0000000008
6 0 4 2  -0.0002504963
6 1 1 2  0.0000301808
6 1 3 2  0.0000000008
6 1 5 2  -0.0002504963
6 2 0 2  0.0000000008
6 2 2 2  -0.0011139831
6 2 6 2  0.0000746882
6 3 1 2  0.0000000008
6 3 3 2  -0.0011139831
6 3 7 2  0.0000746882
6 4 0 2  -0.0002504963
6 4 4 2  0.0000301808
6 4 6 2  -0.0000000004
6 5 1 2  -0.0002504963
6 5 5 2  0.0000301808
6 5 7 2  -0.0000000004
6 6 2 2  0.0000746882
6 6 4 2  -0.0000000004
6 6 6 2  -0.0011139831
6 7 3 2  0.0000746882
6 7 5 2  -0.0000000004
6 7 7 2  -0.0011139831
6 0 0 4  -0.0000000002
6 0 2 4  -0.0029583320
6 0 4 4  -0.0000000007
6 0 6 4  0.0012813030
6 1 1 4  -0.0000000002
6 1 3 4  -0.0029583320
6 1 5 4  -0.0000000007
6 1 7 4  0.0012813030
6 2 0 4  -0.0029583320
6 2 4 4  0.0004919049
6 2 6 4  -0.0000000004
6 3 1 4  -0.0029583320
6 3 5 4  0.0004919049
6 3 7 4  -0.0000000004
6 4 0 4  -0.0000000007
6 4 2 4  0.0004919049
6 4 4 4  -0.0000000002
6 4 6 4  0.0303014826
6 5 1 4  -0.0000000007
6 5 3 4  0.0004919049
6 5 5 4  -0.0000000002
6 5 7 4  0.0303014826
6 6 0 4  0.0012813030
6 6 2 4  -0.0000000004
6 6 4 4  0.0303014826
6 6 6 4  -0.0000000003
6 7 1 4  0.0012813030
6 7 3 4  -0.0000000004
6 7 5 4  0.0303014826
6 7 7 4  -0.0000000003
6 0 0 6  0.1294100817
6 0 2 6  0.0000000001
6 0 4 6  0.0035879937
6 0 6 6  -0.0000000046
6 1 1 6  0.1294100817
6 1 3 6  0.0000000001
6 1 5 6  0.0035879937
6 1 7 6  -0.0000000046
6 2 0 6  0.0000000001
6 2 2 6  0.1095384244
6 2 4 6  -0.0000000012
6 2 6 6  -0.0011139831
6 3 1 6  0.0000000001
6 3 3 6  0.1095384244
6 3 5 6  -0.0000000012
6 3 7 6  -0.0011139831
6 4 0 6  0.0035879937
6 4 2 6  -0.0000000012
6 4 4 6  0.3001682733
6 4 6 6  -0.0000000003
6 5 1 6  0.0035879937
6 5 3 6  -0.0000000012
6 5 5 6  0.3001682733
6 5 7 6  -0.0000000003
6 6 0 6  -0.0000000046
6 6 2 6  -0.0011139831
6 6 4 6  -0.0000000003
6 6 6 6  0.3368086677
6 7 1 6  -0.0000000046
6 7 3 6  -0.0011139831
6 7 5 6  -0.0000000003
6 7 7 6  0.3368086677
7 0 0 1  0.0000000055
7 0 2 1  0.0004919049
7 0 4 1  -0.0000000001
7 0 6 1  0.0002043264
7 1 1 1  0.0000000055
7 1 3 1  0.0004919049
7 1 5 1  -0.0000000001
7 1 7 1  0.0002043264
7 2 0 1  0.0004919049
7 2 2 1  0.0000000044
7 2 4 1  -0.0000721386
7 3 1 1  0.0004919049
7 3 3 1  0.0000000044
7 3 5 1  -0.0000721386
7 4 0 1  -0.0000000001
7 4 2 1  -0.0000721386
7 4 4 1  -0.0000000030
7 4 6 1  0.0012813030
7 5 1 1  -0.0000000001
7 5 3 1  -0.0000721386
7 5 5 1  -0.0000000030
7 5 7 1  0.0012813030
7 6 0 1  0.0002043264
7 6 4 1  0.0012813030
7 6 6 1  -0.0000000046
7 7 1 1  0.0002043264
7 7 5 1  0.0012813030
7 7 7 1  -0.0000000046
7 0 0 3  0.0000301808
7 0 2 3  0.0000000008
7 0 4 3  -0.0002504963
7 1 1 3  0.0000301808
7 1 3 3  0.0000000008
7 1 5 3  -0.0002504963
7 2 0 3  0.0000000008
7 2 2 3  -0.0011139831
7 2 6 3  0.0000746882
7 3 1 3  0.0000000008
7 3 3 3  -0.0011139831
7 3 7 3  0.0000746882
7 4 0 3  -0.0002504963
7 4 4 3  0.0000301808
7 4 6 3  -0.0000000004
7 5 1 3  -0.0002504963
7 5 5 3  0.0000301808
7 5 7 3  -0.0000000004
7 6 2 3  0.0000746882
7 6 4 3  -0.0000000004
7 6 6 3  -0.0011139831
7 7 3 3  0.0000746882
7 7 5 3  -0.0000000004
7 7 7 3  -0.0011139831
7 0 0 5  -0.0000000002
7 0 2 5  -0.0029583320
7 0 4 5  -0.0000000007
7 0 6 5  0.0012813030
7 1 1 5  -0.0000000002
7 1 3 5  -0.0029583320
7 1 5 5  -0.0000000007
7 1 7 5  0.0012813030
7 2 0 5  -0.0029583320
7 2 4 5  0.0004919049
7 2 6 5  -0.0000000004
7 3 1 5  -0.0029583320
7 3 5 5  0.0004919049
7 3 7 5  -0.0000000004
7 4 0 5  -0.0000000007
7 4 2 5  0.0004919049
7 4 4 5  -0.0000000002
7 4 6 5  0.0303014826
7 5 1 5  -0.0000000007
7 5 3 5  0.0004919049
7 5 5 5  -0.0000000002
7 5 7 5  0.0303014826
7 6 0 5  0.0012813030
7 6 2 5  -0.0000000004
7 6 4 5  0.0303014826
7 6 6 5  -0.0000000003
7 7 1 5  0.0012813030
7 7 3 5  -0.0000000004
7 7 5 5  0.0303014826
7 7 7 5  -0.0000000003
7 0 0 7  0.1294100817
7 0 2 7  0.0000000001
7 0 4 7  0.0035879937
7 0 6 7  -0.0000000046
7 1 1 7  0.1294100817
7 1 3 7  0.0000000001
7 1 5 7  0.0035879937
7 1 7 7  -0.0000000046
7 2 0 7  0.0000000001
7 2 2 7  0.1095384244
7 2 4 7  -0.0000000012
7 2 6 7  -0.0011139831
7 3 1 7  0.0000000001
7 3 3 7  0.1095384244
7 3 5 7  -0.0000000012
7 3 7 7  -0.0011139831
7 4 0 7  0.0035879937
7 4 2 7  -0.0000000012
7 4 4 7  0.3001682733
7 4 6 7  -0.0000000003
7 5 1 7  0.0035879937
7 5 3 7  -0.0000000012
7 5 5 7  0.3001682733
7 5 7 7  -0.0000000003
7 6 0 7  -0.0000000046
7 6 2 7  -0.0011139831
7 6 4 7  -0.0000000003
7 6 6 7  0.3368086677
7 7 1 7  -0.0000000046
7 7 3 7  -0.0011139831
7 7 5 7  -0.0000000003
7 7 7 7  0.3368086677

 E(Ref) = -77.5762522475 Hartree, <S**2> = 2.0000
 E(FCI) = -77.6719097968 Hartree, <S**2> = 0.0000
