 MO Integrals with frozen core/virtual approximation

-72.79337560054493
0 0  -1.8739022432
0 2  0.0000000014
0 4  -0.4423982732
0 6  0.0000000013
1 1  -1.8739022432
1 3  0.0000000014
1 5  -0.4423982732
1 7  0.0000000013
2 0  0.0000000014
2 2  -1.5914445548
2 4  0.0000000006
2 6  -0.0880662407
3 1  0.0000000014
3 3  -1.5914445548
3 5  0.0000000006
3 7  -0.0880662407
4 0  -0.4423982732
4 2  0.0000000006
4 4  -1.8739022443
4 6  -0.0000000024
5 1  -0.4423982732
5 3  0.0000000006
5 5  -1.8739022443
5 7  -0.0000000024
6 0  0.0000000013
6 2  -0.0880662407
6 4  -0.0000000024
6 6  -1.5914445551
7 1  0.0000000013
7 3  -0.0880662407
7 5  -0.0000000024
7 7  -1.5914445551
0 0 0 0  0.3828445092
0 0 2 0  -0.0000000001
0 0 4 0  0.0097768161
0 0 6 0  0.0000000020
0 1 1 0  0.3828445092
0 1 3 0  -0.0000000001
0 1 5 0  0.0097768161
0 1 7 0  0.0000000020
0 2 0 0  -0.0000000001
0 2 2 0  0.3130333558
0 2 4 0  -0.0000000005
0 2 6 0  0.0017502291
0 3 1 0  -0.0000000001
0 3 3 0  0.3130333558
0 3 5 0  -0.0000000005
0 3 7 0  0.0017502291
0 4 0 0  0.0097768161
0 4 2 0  -0.0000000005
0 4 4 0  0.2371675410
0 4 6 0  -0.0000000003
0 5 1 0  0.0097768161
0 5 3 0  -0.0000000005
0 5 5 0  0.2371675410
0 5 7 0  -0.0000000003
0 6 0 0  0.0000000020
0 6 2 0  0.0017502291
0 6 4 0  -0.0000000003
0 6 6 0  0.1835772348
0 7 1 0  0.0000000020
0 7 3 0  0.0017502291
0 7 5 0  -0.0000000003
0 7 7 0  0.1835772348
0 0 0 2  -0.0000000001
0 0 2 2  0.0446709672
0 0 4 2  -0.0000000005
0 0 6 2  0.0028303824
0 1 1 2  -0.0000000001
0 1 3 2  0.0446709672
0 1 5 2  -0.0000000005
0 1 7 2  0.0028303824
0 2 0 2  0.0446709672
0 2 2 2  -0.0000000010
0 2 4 2  0.0006617399
0 2 6 2  0.0000000001
0 3 1 2  0.0446709672
0 3 3 2  -0.0000000010
0 3 5 2  0.0006617399
0 3 7 2  0.0000000001
0 4 0 2  -0.0000000005
0 4 2 2  0.0006617399
0 4 4 2  -0.0000000005
0 4 6 2  0.0102092284
0 5 1 2  -0.0000000005
0 5 3 2  0.0006617399
0 5 5 2  -0.0000000005
0 5 7 2  0.0102092284
0 6 0 2  0.0028303824
0 6 2 2  0.0000000001
0 6 4 2  0.0102092284
0 6 6 2  -0.0000000005
0 7 1 2  0.0028303824
0 7 3 2  0.0000000001
0 7 5 2  0.0102092284
0 7 7 2  -0.0000000005
0 0 0 4  0.0097768161
0 0 2 4  -0.0000000005
0 0 4 4  0.0056107793
0 1 1 4  0.0097768161
0 1 3 4  -0.0000000005
0 1 5 4  0.0056107793
0 2 0 4  -0.0000000005
0 2 2 4  0.0009594209
0 2 6 4  0.0015789455
0 3 1 4  -0.0000000005
0 3 3 4  0.0009594209
0 3 7 4  0.0015789455
0 4 0 4  0.0056107793
0 4 4 4  0.0097768158
0 4 6 4  -0.0000000006
0 5 1 4  0.0056107793
0 5 5 4  0.0097768158
0 5 7 4  -0.0000000006
0 6 2 4  0.0015789455
0 6 4 4  -0.0000000006
0 6 6 4  0.0009594206
0 7 3 4  0.0015789455
0 7 5 4  -0.0000000006
0 7 7 4  0.0009594206
0 0 0 6  0.0000000020
0 0 2 6  0.0028303824
0 0 6 6  0.0010125925
0 1 1 6  0.0000000020
0 1 3 6  0.0028303824
0 1 7 6  0.0010125925
0 2 0 6  0.0028303824
0 2 2 6  0.0000000015
0 2 4 6  0.0007604723
0 3 1 6  0.0028303824
0 3 3 6  0.0000000015
0 3 5 6  0.0007604723
0 4 2 6  0.0007604723
0 4 4 6  -0.0000000009
0 4 6 6  0.0006617397
0 5 3 6  0.0007604723
0 5 5 6  -0.0000000009
0 5 7 6  0.0006617397
0 6 0 6  0.0010125925
0 6 4 6  0.0006617397
0 6 6 6  -0.0000000017
0 7 1 6  0.0010125925
0 7 5 6  0.0006617397
0 7 7 6  -0.0000000017
1 0 0 1  0.3828445092
1 0 2 1  -0.0000000001
1 0 4 1  0.0097768161
1 0 6 1  0.0000000020
1 1 1 1  0.3828445092
1 1 3 1  -0.0000000001
1 1 5 1  0.0097768161
1 1 7 1  0.0000000020
1 2 0 1  -0.0000000001
1 2 2 1  0.3130333558
1 2 4 1  -0.0000000005
1 2 6 1  0.0017502291
1 3 1 1  -0.0000000001
1 3 3 1  0.3130333558
1 3 5 1  -0.0000000005
1 3 7 1  0.0017502291
1 4 0 1  0.0097768161
1 4 2 1  -0.0000000005
1 4 4 1  0.2371675410
1 4 6 1  -0.0000000003
1 5 1 1  0.0097768161
1 5 3 1  -0.0000000005
1 5 5 1  0.2371675410
1 5 7 1  -0.0000000003
1 6 0 1  0.0000000020
1 6 2 1  0.0017502291
1 6 4 1  -0.0000000003
1 6 6 1  0.1835772348
1 7 1 1  0.0000000020
1 7 3 1  0.0017502291
1 7 5 1  -0.0000000003
1 7 7 1  0.1835772348
1 0 0 3  -0.0000000001
1 0 2 3  0.0446709672
1 0 4 3  -0.0000000005
1 0 6 3  0.0028303824
1 1 1 3  -0.0000000001
1 1 3 3  0.0446709672
1 1 5 3  -0.0000000005
1 1 7 3  0.0028303824
1 2 0 3  0.0446709672
1 2 2 3  -0.0000000010
1 2 4 3  0.0006617399
1 2 6 3  0.0000000001
1 3 1 3  0.0446709672
1 3 3 3  -0.0000000010
1 3 5 3  0.0006617399
1 3 7 3  0.0000000001
1 4 0 3  -0.0000000005
1 4 2 3  0.0006617399
1 4 4 3  -0.0000000005
1 4 6 3  0.0102092284
1 5 1 3  -0.0000000005
1 5 3 3  0.0006617399
1 5 5 3  -0.0000000005
1 5 7 3  0.0102092284
1 6 0 3  0.0028303824
1 6 2 3  0.0000000001
1 6 4 3  0.0102092284
1 6 6 3  -0.0000000005
1 7 1 3  0.0028303824
1 7 3 3  0.0000000001
1 7 5 3  0.0102092284
1 7 7 3  -0.0000000005
1 0 0 5  0.0097768161
1 0 2 5  -0.0000000005
1 0 4 5  0.0056107793
1 1 1 5  0.0097768161
1 1 3 5  -0.0000000005
1 1 5 5  0.0056107793
1 2 0 5  -0.0000000005
1 2 2 5  0.0009594209
1 2 6 5  0.0015789455
1 3 1 5  -0.0000000005
1 3 3 5  0.0009594209
1 3 7 5  0.0015789455
1 4 0 5  0.0056107793
1 4 4 5  0.0097768158
1 4 6 5  -0.0000000006
1 5 1 5  0.0056107793
1 5 5 5  0.0097768158
1 5 7 5  -0.0000000006
1 6 2 5  0.0015789455
1 6 4 5  -0.0000000006
1 6 6 5  0.0009594206
1 7 3 5  0.0015789455
1 7 5 5  -0.0000000006
1 7 7 5  0.0009594206
1 0 0 7  0.0000000020
1 0 2 7  0.0028303824
1 0 6 7  0.0010125925
1 1 1 7  0.0000000020
1 1 3 7  0.0028303824
1 1 7 7  0.0010125925
1 2 0 7  0.0028303824
1 2 2 7  0.0000000015
1 2 4 7  0.0007604723
1 3 1 7  0.0028303824
1 3 3 7  0.0000000015
1 3 5 7  0.0007604723
1 4 2 7  0.0007604723
1 4 4 7  -0.0000000009
1 4 6 7  0.0006617397
1 5 3 7  0.0007604723
1 5 5 7  -0.0000000009
1 5 7 7  0.0006617397
1 6 0 7  0.0010125925
1 6 4 7  0.0006617397
1 6 6 7  -0.0000000017
1 7 1 7  0.0010125925
1 7 5 7  0.0006617397
1 7 7 7  -0.0000000017
2 0 0 0  -0.0000000001
2 0 2 0  0.0446709672
2 0 4 0  -0.0000000005
2 0 6 0  0.0028303824
2 1 1 0  -0.0000000001
2 1 3 0  0.0446709672
2 1 5 0  -0.0000000005
2 1 7 0  0.0028303824
2 2 0 0  0.0446709672
2 2 2 0  -0.0000000010
2 2 4 0  0.0006617399
2 2 6 0  0.0000000001
2 3 1 0  0.0446709672
2 3 3 0  -0.0000000010
2 3 5 0  0.0006617399
2 3 7 0  0.0000000001
2 4 0 0  -0.0000000005
2 4 2 0  0.0006617399
2 4 4 0  -0.0000000005
2 4 6 0  0.0102092284
2 5 1 0  -0.0000000005
2 5 3 0  0.0006617399
2 5 5 0  -0.0000000005
2 5 7 0  0.0102092284
2 6 0 0  0.0028303824
2 6 2 0  0.0000000001
2 6 4 0  0.0102092284
2 6 6 0  -0.0000000005
2 7 1 0  0.0028303824
2 7 3 0  0.0000000001
2 7 5 0  0.0102092284
2 7 7 0  -0.0000000005
2 0 0 2  0.3130333558
2 0 2 2  -0.0000000010
2 0 4 2  0.0009594209
2 0 6 2  0.0000000015
2 1 1 2  0.3130333558
2 1 3 2  -0.0000000010
2 1 5 2  0.0009594209
2 1 7 2  0.0000000015
2 2 0 2  -0.0000000010
2 2 2 2  0.3391985121
2 2 4 2  -0.0000000012
2 2 6 2  -0.0020509547
2 3 1 2  -0.0000000010
2 3 3 2  0.3391985121
2 3 5 2  -0.0000000012
2 3 7 2  -0.0020509547
2 4 0 2  0.0009594209
2 4 2 2  -0.0000000012
2 4 4 2  0.1835772346
2 4 6 2  -0.0000000006
2 5 1 2  0.0009594209
2 5 3 2  -0.0000000012
2 5 5 2  0.1835772346
2 5 7 2  -0.0000000006
2 6 0 2  0.0000000015
2 6 2 2  -0.0020509547
2 6 4 2  -0.0000000006
2 6 6 2  0.1493699635
2 7 1 2  0.0000000015
2 7 3 2  -0.0020509547
2 7 5 2  -0.0000000006
2 7 7 2  0.1493699635
2 0 0 4  -0.0000000005
2 0 2 4  0.0006617399
2 0 6 4  0.0007604723
2 1 1 4  -0.0000000005
2 1 3 4  0.0006617399
2 1 7 4  0.0007604723
2 2 0 4  0.0006617399
2 2 2 4  -0.0000000012
2 2 4 4  0.0010125925
2 3 1 4  0.0006617399
2 3 3 4  -0.0000000012
2 3 5 4  0.0010125925
2 4 2 4  0.0010125925
2 4 4 4  0.0000000019
2 4 6 4  0.0028303824
2 5 3 4  0.0010125925
2 5 5 4  0.0000000019
2 5 7 4  0.0028303824
2 6 0 4  0.0007604723
2 6 4 4  0.0028303824
2 6 6 4  0.0000000014
2 7 1 4  0.0007604723
2 7 5 4  0.0028303824
2 7 7 4  0.0000000014
2 0 0 6  0.0017502291
2 0 2 6  0.0000000001
2 0 4 6  0.0015789455
2 1 1 6  0.0017502291
2 1 3 6  0.0000000001
2 1 5 6  0.0015789455
2 2 0 6  0.0000000001
2 2 2 6  -0.0020509547
2 2 6 6  0.0008405512
2 3 1 6  0.0000000001
2 3 3 6  -0.0020509547
2 3 7 6  0.0008405512
2 4 0 6  0.0015789455
2 4 4 6  0.0017502288
2 4 6 6  0.0000000002
2 5 1 6  0.0015789455
2 5 5 6  0.0017502288
2 5 7 6  0.0000000002
2 6 2 6  0.0008405512
2 6 4 6  0.0000000002
2 6 6 6  -0.0020509550
2 7 3 6  0.0008405512
2 7 5 6  0.0000000002
2 7 7 6  -0.0020509550
3 0 0 1  -0.0000000001
3 0 2 1  0.0446709672
3 0 4 1  -0.0000000005
3 0 6 1  0.0028303824
3 1 1 1  -0.0000000001
3 1 3 1  0.0446709672
3 1 5 1  -0.0000000005
3 1 7 1  0.0028303824
3 2 0 1  0.0446709672
3 2 2 1  -0.0000000010
3 2 4 1  0.0006617399
3 2 6 1  0.0000000001
3 3 1 1  0.0446709672
3 3 3 1  -0.0000000010
3 3 5 1  0.0006617399
3 3 7 1  0.0000000001
3 4 0 1  -0.0000000005
3 4 2 1  0.0006617399
3 4 4 1  -0.0000000005
3 4 6 1  0.0102092284
3 5 1 1  -0.0000000005
3 5 3 1  0.0006617399
3 5 5 1  -0.0000000005
3 5 7 1  0.0102092284
3 6 0 1  0.0028303824
3 6 2 1  0.0000000001
3 6 4 1  0.0102092284
3 6 6 1  -0.0000000005
3 7 1 1  0.0028303824
3 7 3 1  0.0000000001
3 7 5 1  0.0102092284
3 7 7 1  -0.0000000005
3 0 0 3  0.3130333558
3 0 2 3  -0.0000000010
3 0 4 3  0.0009594209
3 0 6 3  0.0000000015
3 1 1 3  0.3130333558
3 1 3 3  -0.0000000010
3 1 5 3  0.0009594209
3 1 7 3  0.0000000015
3 2 0 3  -0.0000000010
3 2 2 3  0.3391985121
3 2 4 3  -0.0000000012
3 2 6 3  -0.0020509547
3 3 1 3  -0.0000000010
3 3 3 3  0.3391985121
3 3 5 3  -0.0000000012
3 3 7 3  -0.0020509547
3 4 0 3  0.0009594209
3 4 2 3  -0.0000000012
3 4 4 3  0.1835772346
3 4 6 3  -0.0000000006
3 5 1 3  0.0009594209
3 5 3 3  -0.0000000012
3 5 5 3  0.1835772346
3 5 7 3  -0.0000000006
3 6 0 3  0.0000000015
3 6 2 3  -0.0020509547
3 6 4 3  -0.0000000006
3 6 6 3  0.1493699635
3 7 1 3  0.0000000015
3 7 3 3  -0.0020509547
3 7 5 3  -0.0000000006
3 7 7 3  0.1493699635
3 0 0 5  -0.0000000005
3 0 2 5  0.0006617399
3 0 6 5  0.0007604723
3 1 1 5  -0.0000000005
3 1 3 5  0.0006617399
3 1 7 5  0.0007604723
3 2 0 5  0.0006617399
3 2 2 5  -0.0000000012
3 2 4 5  0.0010125925
3 3 1 5  0.0006617399
3 3 3 5  -0.0000000012
3 3 5 5  0.0010125925
3 4 2 5  0.0010125925
3 4 4 5  0.0000000019
3 4 6 5  0.0028303824
3 5 3 5  0.0010125925
3 5 5 5  0.0000000019
3 5 7 5  0.0028303824
3 6 0 5  0.0007604723
3 6 4 5  0.0028303824
3 6 6 5  0.0000000014
3 7 1 5  0.0007604723
3 7 5 5  0.0028303824
3 7 7 5  0.0000000014
3 0 0 7  0.0017502291
3 0 2 7  0.0000000001
3 0 4 7  0.0015789455
3 1 1 7  0.0017502291
3 1 3 7  0.0000000001
3 1 5 7  0.0015789455
3 2 0 7  0.0000000001
3 2 2 7  -0.0020509547
3 2 6 7  0.0008405512
3 3 1 7  0.0000000001
3 3 3 7  -0.0020509547
3 3 7 7  0.0008405512
3 4 0 7  0.0015789455
3 4 4 7  0.0017502288
3 4 6 7  0.0000000002
3 5 1 7  0.0015789455
3 5 5 7  0.0017502288
3 5 7 7  0.0000000002
3 6 2 7  0.0008405512
3 6 4 7  0.0000000002
3 6 6 7  -0.0020509550
3 7 3 7  0.0008405512
3 7 5 7  0.0000000002
3 7 7 7  -0.0020509550
4 0 0 0  0.0097768161
4 0 2 0  -0.0000000005
4 0 4 0  0.0056107793
4 1 1 0  0.0097768161
4 1 3 0  -0.0000000005
4 1 5 0  0.0056107793
4 2 0 0  -0.0000000005
4 2 2 0  0.0009594209
4 2 6 0  0.0015789455
4 3 1 0  -0.0000000005
4 3 3 0  0.0009594209
4 3 7 0  0.0015789455
4 4 0 0  0.0056107793
4 4 4 0  0.0097768158
4 4 6 0  -0.0000000006
4 5 1 0  0.0056107793
4 5 5 0  0.0097768158
4 5 7 0  -0.0000000006
4 6 2 0  0.0015789455
4 6 4 0  -0.0000000006
4 6 6 0  0.0009594206
4 7 3 0  0.0015789455
4 7 5 0  -0.0000000006
4 7 7 0  0.0009594206
4 0 0 2  -0.0000000005
4 0 2 2  0.0006617399
4 0 6 2  0.0007604723
4 1 1 2  -0.0000000005
4 1 3 2  0.0006617399
4 1 7 2  0.0007604723
4 2 0 2  0.0006617399
4 2 2 2  -0.0000000012
4 2 4 2  0.0010125925
4 3 1 2  0.0006617399
4 3 3 2  -0.0000000012
4 3 5 2  0.0010125925
4 4 2 2  0.0010125925
4 4 4 2  0.0000000019
4 4 6 2  0.0028303824
4 5 3 2  0.0010125925
4 5 5 2  0.0000000019
4 5 7 2  0.0028303824
4 6 0 2  0.0007604723
4 6 4 2  0.0028303824
4 6 6 2  0.0000000014
4 7 1 2  0.0007604723
4 7 5 2  0.0028303824
4 7 7 2  0.0000000014
4 0 0 4  0.2371675410
4 0 2 4  -0.0000000005
4 0 4 4  0.0097768158
4 0 6 4  -0.0000000009
4 1 1 4  0.2371675410
4 1 3 4  -0.0000000005
4 1 5 4  0.0097768158
4 1 7 4  -0.0000000009
4 2 0 4  -0.0000000005
4 2 2 4  0.1835772346
4 2 4 4  0.0000000019
4 2 6 4  0.0017502288
4 3 1 4  -0.0000000005
4 3 3 4  0.1835772346
4 3 5 4  0.0000000019
4 3 7 4  0.0017502288
4 4 0 4  0.0097768158
4 4 2 4  0.0000000019
4 4 4 4  0.3828445090
4 4 6 4  0.0000000004
4 5 1 4  0.0097768158
4 5 3 4  0.0000000019
4 5 5 4  0.3828445090
4 5 7 4  0.0000000004
4 6 0 4  -0.0000000009
4 6 2 4  0.0017502288
4 6 4 4  0.0000000004
4 6 6 4  0.3130333558
4 7 1 4  -0.0000000009
4 7 3 4  0.0017502288
4 7 5 4  0.0000000004
4 7 7 4  0.3130333558
4 0 0 6  -0.0000000003
4 0 2 6  0.0102092284
4 0 4 6  -0.0000000006
4 0 6 6  0.0006617397
4 1 1 6  -0.0000000003
4 1 3 6  0.0102092284
4 1 5 6  -0.0000000006
4 1 7 6  0.0006617397
4 2 0 6  0.0102092284
4 2 2 6  -0.0000000006
4 2 4 6  0.0028303824
4 2 6 6  0.0000000002
4 3 1 6  0.0102092284
4 3 3 6  -0.0000000006
4 3 5 6  0.0028303824
4 3 7 6  0.0000000002
4 4 0 6  -0.0000000006
4 4 2 6  0.0028303824
4 4 4 6  0.0000000004
4 4 6 6  0.0446709673
4 5 1 6  -0.0000000006
4 5 3 6  0.0028303824
4 5 5 6  0.0000000004
4 5 7 6  0.0446709673
4 6 0 6  0.0006617397
4 6 2 6  0.0000000002
4 6 4 6  0.0446709673
4 6 6 6  0.0000000003
4 7 1 6  0.0006617397
4 7 3 6  0.0000000002
4 7 5 6  0.0446709673
4 7 7 6  0.0000000003
5 0 0 1  0.0097768161
5 0 2 1  -0.0000000005
5 0 4 1  0.0056107793
5 1 1 1  0.0097768161
5 1 3 1  -0.0000000005
5 1 5 1  0.0056107793
5 2 0 1  -0.0000000005
5 2 2 1  0.0009594209
5 2 6 1  0.0015789455
5 3 1 1  -0.0000000005
5 3 3 1  0.0009594209
5 3 7 1  0.0015789455
5 4 0 1  0.0056107793
5 4 4 1  0.0097768158
5 4 6 1  -0.0000000006
5 5 1 1  0.0056107793
5 5 5 1  0.0097768158
5 5 7 1  -0.0000000006
5 6 2 1  0.0015789455
5 6 4 1  -0.0000000006
5 6 6 1  0.0009594206
5 7 3 1  0.0015789455
5 7 5 1  -0.0000000006
5 7 7 1  0.0009594206
5 0 0 3  -0.0000000005
5 0 2 3  0.0006617399
5 0 6 3  0.0007604723
5 1 1 3  -0.0000000005
5 1 3 3  0.0006617399
5 1 7 3  0.0007604723
5 2 0 3  0.0006617399
5 2 2 3  -0.0000000012
5 2 4 3  0.0010125925
5 3 1 3  0.0006617399
5 3 3 3  -0.0000000012
5 3 5 3  0.0010125925
5 4 2 3  0.0010125925
5 4 4 3  0.0000000019
5 4 6 3  0.0028303824
5 5 3 3  0.0010125925
5 5 5 3  0.0000000019
5 5 7 3  0.0028303824
5 6 0 3  0.0007604723
5 6 4 3  0.0028303824
5 6 6 3  0.0000000014
5 7 1 3  0.0007604723
5 7 5 3  0.0028303824
5 7 7 3  0.0000000014
5 0 0 5  0.2371675410
5 0 2 5  -0.0000000005
5 0 4 5  0.0097768158
5 0 6 5  -0.0000000009
5 1 1 5  0.2371675410
5 1 3 5  -0.0000000005
5 1 5 5  0.0097768158
5 1 7 5  -0.0000000009
5 2 0 5  -0.0000000005
5 2 2 5  0.1835772346
5 2 4 5  0.0000000019
5 2 6 5  0.0017502288
5 3 1 5  -0.0000000005
5 3 3 5  0.1835772346
5 3 5 5  0.0000000019
5 3 7 5  0.0017502288
5 4 0 5  0.0097768158
5 4 2 5  0.0000000019
5 4 4 5  0.3828445090
5 4 6 5  0.0000000004
5 5 1 5  0.0097768158
5 5 3 5  0.0000000019
5 5 5 5  0.3828445090
5 5 7 5  0.0000000004
5 6 0 5  -0.0000000009
5 6 2 5  0.0017502288
5 6 4 5  0.0000000004
5 6 6 5  0.3130333558
5 7 1 5  -0.0000000009
5 7 3 5  0.0017502288
5 7 5 5  0.0000000004
5 7 7 5  0.3130333558
5 0 0 7  -0.0000000003
5 0 2 7  0.0102092284
5 0 4 7  -0.0000000006
5 0 6 7  0.0006617397
5 1 1 7  -0.0000000003
5 1 3 7  0.0102092284
5 1 5 7  -0.0000000006
5 1 7 7  0.0006617397
5 2 0 7  0.0102092284
5 2 2 7  -0.0000000006
5 2 4 7  0.0028303824
5 2 6 7  0.0000000002
5 3 1 7  0.0102092284
5 3 3 7  -0.0000000006
5 3 5 7  0.0028303824
5 3 7 7  0.0000000002
5 4 0 7  -0.0000000006
5 4 2 7  0.0028303824
5 4 4 7  0.0000000004
5 4 6 7  0.0446709673
5 5 1 7  -0.0000000006
5 5 3 7  0.0028303824
5 5 5 7  0.0000000004
5 5 7 7  0.0446709673
5 6 0 7  0.0006617397
5 6 2 7  0.0000000002
5 6 4 7  0.0446709673
5 6 6 7  0.0000000003
5 7 1 7  0.0006617397
5 7 3 7  0.0000000002
5 7 5 7  0.0446709673
5 7 7 7  0.0000000003
6 0 0 0  0.0000000020
6 0 2 0  0.0028303824
6 0 6 0  0.0010125925
6 1 1 0  0.0000000020
6 1 3 0  0.0028303824
6 1 7 0  0.0010125925
6 2 0 0  0.0028303824
6 2 2 0  0.0000000015
6 2 4 0  0.0007604723
6 3 1 0  0.0028303824
6 3 3 0  0.0000000015
6 3 5 0  0.0007604723
6 4 2 0  0.0007604723
6 4 4 0  -0.0000000009
6 4 6 0  0.0006617397
6 5 3 0  0.0007604723
6 5 5 0  -0.0000000009
6 5 7 0  0.0006617397
6 6 0 0  0.0010125925
6 6 4 0  0.0006617397
6 6 6 0  -0.0000000017
6 7 1 0  0.0010125925
6 7 5 0  0.0006617397
6 7 7 0  -0.0000000017
6 0 0 2  0.0017502291
6 0 2 2  0.0000000001
6 0 4 2  0.0015789455
6 1 1 2  0.0017502291
6 1 3 2  0.0000000001
6 1 5 2  0.0015789455
6 2 0 2  0.0000000001
6 2 2 2  -0.0020509547
6 2 6 2  0.0008405512
6 3 1 2  0.0000000001
6 3 3 2  -0.0020509547
6 3 7 2  0.0008405512
6 4 0 2  0.0015789455
6 4 4 2  0.0017502288
6 4 6 2  0.0000000002
6 5 1 2  0.0015789455
6 5 5 2  0.0017502288
6 5 7 2  0.0000000002
6 6 2 2  0.0008405512
6 6 4 2  0.0000000002
6 6 6 2  -0.0020509550
6 7 3 2  0.0008405512
6 7 5 2  0.0000000002
6 7 7 2  -0.0020509550
6 0 0 4  -0.0000000003
6 0 2 4  0.0102092284
6 0 4 4  -0.0000000006
6 0 6 4  0.0006617397
6 1 1 4  -0.0000000003
6 1 3 4  0.0102092284
6 1 5 4  -0.0000000006
6 1 7 4  0.0006617397
6 2 0 4  0.0102092284
6 2 2 4  -0.0000000006
6 2 4 4  0.0028303824
6 2 6 4  0.0000000002
6 3 1 4  0.0102092284
6 3 3 4  -0.0000000006
6 3 5 4  0.0028303824
6 3 7 4  0.0000000002
6 4 0 4  -0.0000000006
6 4 2 4  0.0028303824
6 4 4 4  0.0000000004
6 4 6 4  0.0446709673
6 5 1 4  -0.0000000006
6 5 3 4  0.0028303824
6 5 5 4  0.0000000004
6 5 7 4  0.0446709673
6 6 0 4  0.0006617397
6 6 2 4  0.0000000002
6 6 4 4  0.0446709673
6 6 6 4  0.0000000003
6 7 1 4  0.0006617397
6 7 3 4  0.0000000002
6 7 5 4  0.0446709673
6 7 7 4  0.0000000003
6 0 0 6  0.1835772348
6 0 2 6  -0.0000000005
6 0 4 6  0.0009594206
6 0 6 6  -0.0000000017
6 1 1 6  0.1835772348
6 1 3 6  -0.0000000005
6 1 5 6  0.0009594206
6 1 7 6  -0.0000000017
6 2 0 6  -0.0000000005
6 2 2 6  0.1493699635
6 2 4 6  0.0000000014
6 2 6 6  -0.0020509550
6 3 1 6  -0.0000000005
6 3 3 6  0.1493699635
6 3 5 6  0.0000000014
6 3 7 6  -0.0020509550
6 4 0 6  0.0009594206
6 4 2 6  0.0000000014
6 4 4 6  0.3130333558
6 4 6 6  0.0000000003
6 5 1 6  0.0009594206
6 5 3 6  0.0000000014
6 5 5 6  0.3130333558
6 5 7 6  0.0000000003
6 6 0 6  -0.0000000017
6 6 2 6  -0.0020509550
6 6 4 6  0.0000000003
6 6 6 6  0.3391985122
6 7 1 6  -0.0000000017
6 7 3 6  -0.0020509550
6 7 5 6  0.0000000003
6 7 7 6  0.3391985122
7 0 0 1  0.0000000020
7 0 2 1  0.0028303824
7 0 6 1  0.0010125925
7 1 1 1  0.0000000020
7 1 3 1  0.0028303824
7 1 7 1  0.0010125925
7 2 0 1  0.0028303824
7 2 2 1  0.0000000015
7 2 4 1  0.0007604723
7 3 1 1  0.0028303824
7 3 3 1  0.0000000015
7 3 5 1  0.0007604723
7 4 2 1  0.0007604723
7 4 4 1  -0.0000000009
7 4 6 1  0.0006617397
7 5 3 1  0.0007604723
7 5 5 1  -0.0000000009
7 5 7 1  0.0006617397
7 6 0 1  0.0010125925
7 6 4 1  0.0006617397
7 6 6 1  -0.0000000017
7 7 1 1  0.0010125925
7 7 5 1  0.0006617397
7 7 7 1  -0.0000000017
7 0 0 3  0.0017502291
7 0 2 3  0.0000000001
7 0 4 3  0.0015789455
7 1 1 3  0.0017502291
7 1 3 3  0.0000000001
7 1 5 3  0.0015789455
7 2 0 3  0.0000000001
7 2 2 3  -0.0020509547
7 2 6 3  0.0008405512
7 3 1 3  0.0000000001
7 3 3 3  -0.0020509547
7 3 7 3  0.0008405512
7 4 0 3  0.0015789455
7 4 4 3  0.0017502288
7 4 6 3  0.0000000002
7 5 1 3  0.0015789455
7 5 5 3  0.0017502288
7 5 7 3  0.0000000002
7 6 2 3  0.0008405512
7 6 4 3  0.0000000002
7 6 6 3  -0.0020509550
7 7 3 3  0.0008405512
7 7 5 3  0.0000000002
7 7 7 3  -0.0020509550
7 0 0 5  -0.0000000003
7 0 2 5  0.0102092284
7 0 4 5  -0.0000000006
7 0 6 5  0.0006617397
7 1 1 5  -0.0000000003
7 1 3 5  0.0102092284
7 1 5 5  -0.0000000006
7 1 7 5  0.0006617397
7 2 0 5  0.0102092284
7 2 2 5  -0.0000000006
7 2 4 5  0.0028303824
7 2 6 5  0.0000000002
7 3 1 5  0.0102092284
7 3 3 5  -0.0000000006
7 3 5 5  0.0028303824
7 3 7 5  0.0000000002
7 4 0 5  -0.0000000006
7 4 2 5  0.0028303824
7 4 4 5  0.0000000004
7 4 6 5  0.0446709673
7 5 1 5  -0.0000000006
7 5 3 5  0.0028303824
7 5 5 5  0.0000000004
7 5 7 5  0.0446709673
7 6 0 5  0.0006617397
7 6 2 5  0.0000000002
7 6 4 5  0.0446709673
7 6 6 5  0.0000000003
7 7 1 5  0.0006617397
7 7 3 5  0.0000000002
7 7 5 5  0.0446709673
7 7 7 5  0.0000000003
7 0 0 7  0.1835772348
7 0 2 7  -0.0000000005
7 0 4 7  0.0009594206
7 0 6 7  -0.0000000017
7 1 1 7  0.1835772348
7 1 3 7  -0.0000000005
7 1 5 7  0.0009594206
7 1 7 7  -0.0000000017
7 2 0 7  -0.0000000005
7 2 2 7  0.1493699635
7 2 4 7  0.0000000014
7 2 6 7  -0.0020509550
7 3 1 7  -0.0000000005
7 3 3 7  0.1493699635
7 3 5 7  0.0000000014
7 3 7 7  -0.0020509550
7 4 0 7  0.0009594206
7 4 2 7  0.0000000014
7 4 4 7  0.3130333558
7 4 6 7  0.0000000003
7 5 1 7  0.0009594206
7 5 3 7  0.0000000014
7 5 5 7  0.3130333558
7 5 7 7  0.0000000003
7 6 0 7  -0.0000000017
7 6 2 7  -0.0020509550
7 6 4 7  0.0000000003
7 6 6 7  0.3391985122
7 7 1 7  -0.0000000017
7 7 3 7  -0.0020509550
7 7 5 7  0.0000000003
7 7 7 7  0.3391985122

 E(Ref) = -77.1432356959 Hartree, <S**2> = 2.0000
 E(FCI) = -77.8508808824 Hartree, <S**2> = -0.0000
