 MO Integrals with frozen core/virtual approximation

-74.07183648890265
0 0  -1.4389728878
0 2  -0.0000000057
0 4  0.0359013755
0 6  -0.0000000008
1 1  -1.4389728878
1 3  -0.0000000057
1 5  0.0359013755
1 7  -0.0000000008
2 0  -0.0000000057
2 2  -1.2793427452
2 4  0.0000000006
2 6  -0.0048445127
3 1  -0.0000000057
3 3  -1.2793427452
3 5  0.0000000006
3 7  -0.0048445127
4 0  0.0359013755
4 2  0.0000000006
4 4  -1.4389728860
4 6  0.0000000040
5 1  0.0359013755
5 3  0.0000000006
5 5  -1.4389728860
5 7  0.0000000040
6 0  -0.0000000008
6 2  -0.0048445127
6 4  0.0000000040
6 6  -1.2793427450
7 1  -0.0000000008
7 3  -0.0048445127
7 5  0.0000000040
7 7  -1.2793427450
0 0 0 0  0.3538284622
0 0 2 0  0.0000000003
0 0 4 0  0.0014529941
0 1 1 0  0.3538284622
0 1 3 0  0.0000000003
0 1 5 0  0.0014529941
0 2 0 0  0.0000000003
0 2 2 0  0.2971863172
0 2 4 0  0.0000000001
0 2 6 0  -0.0001048620
0 3 1 0  0.0000000003
0 3 3 0  0.2971863172
0 3 5 0  0.0000000001
0 3 7 0  -0.0001048620
0 4 0 0  0.0014529941
0 4 2 0  0.0000000001
0 4 4 0  0.1195050468
0 4 6 0  -0.0000000004
0 5 1 0  0.0014529941
0 5 3 0  0.0000000001
0 5 5 0  0.1195050468
0 5 7 0  -0.0000000004
0 6 2 0  -0.0001048620
0 6 4 0  -0.0000000004
0 6 6 0  0.1011497600
0 7 3 0  -0.0001048620
0 7 5 0  -0.0000000004
0 7 7 0  0.1011497600
0 0 0 2  0.0000000003
0 0 2 2  0.0291445511
0 0 6 2  0.0000940740
0 1 1 2  0.0000000003
0 1 3 2  0.0291445511
0 1 7 2  0.0000940740
0 2 0 2  0.0291445511
0 2 2 2  0.0000000012
0 2 4 2  0.0006268765
0 3 1 2  0.0291445511
0 3 3 2  0.0000000012
0 3 5 2  0.0006268765
0 4 2 2  0.0006268765
0 4 4 2  0.0000000004
0 4 6 2  -0.0012717278
0 5 3 2  0.0006268765
0 5 5 2  0.0000000004
0 5 7 2  -0.0012717278
0 6 0 2  0.0000940740
0 6 4 2  -0.0012717278
0 6 6 2  0.0000000004
0 7 1 2  0.0000940740
0 7 5 2  -0.0012717278
0 7 7 2  0.0000000004
0 0 0 4  0.0014529941
0 0 4 4  0.0003045743
0 1 1 4  0.0014529941
0 1 5 4  0.0003045743
0 2 2 4  0.0020375616
0 2 6 4  -0.0000311669
0 3 3 4  0.0020375616
0 3 7 4  -0.0000311669
0 4 0 4  0.0003045743
0 4 4 4  0.0014529940
0 5 1 4  0.0003045743
0 5 5 4  0.0014529940
0 6 2 4  -0.0000311669
0 6 6 4  0.0020375615
0 7 3 4  -0.0000311669
0 7 7 4  0.0020375615
0 0 2 6  0.0000940740
0 0 6 6  0.0000294712
0 1 3 6  0.0000940740
0 1 7 6  0.0000294712
0 2 0 6  0.0000940740
0 2 4 6  -0.0000081863
0 3 1 6  0.0000940740
0 3 5 6  -0.0000081863
0 4 2 6  -0.0000081863
0 4 6 6  0.0006268765
0 5 3 6  -0.0000081863
0 5 7 6  0.0006268765
0 6 0 6  0.0000294712
0 6 4 6  0.0006268765
0 6 6 6  -0.0000000001
0 7 1 6  0.0000294712
0 7 5 6  0.0006268765
0 7 7 6  -0.0000000001
1 0 0 1  0.3538284622
1 0 2 1  0.0000000003
1 0 4 1  0.0014529941
1 1 1 1  0.3538284622
1 1 3 1  0.0000000003
1 1 5 1  0.0014529941
1 2 0 1  0.0000000003
1 2 2 1  0.2971863172
1 2 4 1  0.0000000001
1 2 6 1  -0.0001048620
1 3 1 1  0.0000000003
1 3 3 1  0.2971863172
1 3 5 1  0.0000000001
1 3 7 1  -0.0001048620
1 4 0 1  0.0014529941
1 4 2 1  0.0000000001
1 4 4 1  0.1195050468
1 4 6 1  -0.0000000004
1 5 1 1  0.0014529941
1 5 3 1  0.0000000001
1 5 5 1  0.1195050468
1 5 7 1  -0.0000000004
1 6 2 1  -0.0001048620
1 6 4 1  -0.0000000004
1 6 6 1  0.1011497600
1 7 3 1  -0.0001048620
1 7 5 1  -0.0000000004
1 7 7 1  0.1011497600
1 0 0 3  0.0000000003
1 0 2 3  0.0291445511
1 0 6 3  0.0000940740
1 1 1 3  0.0000000003
1 1 3 3  0.0291445511
1 1 7 3  0.0000940740
1 2 0 3  0.0291445511
1 2 2 3  0.0000000012
1 2 4 3  0.0006268765
1 3 1 3  0.0291445511
1 3 3 3  0.0000000012
1 3 5 3  0.0006268765
1 4 2 3  0.0006268765
1 4 4 3  0.0000000004
1 4 6 3  -0.0012717278
1 5 3 3  0.0006268765
1 5 5 3  0.0000000004
1 5 7 3  -0.0012717278
1 6 0 3  0.0000940740
1 6 4 3  -0.0012717278
1 6 6 3  0.0000000004
1 7 1 3  0.0000940740
1 7 5 3  -0.0012717278
1 7 7 3  0.0000000004
1 0 0 5  0.0014529941
1 0 4 5  0.0003045743
1 1 1 5  0.0014529941
1 1 5 5  0.0003045743
1 2 2 5  0.0020375616
1 2 6 5  -0.0000311669
1 3 3 5  0.0020375616
1 3 7 5  -0.0000311669
1 4 0 5  0.0003045743
1 4 4 5  0.0014529940
1 5 1 5  0.0003045743
1 5 5 5  0.0014529940
1 6 2 5  -0.0000311669
1 6 6 5  0.0020375615
1 7 3 5  -0.0000311669
1 7 7 5  0.0020375615
1 0 2 7  0.0000940740
1 0 6 7  0.0000294712
1 1 3 7  0.0000940740
1 1 7 7  0.0000294712
1 2 0 7  0.0000940740
1 2 4 7  -0.0000081863
1 3 1 7  0.0000940740
1 3 5 7  -0.0000081863
1 4 2 7  -0.0000081863
1 4 6 7  0.0006268765
1 5 3 7  -0.0000081863
1 5 7 7  0.0006268765
1 6 0 7  0.0000294712
1 6 4 7  0.0006268765
1 6 6 7  -0.0000000001
1 7 1 7  0.0000294712
1 7 5 7  0.0006268765
1 7 7 7  -0.0000000001
2 0 0 0  0.0000000003
2 0 2 0  0.0291445511
2 0 6 0  0.0000940740
2 1 1 0  0.0000000003
2 1 3 0  0.0291445511
2 1 7 0  0.0000940740
2 2 0 0  0.0291445511
2 2 2 0  0.0000000012
2 2 4 0  0.0006268765
2 3 1 0  0.0291445511
2 3 3 0  0.0000000012
2 3 5 0  0.0006268765
2 4 2 0  0.0006268765
2 4 4 0  0.0000000004
2 4 6 0  -0.0012717278
2 5 3 0  0.0006268765
2 5 5 0  0.0000000004
2 5 7 0  -0.0012717278
2 6 0 0  0.0000940740
2 6 4 0  -0.0012717278
2 6 6 0  0.0000000004
2 7 1 0  0.0000940740
2 7 5 0  -0.0012717278
2 7 7 0  0.0000000004
2 0 0 2  0.2971863172
2 0 2 2  0.0000000012
2 0 4 2  0.0020375616
2 1 1 2  0.2971863172
2 1 3 2  0.0000000012
2 1 5 2  0.0020375616
2 2 0 2  0.0000000012
2 2 2 2  0.3366239368
2 2 4 2  0.0000000002
2 2 6 2  -0.0004014659
2 3 1 2  0.0000000012
2 3 3 2  0.3366239368
2 3 5 2  0.0000000002
2 3 7 2  -0.0004014659
2 4 0 2  0.0020375616
2 4 2 2  0.0000000002
2 4 4 2  0.1011497599
2 4 6 2  -0.0000000004
2 5 1 2  0.0020375616
2 5 3 2  0.0000000002
2 5 5 2  0.1011497599
2 5 7 2  -0.0000000004
2 6 2 2  -0.0004014659
2 6 4 2  -0.0000000004
2 6 6 2  0.0883882728
2 7 3 2  -0.0004014659
2 7 5 2  -0.0000000004
2 7 7 2  0.0883882728
2 0 0 4  0.0000000001
2 0 2 4  0.0006268765
2 0 6 4  -0.0000081863
2 1 1 4  0.0000000001
2 1 3 4  0.0006268765
2 1 7 4  -0.0000081863
2 2 0 4  0.0006268765
2 2 2 4  0.0000000002
2 2 4 4  0.0000294712
2 3 1 4  0.0006268765
2 3 3 4  0.0000000002
2 3 5 4  0.0000294712
2 4 2 4  0.0000294712
2 4 4 4  -0.0000000001
2 4 6 4  0.0000940740
2 5 3 4  0.0000294712
2 5 5 4  -0.0000000001
2 5 7 4  0.0000940740
2 6 0 4  -0.0000081863
2 6 4 4  0.0000940740
2 6 6 4  -0.0000000001
2 7 1 4  -0.0000081863
2 7 5 4  0.0000940740
2 7 7 4  -0.0000000001
2 0 0 6  -0.0001048620
2 0 4 6  -0.0000311669
2 1 1 6  -0.0001048620
2 1 5 6  -0.0000311669
2 2 2 6  -0.0004014659
2 2 6 6  0.0000059030
2 3 3 6  -0.0004014659
2 3 7 6  0.0000059030
2 4 0 6  -0.0000311669
2 4 4 6  -0.0001048620
2 5 1 6  -0.0000311669
2 5 5 6  -0.0001048620
2 6 2 6  0.0000059030
2 6 6 6  -0.0004014659
2 7 3 6  0.0000059030
2 7 7 6  -0.0004014659
3 0 0 1  0.0000000003
3 0 2 1  0.0291445511
3 0 6 1  0.0000940740
3 1 1 1  0.0000000003
3 1 3 1  0.0291445511
3 1 7 1  0.0000940740
3 2 0 1  0.0291445511
3 2 2 1  0.0000000012
3 2 4 1  0.0006268765
3 3 1 1  0.0291445511
3 3 3 1  0.0000000012
3 3 5 1  0.0006268765
3 4 2 1  0.0006268765
3 4 4 1  0.0000000004
3 4 6 1  -0.0012717278
3 5 3 1  0.0006268765
3 5 5 1  0.0000000004
3 5 7 1  -0.0012717278
3 6 0 1  0.0000940740
3 6 4 1  -0.0012717278
3 6 6 1  0.0000000004
3 7 1 1  0.0000940740
3 7 5 1  -0.0012717278
3 7 7 1  0.0000000004
3 0 0 3  0.2971863172
3 0 2 3  0.0000000012
3 0 4 3  0.0020375616
3 1 1 3  0.2971863172
3 1 3 3  0.0000000012
3 1 5 3  0.0020375616
3 2 0 3  0.0000000012
3 2 2 3  0.3366239368
3 2 4 3  0.0000000002
3 2 6 3  -0.0004014659
3 3 1 3  0.0000000012
3 3 3 3  0.3366239368
3 3 5 3  0.0000000002
3 3 7 3  -0.0004014659
3 4 0 3  0.0020375616
3 4 2 3  0.0000000002
3 4 4 3  0.1011497599
3 4 6 3  -0.0000000004
3 5 1 3  0.0020375616
3 5 3 3  0.0000000002
3 5 5 3  0.1011497599
3 5 7 3  -0.0000000004
3 6 2 3  -0.0004014659
3 6 4 3  -0.0000000004
3 6 6 3  0.0883882728
3 7 3 3  -0.0004014659
3 7 5 3  -0.0000000004
3 7 7 3  0.0883882728
3 0 0 5  0.0000000001
3 0 2 5  0.0006268765
3 0 6 5  -0.0000081863
3 1 1 5  0.0000000001
3 1 3 5  0.0006268765
3 1 7 5  -0.0000081863
3 2 0 5  0.0006268765
3 2 2 5  0.0000000002
3 2 4 5  0.0000294712
3 3 1 5  0.0006268765
3 3 3 5  0.0000000002
3 3 5 5  0.0000294712
3 4 2 5  0.0000294712
3 4 4 5  -0.0000000001
3 4 6 5  0.0000940740
3 5 3 5  0.0000294712
3 5 5 5  -0.0000000001
3 5 7 5  0.0000940740
3 6 0 5  -0.0000081863
3 6 4 5  0.0000940740
3 6 6 5  -0.0000000001
3 7 1 5  -0.0000081863
3 7 5 5  0.0000940740
3 7 7 5  -0.0000000001
3 0 0 7  -0.0001048620
3 0 4 7  -0.0000311669
3 1 1 7  -0.0001048620
3 1 5 7  -0.0000311669
3 2 2 7  -0.0004014659
3 2 6 7  0.0000059030
3 3 3 7  -0.0004014659
3 3 7 7  0.0000059030
3 4 0 7  -0.0000311669
3 4 4 7  -0.0001048620
3 5 1 7  -0.0000311669
3 5 5 7  -0.0001048620
3 6 2 7  0.0000059030
3 6 6 7  -0.0004014659
3 7 3 7  0.0000059030
3 7 7 7  -0.0004014659
4 0 0 0  0.0014529941
4 0 4 0  0.0003045743
4 1 1 0  0.0014529941
4 1 5 0  0.0003045743
4 2 2 0  0.0020375616
4 2 6 0  -0.0000311669
4 3 3 0  0.0020375616
4 3 7 0  -0.0000311669
4 4 0 0  0.0003045743
4 4 4 0  0.0014529940
4 5 1 0  0.0003045743
4 5 5 0  0.0014529940
4 6 2 0  -0.0000311669
4 6 6 0  0.0020375615
4 7 3 0  -0.0000311669
4 7 7 0  0.0020375615
4 0 0 2  0.0000000001
4 0 2 2  0.0006268765
4 0 6 2  -0.0000081863
4 1 1 2  0.0000000001
4 1 3 2  0.0006268765
4 1 7 2  -0.0000081863
4 2 0 2  0.0006268765
4 2 2 2  0.0000000002
4 2 4 2  0.0000294712
4 3 1 2  0.0006268765
4 3 3 2  0.0000000002
4 3 5 2  0.0000294712
4 4 2 2  0.0000294712
4 4 4 2  -0.0000000001
4 4 6 2  0.0000940740
4 5 3 2  0.0000294712
4 5 5 2  -0.0000000001
4 5 7 2  0.0000940740
4 6 0 2  -0.0000081863
4 6 4 2  0.0000940740
4 6 6 2  -0.0000000001
4 7 1 2  -0.0000081863
4 7 5 2  0.0000940740
4 7 7 2  -0.0000000001
4 0 0 4  0.1195050468
4 0 2 4  0.0000000004
4 0 4 4  0.0014529940
4 1 1 4  0.1195050468
4 1 3 4  0.0000000004
4 1 5 4  0.0014529940
4 2 0 4  0.0000000004
4 2 2 4  0.1011497599
4 2 4 4  -0.0000000001
4 2 6 4  -0.0001048620
4 3 1 4  0.0000000004
4 3 3 4  0.1011497599
4 3 5 4  -0.0000000001
4 3 7 4  -0.0001048620
4 4 0 4  0.0014529940
4 4 2 4  -0.0000000001
4 4 4 4  0.3538284614
4 4 6 4  -0.0000000001
4 5 1 4  0.0014529940
4 5 3 4  -0.0000000001
4 5 5 4  0.3538284614
4 5 7 4  -0.0000000001
4 6 2 4  -0.0001048620
4 6 4 4  -0.0000000001
4 6 6 4  0.2971863169
4 7 3 4  -0.0001048620
4 7 5 4  -0.0000000001
4 7 7 4  0.2971863169
4 0 0 6  -0.0000000004
4 0 2 6  -0.0012717278
4 0 6 6  0.0006268765
4 1 1 6  -0.0000000004
4 1 3 6  -0.0012717278
4 1 7 6  0.0006268765
4 2 0 6  -0.0012717278
4 2 2 6  -0.0000000004
4 2 4 6  0.0000940740
4 3 1 6  -0.0012717278
4 3 3 6  -0.0000000004
4 3 5 6  0.0000940740
4 4 2 6  0.0000940740
4 4 4 6  -0.0000000001
4 4 6 6  0.0291445511
4 5 3 6  0.0000940740
4 5 5 6  -0.0000000001
4 5 7 6  0.0291445511
4 6 0 6  0.0006268765
4 6 4 6  0.0291445511
4 6 6 6  -0.0000000004
4 7 1 6  0.0006268765
4 7 5 6  0.0291445511
4 7 7 6  -0.0000000004
5 0 0 1  0.0014529941
5 0 4 1  0.0003045743
5 1 1 1  0.0014529941
5 1 5 1  0.0003045743
5 2 2 1  0.0020375616
5 2 6 1  -0.0000311669
5 3 3 1  0.0020375616
5 3 7 1  -0.0000311669
5 4 0 1  0.0003045743
5 4 4 1  0.0014529940
5 5 1 1  0.0003045743
5 5 5 1  0.0014529940
5 6 2 1  -0.0000311669
5 6 6 1  0.0020375615
5 7 3 1  -0.0000311669
5 7 7 1  0.0020375615
5 0 0 3  0.0000000001
5 0 2 3  0.0006268765
5 0 6 3  -0.0000081863
5 1 1 3  0.0000000001
5 1 3 3  0.0006268765
5 1 7 3  -0.0000081863
5 2 0 3  0.0006268765
5 2 2 3  0.0000000002
5 2 4 3  0.0000294712
5 3 1 3  0.0006268765
5 3 3 3  0.0000000002
5 3 5 3  0.0000294712
5 4 2 3  0.0000294712
5 4 4 3  -0.0000000001
5 4 6 3  0.0000940740
5 5 3 3  0.0000294712
5 5 5 3  -0.0000000001
5 5 7 3  0.0000940740
5 6 0 3  -0.0000081863
5 6 4 3  0.0000940740
5 6 6 3  -0.0000000001
5 7 1 3  -0.0000081863
5 7 5 3  0.0000940740
5 7 7 3  -0.0000000001
5 0 0 5  0.1195050468
5 0 2 5  0.0000000004
5 0 4 5  0.0014529940
5 1 1 5  0.1195050468
5 1 3 5  0.0000000004
5 1 5 5  0.0014529940
5 2 0 5  0.0000000004
5 2 2 5  0.1011497599
5 2 4 5  -0.0000000001
5 2 6 5  -0.0001048620
5 3 1 5  0.0000000004
5 3 3 5  0.1011497599
5 3 5 5  -0.0000000001
5 3 7 5  -0.0001048620
5 4 0 5  0.0014529940
5 4 2 5  -0.0000000001
5 4 4 5  0.3538284614
5 4 6 5  -0.0000000001
5 5 1 5  0.0014529940
5 5 3 5  -0.0000000001
5 5 5 5  0.3538284614
5 5 7 5  -0.0000000001
5 6 2 5  -0.0001048620
5 6 4 5  -0.0000000001
5 6 6 5  0.2971863169
5 7 3 5  -0.0001048620
5 7 5 5  -0.0000000001
5 7 7 5  0.2971863169
5 0 0 7  -0.0000000004
5 0 2 7  -0.0012717278
5 0 6 7  0.0006268765
5 1 1 7  -0.0000000004
5 1 3 7  -0.0012717278
5 1 7 7  0.0006268765
5 2 0 7  -0.0012717278
5 2 2 7  -0.0000000004
5 2 4 7  0.0000940740
5 3 1 7  -0.0012717278
5 3 3 7  -0.0000000004
5 3 5 7  0.0000940740
5 4 2 7  0.0000940740
5 4 4 7  -0.0000000001
5 4 6 7  0.0291445511
5 5 3 7  0.0000940740
5 5 5 7  -0.0000000001
5 5 7 7  0.0291445511
5 6 0 7  0.0006268765
5 6 4 7  0.0291445511
5 6 6 7  -0.0000000004
5 7 1 7  0.0006268765
5 7 5 7  0.0291445511
5 7 7 7  -0.0000000004
6 0 2 0  0.0000940740
6 0 6 0  0.0000294712
6 1 3 0  0.0000940740
6 1 7 0  0.0000294712
6 2 0 0  0.0000940740
6 2 4 0  -0.0000081863
6 3 1 0  0.0000940740
6 3 5 0  -0.0000081863
6 4 2 0  -0.0000081863
6 4 6 0  0.0006268765
6 5 3 0  -0.0000081863
6 5 7 0  0.0006268765
6 6 0 0  0.0000294712
6 6 4 0  0.0006268765
6 6 6 0  -0.0000000001
6 7 1 0  0.0000294712
6 7 5 0  0.0006268765
6 7 7 0  -0.0000000001
6 0 0 2  -0.0001048620
6 0 4 2  -0.0000311669
6 1 1 2  -0.0001048620
6 1 5 2  -0.0000311669
6 2 2 2  -0.0004014659
6 2 6 2  0.0000059030
6 3 3 2  -0.0004014659
6 3 7 2  0.0000059030
6 4 0 2  -0.0000311669
6 4 4 2  -0.0001048620
6 5 1 2  -0.0000311669
6 5 5 2  -0.0001048620
6 6 2 2  0.0000059030
6 6 6 2  -0.0004014659
6 7 3 2  0.0000059030
6 7 7 2  -0.0004014659
6 0 0 4  -0.0000000004
6 0 2 4  -0.0012717278
6 0 6 4  0.0006268765
6 1 1 4  -0.0000000004
6 1 3 4  -0.0012717278
6 1 7 4  0.0006268765
6 2 0 4  -0.0012717278
6 2 2 4  -0.0000000004
6 2 4 4  0.0000940740
6 3 1 4  -0.0012717278
6 3 3 4  -0.0000000004
6 3 5 4  0.0000940740
6 4 2 4  0.0000940740
6 4 4 4  -0.0000000001
6 4 6 4  0.0291445511
6 5 3 4  0.0000940740
6 5 5 4  -0.0000000001
6 5 7 4  0.0291445511
6 6 0 4  0.0006268765
6 6 4 4  0.0291445511
6 6 6 4  -0.0000000004
6 7 1 4  0.0006268765
6 7 5 4  0.0291445511
6 7 7 4  -0.0000000004
6 0 0 6  0.1011497600
6 0 2 6  0.0000000004
6 0 4 6  0.0020375615
6 0 6 6  -0.0000000001
6 1 1 6  0.1011497600
6 1 3 6  0.0000000004
6 1 5 6  0.0020375615
6 1 7 6  -0.0000000001
6 2 0 6  0.0000000004
6 2 2 6  0.0883882728
6 2 4 6  -0.0000000001
6 2 6 6  -0.0004014659
6 3 1 6  0.0000000004
6 3 3 6  0.0883882728
6 3 5 6  -0.0000000001
6 3 7 6  -0.0004014659
6 4 0 6  0.0020375615
6 4 2 6  -0.0000000001
6 4 4 6  0.2971863169
6 4 6 6  -0.0000000004
6 5 1 6  0.0020375615
6 5 3 6  -0.0000000001
6 5 5 6  0.2971863169
6 5 7 6  -0.0000000004
6 6 0 6  -0.0000000001
6 6 2 6  -0.0004014659
6 6 4 6  -0.0000000004
6 6 6 6  0.3366239368
6 7 1 6  -0.0000000001
6 7 3 6  -0.0004014659
6 7 5 6  -0.0000000004
6 7 7 6  0.3366239368
7 0 2 1  0.0000940740
7 0 6 1  0.0000294712
7 1 3 1  0.0000940740
7 1 7 1  0.0000294712
7 2 0 1  0.0000940740
7 2 4 1  -0.0000081863
7 3 1 1  0.0000940740
7 3 5 1  -0.0000081863
7 4 2 1  -0.0000081863
7 4 6 1  0.0006268765
7 5 3 1  -0.0000081863
7 5 7 1  0.0006268765
7 6 0 1  0.0000294712
7 6 4 1  0.0006268765
7 6 6 1  -0.0000000001
7 7 1 1  0.0000294712
7 7 5 1  0.0006268765
7 7 7 1  -0.0000000001
7 0 0 3  -0.0001048620
7 0 4 3  -0.0000311669
7 1 1 3  -0.0001048620
7 1 5 3  -0.0000311669
7 2 2 3  -0.0004014659
7 2 6 3  0.0000059030
7 3 3 3  -0.0004014659
7 3 7 3  0.0000059030
7 4 0 3  -0.0000311669
7 4 4 3  -0.0001048620
7 5 1 3  -0.0000311669
7 5 5 3  -0.0001048620
7 6 2 3  0.0000059030
7 6 6 3  -0.0004014659
7 7 3 3  0.0000059030
7 7 7 3  -0.0004014659
7 0 0 5  -0.0000000004
7 0 2 5  -0.0012717278
7 0 6 5  0.0006268765
7 1 1 5  -0.0000000004
7 1 3 5  -0.0012717278
7 1 7 5  0.0006268765
7 2 0 5  -0.0012717278
7 2 2 5  -0.0000000004
7 2 4 5  0.0000940740
7 3 1 5  -0.0012717278
7 3 3 5  -0.0000000004
7 3 5 5  0.0000940740
7 4 2 5  0.0000940740
7 4 4 5  -0.0000000001
7 4 6 5  0.0291445511
7 5 3 5  0.0000940740
7 5 5 5  -0.0000000001
7 5 7 5  0.0291445511
7 6 0 5  0.0006268765
7 6 4 5  0.0291445511
7 6 6 5  -0.0000000004
7 7 1 5  0.0006268765
7 7 5 5  0.0291445511
7 7 7 5  -0.0000000004
7 0 0 7  0.1011497600
7 0 2 7  0.0000000004
7 0 4 7  0.0020375615
7 0 6 7  -0.0000000001
7 1 1 7  0.1011497600
7 1 3 7  0.0000000004
7 1 5 7  0.0020375615
7 1 7 7  -0.0000000001
7 2 0 7  0.0000000004
7 2 2 7  0.0883882728
7 2 4 7  -0.0000000001
7 2 6 7  -0.0004014659
7 3 1 7  0.0000000004
7 3 3 7  0.0883882728
7 3 5 7  -0.0000000001
7 3 7 7  -0.0004014659
7 4 0 7  0.0020375615
7 4 2 7  -0.0000000001
7 4 4 7  0.2971863169
7 4 6 7  -0.0000000004
7 5 1 7  0.0020375615
7 5 3 7  -0.0000000001
7 5 5 7  0.2971863169
7 5 7 7  -0.0000000004
7 6 0 7  -0.0000000001
7 6 2 7  -0.0004014659
7 6 4 7  -0.0000000004
7 6 6 7  0.3366239368
7 7 1 7  -0.0000000001
7 7 3 7  -0.0004014659
7 7 5 7  -0.0000000004
7 7 7 7  0.3366239368

 E(Ref) = -77.6159150098 Hartree, <S**2> = 2.0000
 E(FCI) = -77.6275894227 Hartree, <S**2> = 0.0000
