 MO Integrals with frozen core/virtual approximation

-73.62278429211285
0 0  -1.6735419093
0 2  0.0000000067
0 4  0.1920782342
0 6  0.0000000027
1 1  -1.6735419093
1 3  0.0000000067
1 5  0.1920782342
1 7  0.0000000027
2 0  0.0000000067
2 2  -1.4542753613
2 4  -0.0000000052
2 6  -0.0387984667
3 1  0.0000000067
3 3  -1.4542753613
3 5  -0.0000000052
3 7  -0.0387984667
4 0  0.1920782342
4 2  -0.0000000052
4 4  -1.6800127422
4 6  -0.0000000041
5 1  0.1920782342
5 3  -0.0000000052
5 5  -1.6800127422
5 7  -0.0000000041
6 0  0.0000000027
6 2  -0.0387984667
6 4  -0.0000000041
6 6  -1.4542753619
7 1  0.0000000027
7 3  -0.0387984667
7 5  -0.0000000041
7 7  -1.4542753619
0 0 0 0  0.3704571536
0 0 2 0  -0.0000000001
0 0 4 0  -0.0011445964
0 0 6 0  -0.0000000001
0 1 1 0  0.3704571536
0 1 3 0  -0.0000000001
0 1 5 0  -0.0011445964
0 1 7 0  -0.0000000001
0 2 0 0  -0.0000000001
0 2 2 0  0.3048698558
0 2 4 0  -0.0000000004
0 2 6 0  0.0004318132
0 3 1 0  -0.0000000001
0 3 3 0  0.3048698558
0 3 5 0  -0.0000000004
0 3 7 0  0.0004318132
0 4 0 0  -0.0011445964
0 4 2 0  -0.0000000004
0 4 4 0  0.1897064469
0 4 6 0  0.0000000005
0 5 1 0  -0.0011445964
0 5 3 0  -0.0000000004
0 5 5 0  0.1897064469
0 5 7 0  0.0000000005
0 6 0 0  -0.0000000001
0 6 2 0  0.0004318132
0 6 4 0  0.0000000005
0 6 6 0  0.1490553950
0 7 1 0  -0.0000000001
0 7 3 0  0.0004318132
0 7 5 0  0.0000000005
0 7 7 0  0.1490553950
0 0 0 2  -0.0000000001
0 0 2 2  0.0326341076
0 0 6 2  0.0010584900
0 1 1 2  -0.0000000001
0 1 3 2  0.0326341076
0 1 7 2  0.0010584900
0 2 0 2  0.0326341076
0 2 2 2  -0.0000000008
0 2 4 2  0.0013026947
0 2 6 2  -0.0000000001
0 3 1 2  0.0326341076
0 3 3 2  -0.0000000008
0 3 5 2  0.0013026947
0 3 7 2  -0.0000000001
0 4 2 2  0.0013026947
0 4 4 2  -0.0000000009
0 4 6 2  -0.0047883924
0 5 3 2  0.0013026947
0 5 5 2  -0.0000000009
0 5 7 2  -0.0047883924
0 6 0 2  0.0010584900
0 6 2 2  -0.0000000001
0 6 4 2  -0.0047883924
0 6 6 2  -0.0000000008
0 7 1 2  0.0010584900
0 7 3 2  -0.0000000001
0 7 5 2  -0.0047883924
0 7 7 2  -0.0000000008
0 0 0 4  -0.0011445964
0 0 4 4  0.0030128885
0 1 1 4  -0.0011445964
0 1 5 4  0.0030128885
0 2 2 4  0.0035160651
0 2 4 4  -0.0000000001
0 2 6 4  -0.0006025285
0 3 3 4  0.0035160651
0 3 5 4  -0.0000000001
0 3 7 4  -0.0006025285
0 4 0 4  0.0030128885
0 4 2 4  -0.0000000001
0 4 4 4  -0.0011764400
0 5 1 4  0.0030128885
0 5 3 4  -0.0000000001
0 5 5 4  -0.0011764400
0 6 2 4  -0.0006025285
0 6 6 4  0.0035160651
0 7 3 4  -0.0006025285
0 7 7 4  0.0035160651
0 0 0 6  -0.0000000001
0 0 2 6  0.0010584900
0 0 6 6  0.0004184831
0 1 1 6  -0.0000000001
0 1 3 6  0.0010584900
0 1 7 6  0.0004184831
0 2 0 6  0.0010584900
0 2 2 6  -0.0000000002
0 2 4 6  -0.0001976684
0 3 1 6  0.0010584900
0 3 3 6  -0.0000000002
0 3 5 6  -0.0001976684
0 4 2 6  -0.0001976684
0 4 6 6  0.0013026946
0 5 3 6  -0.0001976684
0 5 7 6  0.0013026946
0 6 0 6  0.0004184831
0 6 4 6  0.0013026946
0 6 6 6  0.0000000002
0 7 1 6  0.0004184831
0 7 5 6  0.0013026946
0 7 7 6  0.0000000002
1 0 0 1  0.3704571536
1 0 2 1  -0.0000000001
1 0 4 1  -0.0011445964
1 0 6 1  -0.0000000001
1 1 1 1  0.3704571536
1 1 3 1  -0.0000000001
1 1 5 1  -0.0011445964
1 1 7 1  -0.0000000001
1 2 0 1  -0.0000000001
1 2 2 1  0.3048698558
1 2 4 1  -0.0000000004
1 2 6 1  0.0004318132
1 3 1 1  -0.0000000001
1 3 3 1  0.3048698558
1 3 5 1  -0.0000000004
1 3 7 1  0.0004318132
1 4 0 1  -0.0011445964
1 4 2 1  -0.0000000004
1 4 4 1  0.1897064469
1 4 6 1  0.0000000005
1 5 1 1  -0.0011445964
1 5 3 1  -0.0000000004
1 5 5 1  0.1897064469
1 5 7 1  0.0000000005
1 6 0 1  -0.0000000001
1 6 2 1  0.0004318132
1 6 4 1  0.0000000005
1 6 6 1  0.1490553950
1 7 1 1  -0.0000000001
1 7 3 1  0.0004318132
1 7 5 1  0.0000000005
1 7 7 1  0.1490553950
1 0 0 3  -0.0000000001
1 0 2 3  0.0326341076
1 0 6 3  0.0010584900
1 1 1 3  -0.0000000001
1 1 3 3  0.0326341076
1 1 7 3  0.0010584900
1 2 0 3  0.0326341076
1 2 2 3  -0.0000000008
1 2 4 3  0.0013026947
1 2 6 3  -0.0000000001
1 3 1 3  0.0326341076
1 3 3 3  -0.0000000008
1 3 5 3  0.0013026947
1 3 7 3  -0.0000000001
1 4 2 3  0.0013026947
1 4 4 3  -0.0000000009
1 4 6 3  -0.0047883924
1 5 3 3  0.0013026947
1 5 5 3  -0.0000000009
1 5 7 3  -0.0047883924
1 6 0 3  0.0010584900
1 6 2 3  -0.0000000001
1 6 4 3  -0.0047883924
1 6 6 3  -0.0000000008
1 7 1 3  0.0010584900
1 7 3 3  -0.0000000001
1 7 5 3  -0.0047883924
1 7 7 3  -0.0000000008
1 0 0 5  -0.0011445964
1 0 4 5  0.0030128885
1 1 1 5  -0.0011445964
1 1 5 5  0.0030128885
1 2 2 5  0.0035160651
1 2 4 5  -0.0000000001
1 2 6 5  -0.0006025285
1 3 3 5  0.0035160651
1 3 5 5  -0.0000000001
1 3 7 5  -0.0006025285
1 4 0 5  0.0030128885
1 4 2 5  -0.0000000001
1 4 4 5  -0.0011764400
1 5 1 5  0.0030128885
1 5 3 5  -0.0000000001
1 5 5 5  -0.0011764400
1 6 2 5  -0.0006025285
1 6 6 5  0.0035160651
1 7 3 5  -0.0006025285
1 7 7 5  0.0035160651
1 0 0 7  -0.0000000001
1 0 2 7  0.0010584900
1 0 6 7  0.0004184831
1 1 1 7  -0.0000000001
1 1 3 7  0.0010584900
1 1 7 7  0.0004184831
1 2 0 7  0.0010584900
1 2 2 7  -0.0000000002
1 2 4 7  -0.0001976684
1 3 1 7  0.0010584900
1 3 3 7  -0.0000000002
1 3 5 7  -0.0001976684
1 4 2 7  -0.0001976684
1 4 6 7  0.0013026946
1 5 3 7  -0.0001976684
1 5 7 7  0.0013026946
1 6 0 7  0.0004184831
1 6 4 7  0.0013026946
1 6 6 7  0.0000000002
1 7 1 7  0.0004184831
1 7 5 7  0.0013026946
1 7 7 7  0.0000000002
2 0 0 0  -0.0000000001
2 0 2 0  0.0326341076
2 0 6 0  0.0010584900
2 1 1 0  -0.0000000001
2 1 3 0  0.0326341076
2 1 7 0  0.0010584900
2 2 0 0  0.0326341076
2 2 2 0  -0.0000000008
2 2 4 0  0.0013026947
2 2 6 0  -0.0000000001
2 3 1 0  0.0326341076
2 3 3 0  -0.0000000008
2 3 5 0  0.0013026947
2 3 7 0  -0.0000000001
2 4 2 0  0.0013026947
2 4 4 0  -0.0000000009
2 4 6 0  -0.0047883924
2 5 3 0  0.0013026947
2 5 5 0  -0.0000000009
2 5 7 0  -0.0047883924
2 6 0 0  0.0010584900
2 6 2 0  -0.0000000001
2 6 4 0  -0.0047883924
2 6 6 0  -0.0000000008
2 7 1 0  0.0010584900
2 7 3 0  -0.0000000001
2 7 5 0  -0.0047883924
2 7 7 0  -0.0000000008
2 0 0 2  0.3048698558
2 0 2 2  -0.0000000008
2 0 4 2  0.0035160651
2 0 6 2  -0.0000000002
2 1 1 2  0.3048698558
2 1 3 2  -0.0000000008
2 1 5 2  0.0035160651
2 1 7 2  -0.0000000002
2 2 0 2  -0.0000000008
2 2 2 2  0.3372534354
2 2 4 2  -0.0000000010
2 2 6 2  -0.0016080859
2 3 1 2  -0.0000000008
2 3 3 2  0.3372534354
2 3 5 2  -0.0000000010
2 3 7 2  -0.0016080859
2 4 0 2  0.0035160651
2 4 2 2  -0.0000000010
2 4 4 2  0.1490553948
2 4 6 2  0.0000000007
2 5 1 2  0.0035160651
2 5 3 2  -0.0000000010
2 5 5 2  0.1490553948
2 5 7 2  0.0000000007
2 6 0 2  -0.0000000002
2 6 2 2  -0.0016080859
2 6 4 2  0.0000000007
2 6 6 2  0.1240743888
2 7 1 2  -0.0000000002
2 7 3 2  -0.0016080859
2 7 5 2  0.0000000007
2 7 7 2  0.1240743888
2 0 0 4  -0.0000000004
2 0 2 4  0.0013026947
2 0 4 4  -0.0000000001
2 0 6 4  -0.0001976684
2 1 1 4  -0.0000000004
2 1 3 4  0.0013026947
2 1 5 4  -0.0000000001
2 1 7 4  -0.0001976684
2 2 0 4  0.0013026947
2 2 2 4  -0.0000000010
2 2 4 4  0.0004184831
2 3 1 4  0.0013026947
2 3 3 4  -0.0000000010
2 3 5 4  0.0004184831
2 4 0 4  -0.0000000001
2 4 2 4  0.0004184831
2 4 4 4  0.0000000010
2 4 6 4  0.0010584900
2 5 1 4  -0.0000000001
2 5 3 4  0.0004184831
2 5 5 4  0.0000000010
2 5 7 4  0.0010584900
2 6 0 4  -0.0001976684
2 6 4 4  0.0010584900
2 6 6 4  0.0000000008
2 7 1 4  -0.0001976684
2 7 5 4  0.0010584900
2 7 7 4  0.0000000008
2 0 0 6  0.0004318132
2 0 2 6  -0.0000000001
2 0 4 6  -0.0006025285
2 1 1 6  0.0004318132
2 1 3 6  -0.0000000001
2 1 5 6  -0.0006025285
2 2 0 6  -0.0000000001
2 2 2 6  -0.0016080859
2 2 6 6  0.0002304061
2 3 1 6  -0.0000000001
2 3 3 6  -0.0016080859
2 3 7 6  0.0002304061
2 4 0 6  -0.0006025285
2 4 4 6  0.0004318131
2 4 6 6  0.0000000002
2 5 1 6  -0.0006025285
2 5 5 6  0.0004318131
2 5 7 6  0.0000000002
2 6 2 6  0.0002304061
2 6 4 6  0.0000000002
2 6 6 6  -0.0016080859
2 7 3 6  0.0002304061
2 7 5 6  0.0000000002
2 7 7 6  -0.0016080859
3 0 0 1  -0.0000000001
3 0 2 1  0.0326341076
3 0 6 1  0.0010584900
3 1 1 1  -0.0000000001
3 1 3 1  0.0326341076
3 1 7 1  0.0010584900
3 2 0 1  0.0326341076
3 2 2 1  -0.0000000008
3 2 4 1  0.0013026947
3 2 6 1  -0.0000000001
3 3 1 1  0.0326341076
3 3 3 1  -0.0000000008
3 3 5 1  0.0013026947
3 3 7 1  -0.0000000001
3 4 2 1  0.0013026947
3 4 4 1  -0.0000000009
3 4 6 1  -0.0047883924
3 5 3 1  0.0013026947
3 5 5 1  -0.0000000009
3 5 7 1  -0.0047883924
3 6 0 1  0.0010584900
3 6 2 1  -0.0000000001
3 6 4 1  -0.0047883924
3 6 6 1  -0.0000000008
3 7 1 1  0.0010584900
3 7 3 1  -0.0000000001
3 7 5 1  -0.0047883924
3 7 7 1  -0.0000000008
3 0 0 3  0.3048698558
3 0 2 3  -0.0000000008
3 0 4 3  0.0035160651
3 0 6 3  -0.0000000002
3 1 1 3  0.3048698558
3 1 3 3  -0.0000000008
3 1 5 3  0.0035160651
3 1 7 3  -0.0000000002
3 2 0 3  -0.0000000008
3 2 2 3  0.3372534354
3 2 4 3  -0.0000000010
3 2 6 3  -0.0016080859
3 3 1 3  -0.0000000008
3 3 3 3  0.3372534354
3 3 5 3  -0.0000000010
3 3 7 3  -0.0016080859
3 4 0 3  0.0035160651
3 4 2 3  -0.0000000010
3 4 4 3  0.1490553948
3 4 6 3  0.0000000007
3 5 1 3  0.0035160651
3 5 3 3  -0.0000000010
3 5 5 3  0.1490553948
3 5 7 3  0.0000000007
3 6 0 3  -0.0000000002
3 6 2 3  -0.0016080859
3 6 4 3  0.0000000007
3 6 6 3  0.1240743888
3 7 1 3  -0.0000000002
3 7 3 3  -0.0016080859
3 7 5 3  0.0000000007
3 7 7 3  0.1240743888
3 0 0 5  -0.0000000004
3 0 2 5  0.0013026947
3 0 4 5  -0.0000000001
3 0 6 5  -0.0001976684
3 1 1 5  -0.0000000004
3 1 3 5  0.0013026947
3 1 5 5  -0.0000000001
3 1 7 5  -0.0001976684
3 2 0 5  0.0013026947
3 2 2 5  -0.0000000010
3 2 4 5  0.0004184831
3 3 1 5  0.0013026947
3 3 3 5  -0.0000000010
3 3 5 5  0.0004184831
3 4 0 5  -0.0000000001
3 4 2 5  0.0004184831
3 4 4 5  0.0000000010
3 4 6 5  0.0010584900
3 5 1 5  -0.0000000001
3 5 3 5  0.0004184831
3 5 5 5  0.0000000010
3 5 7 5  0.0010584900
3 6 0 5  -0.0001976684
3 6 4 5  0.0010584900
3 6 6 5  0.0000000008
3 7 1 5  -0.0001976684
3 7 5 5  0.0010584900
3 7 7 5  0.0000000008
3 0 0 7  0.0004318132
3 0 2 7  -0.0000000001
3 0 4 7  -0.0006025285
3 1 1 7  0.0004318132
3 1 3 7  -0.0000000001
3 1 5 7  -0.0006025285
3 2 0 7  -0.0000000001
3 2 2 7  -0.0016080859
3 2 6 7  0.0002304061
3 3 1 7  -0.0000000001
3 3 3 7  -0.0016080859
3 3 7 7  0.0002304061
3 4 0 7  -0.0006025285
3 4 4 7  0.0004318131
3 4 6 7  0.0000000002
3 5 1 7  -0.0006025285
3 5 5 7  0.0004318131
3 5 7 7  0.0000000002
3 6 2 7  0.0002304061
3 6 4 7  0.0000000002
3 6 6 7  -0.0016080859
3 7 3 7  0.0002304061
3 7 5 7  0.0000000002
3 7 7 7  -0.0016080859
4 0 0 0  -0.0011445964
4 0 4 0  0.0030128885
4 1 1 0  -0.0011445964
4 1 5 0  0.0030128885
4 2 2 0  0.0035160651
4 2 4 0  -0.0000000001
4 2 6 0  -0.0006025285
4 3 3 0  0.0035160651
4 3 5 0  -0.0000000001
4 3 7 0  -0.0006025285
4 4 0 0  0.0030128885
4 4 2 0  -0.0000000001
4 4 4 0  -0.0011764400
4 5 1 0  0.0030128885
4 5 3 0  -0.0000000001
4 5 5 0  -0.0011764400
4 6 2 0  -0.0006025285
4 6 6 0  0.0035160651
4 7 3 0  -0.0006025285
4 7 7 0  0.0035160651
4 0 0 2  -0.0000000004
4 0 2 2  0.0013026947
4 0 4 2  -0.0000000001
4 0 6 2  -0.0001976684
4 1 1 2  -0.0000000004
4 1 3 2  0.0013026947
4 1 5 2  -0.0000000001
4 1 7 2  -0.0001976684
4 2 0 2  0.0013026947
4 2 2 2  -0.0000000010
4 2 4 2  0.0004184831
4 3 1 2  0.0013026947
4 3 3 2  -0.0000000010
4 3 5 2  0.0004184831
4 4 0 2  -0.0000000001
4 4 2 2  0.0004184831
4 4 4 2  0.0000000010
4 4 6 2  0.0010584900
4 5 1 2  -0.0000000001
4 5 3 2  0.0004184831
4 5 5 2  0.0000000010
4 5 7 2  0.0010584900
4 6 0 2  -0.0001976684
4 6 4 2  0.0010584900
4 6 6 2  0.0000000008
4 7 1 2  -0.0001976684
4 7 5 2  0.0010584900
4 7 7 2  0.0000000008
4 0 0 4  0.1897064469
4 0 2 4  -0.0000000009
4 0 4 4  -0.0011764400
4 1 1 4  0.1897064469
4 1 3 4  -0.0000000009
4 1 5 4  -0.0011764400
4 2 0 4  -0.0000000009
4 2 2 4  0.1490553948
4 2 4 4  0.0000000010
4 2 6 4  0.0004318131
4 3 1 4  -0.0000000009
4 3 3 4  0.1490553948
4 3 5 4  0.0000000010
4 3 7 4  0.0004318131
4 4 0 4  -0.0011764400
4 4 2 4  0.0000000010
4 4 4 4  0.3701254509
4 5 1 4  -0.0011764400
4 5 3 4  0.0000000010
4 5 5 4  0.3701254509
4 6 2 4  0.0004318131
4 6 6 4  0.3048698555
4 7 3 4  0.0004318131
4 7 7 4  0.3048698555
4 0 0 6  0.0000000005
4 0 2 6  -0.0047883924
4 0 6 6  0.0013026946
4 1 1 6  0.0000000005
4 1 3 6  -0.0047883924
4 1 7 6  0.0013026946
4 2 0 6  -0.0047883924
4 2 2 6  0.0000000007
4 2 4 6  0.0010584900
4 2 6 6  0.0000000002
4 3 1 6  -0.0047883924
4 3 3 6  0.0000000007
4 3 5 6  0.0010584900
4 3 7 6  0.0000000002
4 4 2 6  0.0010584900
4 4 6 6  0.0326341075
4 5 3 6  0.0010584900
4 5 7 6  0.0326341075
4 6 0 6  0.0013026946
4 6 2 6  0.0000000002
4 6 4 6  0.0326341075
4 6 6 6  0.0000000006
4 7 1 6  0.0013026946
4 7 3 6  0.0000000002
4 7 5 6  0.0326341075
4 7 7 6  0.0000000006
5 0 0 1  -0.0011445964
5 0 4 1  0.0030128885
5 1 1 1  -0.0011445964
5 1 5 1  0.0030128885
5 2 2 1  0.0035160651
5 2 4 1  -0.0000000001
5 2 6 1  -0.0006025285
5 3 3 1  0.0035160651
5 3 5 1  -0.0000000001
5 3 7 1  -0.0006025285
5 4 0 1  0.0030128885
5 4 2 1  -0.0000000001
5 4 4 1  -0.0011764400
5 5 1 1  0.0030128885
5 5 3 1  -0.0000000001
5 5 5 1  -0.0011764400
5 6 2 1  -0.0006025285
5 6 6 1  0.0035160651
5 7 3 1  -0.0006025285
5 7 7 1  0.0035160651
5 0 0 3  -0.0000000004
5 0 2 3  0.0013026947
5 0 4 3  -0.0000000001
5 0 6 3  -0.0001976684
5 1 1 3  -0.0000000004
5 1 3 3  0.0013026947
5 1 5 3  -0.0000000001
5 1 7 3  -0.0001976684
5 2 0 3  0.0013026947
5 2 2 3  -0.0000000010
5 2 4 3  0.0004184831
5 3 1 3  0.0013026947
5 3 3 3  -0.0000000010
5 3 5 3  0.0004184831
5 4 0 3  -0.0000000001
5 4 2 3  0.0004184831
5 4 4 3  0.0000000010
5 4 6 3  0.0010584900
5 5 1 3  -0.0000000001
5 5 3 3  0.0004184831
5 5 5 3  0.0000000010
5 5 7 3  0.0010584900
5 6 0 3  -0.0001976684
5 6 4 3  0.0010584900
5 6 6 3  0.0000000008
5 7 1 3  -0.0001976684
5 7 5 3  0.0010584900
5 7 7 3  0.0000000008
5 0 0 5  0.1897064469
5 0 2 5  -0.0000000009
5 0 4 5  -0.0011764400
5 1 1 5  0.1897064469
5 1 3 5  -0.0000000009
5 1 5 5  -0.0011764400
5 2 0 5  -0.0000000009
5 2 2 5  0.1490553948
5 2 4 5  0.0000000010
5 2 6 5  0.0004318131
5 3 1 5  -0.0000000009
5 3 3 5  0.1490553948
5 3 5 5  0.0000000010
5 3 7 5  0.0004318131
5 4 0 5  -0.0011764400
5 4 2 5  0.0000000010
5 4 4 5  0.3701254509
5 5 1 5  -0.0011764400
5 5 3 5  0.0000000010
5 5 5 5  0.3701254509
5 6 2 5  0.0004318131
5 6 6 5  0.3048698555
5 7 3 5  0.0004318131
5 7 7 5  0.3048698555
5 0 0 7  0.0000000005
5 0 2 7  -0.0047883924
5 0 6 7  0.0013026946
5 1 1 7  0.0000000005
5 1 3 7  -0.0047883924
5 1 7 7  0.0013026946
5 2 0 7  -0.0047883924
5 2 2 7  0.0000000007
5 2 4 7  0.0010584900
5 2 6 7  0.0000000002
5 3 1 7  -0.0047883924
5 3 3 7  0.0000000007
5 3 5 7  0.0010584900
5 3 7 7  0.0000000002
5 4 2 7  0.0010584900
5 4 6 7  0.0326341075
5 5 3 7  0.0010584900
5 5 7 7  0.0326341075
5 6 0 7  0.0013026946
5 6 2 7  0.0000000002
5 6 4 7  0.0326341075
5 6 6 7  0.0000000006
5 7 1 7  0.0013026946
5 7 3 7  0.0000000002
5 7 5 7  0.0326341075
5 7 7 7  0.0000000006
6 0 0 0  -0.0000000001
6 0 2 0  0.0010584900
6 0 6 0  0.0004184831
6 1 1 0  -0.0000000001
6 1 3 0  0.0010584900
6 1 7 0  0.0004184831
6 2 0 0  0.0010584900
6 2 2 0  -0.0000000002
6 2 4 0  -0.0001976684
6 3 1 0  0.0010584900
6 3 3 0  -0.0000000002
6 3 5 0  -0.0001976684
6 4 2 0  -0.0001976684
6 4 6 0  0.0013026946
6 5 3 0  -0.0001976684
6 5 7 0  0.0013026946
6 6 0 0  0.0004184831
6 6 4 0  0.0013026946
6 6 6 0  0.0000000002
6 7 1 0  0.0004184831
6 7 5 0  0.0013026946
6 7 7 0  0.0000000002
6 0 0 2  0.0004318132
6 0 2 2  -0.0000000001
6 0 4 2  -0.0006025285
6 1 1 2  0.0004318132
6 1 3 2  -0.0000000001
6 1 5 2  -0.0006025285
6 2 0 2  -0.0000000001
6 2 2 2  -0.0016080859
6 2 6 2  0.0002304061
6 3 1 2  -0.0000000001
6 3 3 2  -0.0016080859
6 3 7 2  0.0002304061
6 4 0 2  -0.0006025285
6 4 4 2  0.0004318131
6 4 6 2  0.0000000002
6 5 1 2  -0.0006025285
6 5 5 2  0.0004318131
6 5 7 2  0.0000000002
6 6 2 2  0.0002304061
6 6 4 2  0.0000000002
6 6 6 2  -0.0016080859
6 7 3 2  0.0002304061
6 7 5 2  0.0000000002
6 7 7 2  -0.0016080859
6 0 0 4  0.0000000005
6 0 2 4  -0.0047883924
6 0 6 4  0.0013026946
6 1 1 4  0.0000000005
6 1 3 4  -0.0047883924
6 1 7 4  0.0013026946
6 2 0 4  -0.0047883924
6 2 2 4  0.0000000007
6 2 4 4  0.0010584900
6 2 6 4  0.0000000002
6 3 1 4  -0.0047883924
6 3 3 4  0.0000000007
6 3 5 4  0.0010584900
6 3 7 4  0.0000000002
6 4 2 4  0.0010584900
6 4 6 4  0.0326341075
6 5 3 4  0.0010584900
6 5 7 4  0.0326341075
6 6 0 4  0.0013026946
6 6 2 4  0.0000000002
6 6 4 4  0.0326341075
6 6 6 4  0.0000000006
6 7 1 4  0.0013026946
6 7 3 4  0.0000000002
6 7 5 4  0.0326341075
6 7 7 4  0.0000000006
6 0 0 6  0.1490553950
6 0 2 6  -0.0000000008
6 0 4 6  0.0035160651
6 0 6 6  0.0000000002
6 1 1 6  0.1490553950
6 1 3 6  -0.0000000008
6 1 5 6  0.0035160651
6 1 7 6  0.0000000002
6 2 0 6  -0.0000000008
6 2 2 6  0.1240743888
6 2 4 6  0.0000000008
6 2 6 6  -0.0016080859
6 3 1 6  -0.0000000008
6 3 3 6  0.1240743888
6 3 5 6  0.0000000008
6 3 7 6  -0.0016080859
6 4 0 6  0.0035160651
6 4 2 6  0.0000000008
6 4 4 6  0.3048698555
6 4 6 6  0.0000000006
6 5 1 6  0.0035160651
6 5 3 6  0.0000000008
6 5 5 6  0.3048698555
6 5 7 6  0.0000000006
6 6 0 6  0.0000000002
6 6 2 6  -0.0016080859
6 6 4 6  0.0000000006
6 6 6 6  0.3372534354
6 7 1 6  0.0000000002
6 7 3 6  -0.0016080859
6 7 5 6  0.0000000006
6 7 7 6  0.3372534354
7 0 0 1  -0.0000000001
7 0 2 1  0.0010584900
7 0 6 1  0.0004184831
7 1 1 1  -0.0000000001
7 1 3 1  0.0010584900
7 1 7 1  0.0004184831
7 2 0 1  0.0010584900
7 2 2 1  -0.0000000002
7 2 4 1  -0.0001976684
7 3 1 1  0.0010584900
7 3 3 1  -0.0000000002
7 3 5 1  -0.0001976684
7 4 2 1  -0.0001976684
7 4 6 1  0.0013026946
7 5 3 1  -0.0001976684
7 5 7 1  0.0013026946
7 6 0 1  0.0004184831
7 6 4 1  0.0013026946
7 6 6 1  0.0000000002
7 7 1 1  0.0004184831
7 7 5 1  0.0013026946
7 7 7 1  0.0000000002
7 0 0 3  0.0004318132
7 0 2 3  -0.0000000001
7 0 4 3  -0.0006025285
7 1 1 3  0.0004318132
7 1 3 3  -0.0000000001
7 1 5 3  -0.0006025285
7 2 0 3  -0.0000000001
7 2 2 3  -0.0016080859
7 2 6 3  0.0002304061
7 3 1 3  -0.0000000001
7 3 3 3  -0.0016080859
7 3 7 3  0.0002304061
7 4 0 3  -0.0006025285
7 4 4 3  0.0004318131
7 4 6 3  0.0000000002
7 5 1 3  -0.0006025285
7 5 5 3  0.0004318131
7 5 7 3  0.0000000002
7 6 2 3  0.0002304061
7 6 4 3  0.0000000002
7 6 6 3  -0.0016080859
7 7 3 3  0.0002304061
7 7 5 3  0.0000000002
7 7 7 3  -0.0016080859
7 0 0 5  0.0000000005
7 0 2 5  -0.0047883924
7 0 6 5  0.0013026946
7 1 1 5  0.0000000005
7 1 3 5  -0.0047883924
7 1 7 5  0.0013026946
7 2 0 5  -0.0047883924
7 2 2 5  0.0000000007
7 2 4 5  0.0010584900
7 2 6 5  0.0000000002
7 3 1 5  -0.0047883924
7 3 3 5  0.0000000007
7 3 5 5  0.0010584900
7 3 7 5  0.0000000002
7 4 2 5  0.0010584900
7 4 6 5  0.0326341075
7 5 3 5  0.0010584900
7 5 7 5  0.0326341075
7 6 0 5  0.0013026946
7 6 2 5  0.0000000002
7 6 4 5  0.0326341075
7 6 6 5  0.0000000006
7 7 1 5  0.0013026946
7 7 3 5  0.0000000002
7 7 5 5  0.0326341075
7 7 7 5  0.0000000006
7 0 0 7  0.1490553950
7 0 2 7  -0.0000000008
7 0 4 7  0.0035160651
7 0 6 7  0.0000000002
7 1 1 7  0.1490553950
7 1 3 7  -0.0000000008
7 1 5 7  0.0035160651
7 1 7 7  0.0000000002
7 2 0 7  -0.0000000008
7 2 2 7  0.1240743888
7 2 4 7  0.0000000008
7 2 6 7  -0.0016080859
7 3 1 7  -0.0000000008
7 3 3 7  0.1240743888
7 3 5 7  0.0000000008
7 3 7 7  -0.0016080859
7 4 0 7  0.0035160651
7 4 2 7  0.0000000008
7 4 4 7  0.3048698555
7 4 6 7  0.0000000006
7 5 1 7  0.0035160651
7 5 3 7  0.0000000008
7 5 5 7  0.3048698555
7 5 7 7  0.0000000006
7 6 0 7  0.0000000002
7 6 2 7  -0.0016080859
7 6 4 7  0.0000000006
7 6 6 7  0.3372534354
7 7 1 7  0.0000000002
7 7 3 7  -0.0016080859
7 7 5 7  0.0000000006
7 7 7 7  0.3372534354

 E(Ref) = -77.5721634233 Hartree, <S**2> = 2.0000
 E(FCI) = -77.8046366800 Hartree, <S**2> = -0.0000
