 MO Integrals with frozen core/virtual approximation

-74.03795740142579
0 0  -1.4575152327
0 2  0.0000000036
0 4  0.0437645162
0 6  0.0000000009
1 1  -1.4575152327
1 3  0.0000000036
1 5  0.0437645162
1 7  0.0000000009
2 0  0.0000000036
2 2  -1.2930962817
2 4  -0.0000000009
2 6  -0.0061705118
3 1  0.0000000036
3 3  -1.2930962817
3 5  -0.0000000009
3 7  -0.0061705118
4 0  0.0437645162
4 2  -0.0000000009
4 4  -1.4575152338
4 6  -0.0000000067
5 1  0.0437645162
5 3  -0.0000000009
5 5  -1.4575152338
5 7  -0.0000000067
6 0  0.0000000009
6 2  -0.0061705118
6 4  -0.0000000067
6 6  -1.2930962833
7 1  0.0000000009
7 3  -0.0061705118
7 5  -0.0000000067
7 7  -1.2930962833
0 0 0 0  0.3542801015
0 0 2 0  -0.0000000001
0 0 4 0  0.0015271530
0 1 1 0  0.3542801015
0 1 3 0  -0.0000000001
0 1 5 0  0.0015271530
0 2 0 0  -0.0000000001
0 2 2 0  0.2973880882
0 2 4 0  -0.0000000001
0 2 6 0  -0.0001088639
0 3 1 0  -0.0000000001
0 3 3 0  0.2973880882
0 3 5 0  -0.0000000001
0 3 7 0  -0.0001088639
0 4 0 0  0.0015271530
0 4 2 0  -0.0000000001
0 4 4 0  0.1250553452
0 4 6 0  0.0000000005
0 5 1 0  0.0015271530
0 5 3 0  -0.0000000001
0 5 5 0  0.1250553452
0 5 7 0  0.0000000005
0 6 2 0  -0.0001088639
0 6 4 0  0.0000000005
0 6 6 0  0.1050560411
0 7 3 0  -0.0001088639
0 7 5 0  0.0000000005
0 7 7 0  0.1050560411
0 0 0 2  -0.0000000001
0 0 2 2  0.0292167048
0 0 6 2  0.0001257823
0 1 1 2  -0.0000000001
0 1 3 2  0.0292167048
0 1 7 2  0.0001257823
0 2 0 2  0.0292167048
0 2 2 2  -0.0000000003
0 2 4 2  0.0007273169
0 3 1 2  0.0292167048
0 3 3 2  -0.0000000003
0 3 5 2  0.0007273169
0 4 2 2  0.0007273169
0 4 4 2  -0.0000000003
0 4 6 2  -0.0014495214
0 5 3 2  0.0007273169
0 5 5 2  -0.0000000003
0 5 7 2  -0.0014495214
0 6 0 2  0.0001257823
0 6 4 2  -0.0014495214
0 6 6 2  -0.0000000004
0 7 1 2  0.0001257823
0 7 5 2  -0.0014495214
0 7 7 2  -0.0000000004
0 0 0 4  0.0015271530
0 0 4 4  0.0004190058
0 1 1 4  0.0015271530
0 1 5 4  0.0004190058
0 2 2 4  0.0023083372
0 2 6 4  -0.0000454637
0 3 3 4  0.0023083372
0 3 7 4  -0.0000454637
0 4 0 4  0.0004190058
0 4 4 4  0.0015271528
0 5 1 4  0.0004190058
0 5 5 4  0.0015271528
0 6 2 4  -0.0000454637
0 6 6 4  0.0023083370
0 7 3 4  -0.0000454637
0 7 7 4  0.0023083370
0 0 2 6  0.0001257823
0 0 6 6  0.0000420630
0 1 3 6  0.0001257823
0 1 7 6  0.0000420630
0 2 0 6  0.0001257823
0 2 4 6  -0.0000120831
0 3 1 6  0.0001257823
0 3 5 6  -0.0000120831
0 4 2 6  -0.0000120831
0 4 6 6  0.0007273168
0 5 3 6  -0.0000120831
0 5 7 6  0.0007273168
0 6 0 6  0.0000420630
0 6 4 6  0.0007273168
0 6 6 6  0.0000000001
0 7 1 6  0.0000420630
0 7 5 6  0.0007273168
0 7 7 6  0.0000000001
1 0 0 1  0.3542801015
1 0 2 1  -0.0000000001
1 0 4 1  0.0015271530
1 1 1 1  0.3542801015
1 1 3 1  -0.0000000001
1 1 5 1  0.0015271530
1 2 0 1  -0.0000000001
1 2 2 1  0.2973880882
1 2 4 1  -0.0000000001
1 2 6 1  -0.0001088639
1 3 1 1  -0.0000000001
1 3 3 1  0.2973880882
1 3 5 1  -0.0000000001
1 3 7 1  -0.0001088639
1 4 0 1  0.0015271530
1 4 2 1  -0.0000000001
1 4 4 1  0.1250553452
1 4 6 1  0.0000000005
1 5 1 1  0.0015271530
1 5 3 1  -0.0000000001
1 5 5 1  0.1250553452
1 5 7 1  0.0000000005
1 6 2 1  -0.0001088639
1 6 4 1  0.0000000005
1 6 6 1  0.1050560411
1 7 3 1  -0.0001088639
1 7 5 1  0.0000000005
1 7 7 1  0.1050560411
1 0 0 3  -0.0000000001
1 0 2 3  0.0292167048
1 0 6 3  0.0001257823
1 1 1 3  -0.0000000001
1 1 3 3  0.0292167048
1 1 7 3  0.0001257823
1 2 0 3  0.0292167048
1 2 2 3  -0.0000000003
1 2 4 3  0.0007273169
1 3 1 3  0.0292167048
1 3 3 3  -0.0000000003
1 3 5 3  0.0007273169
1 4 2 3  0.0007273169
1 4 4 3  -0.0000000003
1 4 6 3  -0.0014495214
1 5 3 3  0.0007273169
1 5 5 3  -0.0000000003
1 5 7 3  -0.0014495214
1 6 0 3  0.0001257823
1 6 4 3  -0.0014495214
1 6 6 3  -0.0000000004
1 7 1 3  0.0001257823
1 7 5 3  -0.0014495214
1 7 7 3  -0.0000000004
1 0 0 5  0.0015271530
1 0 4 5  0.0004190058
1 1 1 5  0.0015271530
1 1 5 5  0.0004190058
1 2 2 5  0.0023083372
1 2 6 5  -0.0000454637
1 3 3 5  0.0023083372
1 3 7 5  -0.0000454637
1 4 0 5  0.0004190058
1 4 4 5  0.0015271528
1 5 1 5  0.0004190058
1 5 5 5  0.0015271528
1 6 2 5  -0.0000454637
1 6 6 5  0.0023083370
1 7 3 5  -0.0000454637
1 7 7 5  0.0023083370
1 0 2 7  0.0001257823
1 0 6 7  0.0000420630
1 1 3 7  0.0001257823
1 1 7 7  0.0000420630
1 2 0 7  0.0001257823
1 2 4 7  -0.0000120831
1 3 1 7  0.0001257823
1 3 5 7  -0.0000120831
1 4 2 7  -0.0000120831
1 4 6 7  0.0007273168
1 5 3 7  -0.0000120831
1 5 7 7  0.0007273168
1 6 0 7  0.0000420630
1 6 4 7  0.0007273168
1 6 6 7  0.0000000001
1 7 1 7  0.0000420630
1 7 5 7  0.0007273168
1 7 7 7  0.0000000001
2 0 0 0  -0.0000000001
2 0 2 0  0.0292167048
2 0 6 0  0.0001257823
2 1 1 0  -0.0000000001
2 1 3 0  0.0292167048
2 1 7 0  0.0001257823
2 2 0 0  0.0292167048
2 2 2 0  -0.0000000003
2 2 4 0  0.0007273169
2 3 1 0  0.0292167048
2 3 3 0  -0.0000000003
2 3 5 0  0.0007273169
2 4 2 0  0.0007273169
2 4 4 0  -0.0000000003
2 4 6 0  -0.0014495214
2 5 3 0  0.0007273169
2 5 5 0  -0.0000000003
2 5 7 0  -0.0014495214
2 6 0 0  0.0001257823
2 6 4 0  -0.0014495214
2 6 6 0  -0.0000000004
2 7 1 0  0.0001257823
2 7 5 0  -0.0014495214
2 7 7 0  -0.0000000004
2 0 0 2  0.2973880882
2 0 2 2  -0.0000000003
2 0 4 2  0.0023083372
2 1 1 2  0.2973880882
2 1 3 2  -0.0000000003
2 1 5 2  0.0023083372
2 2 0 2  -0.0000000003
2 2 2 2  0.3366324734
2 2 4 2  -0.0000000002
2 2 6 2  -0.0004852451
2 3 1 2  -0.0000000003
2 3 3 2  0.3366324734
2 3 5 2  -0.0000000002
2 3 7 2  -0.0004852451
2 4 0 2  0.0023083372
2 4 2 2  -0.0000000002
2 4 4 2  0.1050560411
2 4 6 2  0.0000000004
2 5 1 2  0.0023083372
2 5 3 2  -0.0000000002
2 5 5 2  0.1050560411
2 5 7 2  0.0000000004
2 6 2 2  -0.0004852451
2 6 4 2  0.0000000004
2 6 6 2  0.0913476436
2 7 3 2  -0.0004852451
2 7 5 2  0.0000000004
2 7 7 2  0.0913476436
2 0 0 4  -0.0000000001
2 0 2 4  0.0007273169
2 0 6 4  -0.0000120831
2 1 1 4  -0.0000000001
2 1 3 4  0.0007273169
2 1 7 4  -0.0000120831
2 2 0 4  0.0007273169
2 2 2 4  -0.0000000002
2 2 4 4  0.0000420630
2 3 1 4  0.0007273169
2 3 3 4  -0.0000000002
2 3 5 4  0.0000420630
2 4 2 4  0.0000420630
2 4 4 4  0.0000000002
2 4 6 4  0.0001257823
2 5 3 4  0.0000420630
2 5 5 4  0.0000000002
2 5 7 4  0.0001257823
2 6 0 4  -0.0000120831
2 6 4 4  0.0001257823
2 6 6 4  0.0000000001
2 7 1 4  -0.0000120831
2 7 5 4  0.0001257823
2 7 7 4  0.0000000001
2 0 0 6  -0.0001088639
2 0 4 6  -0.0000454637
2 1 1 6  -0.0001088639
2 1 5 6  -0.0000454637
2 2 2 6  -0.0004852451
2 2 6 6  0.0000091986
2 3 3 6  -0.0004852451
2 3 7 6  0.0000091986
2 4 0 6  -0.0000454637
2 4 4 6  -0.0001088639
2 5 1 6  -0.0000454637
2 5 5 6  -0.0001088639
2 6 2 6  0.0000091986
2 6 6 6  -0.0004852451
2 7 3 6  0.0000091986
2 7 7 6  -0.0004852451
3 0 0 1  -0.0000000001
3 0 2 1  0.0292167048
3 0 6 1  0.0001257823
3 1 1 1  -0.0000000001
3 1 3 1  0.0292167048
3 1 7 1  0.0001257823
3 2 0 1  0.0292167048
3 2 2 1  -0.0000000003
3 2 4 1  0.0007273169
3 3 1 1  0.0292167048
3 3 3 1  -0.0000000003
3 3 5 1  0.0007273169
3 4 2 1  0.0007273169
3 4 4 1  -0.0000000003
3 4 6 1  -0.0014495214
3 5 3 1  0.0007273169
3 5 5 1  -0.0000000003
3 5 7 1  -0.0014495214
3 6 0 1  0.0001257823
3 6 4 1  -0.0014495214
3 6 6 1  -0.0000000004
3 7 1 1  0.0001257823
3 7 5 1  -0.0014495214
3 7 7 1  -0.0000000004
3 0 0 3  0.2973880882
3 0 2 3  -0.0000000003
3 0 4 3  0.0023083372
3 1 1 3  0.2973880882
3 1 3 3  -0.0000000003
3 1 5 3  0.0023083372
3 2 0 3  -0.0000000003
3 2 2 3  0.3366324734
3 2 4 3  -0.0000000002
3 2 6 3  -0.0004852451
3 3 1 3  -0.0000000003
3 3 3 3  0.3366324734
3 3 5 3  -0.0000000002
3 3 7 3  -0.0004852451
3 4 0 3  0.0023083372
3 4 2 3  -0.0000000002
3 4 4 3  0.1050560411
3 4 6 3  0.0000000004
3 5 1 3  0.0023083372
3 5 3 3  -0.0000000002
3 5 5 3  0.1050560411
3 5 7 3  0.0000000004
3 6 2 3  -0.0004852451
3 6 4 3  0.0000000004
3 6 6 3  0.0913476436
3 7 3 3  -0.0004852451
3 7 5 3  0.0000000004
3 7 7 3  0.0913476436
3 0 0 5  -0.0000000001
3 0 2 5  0.0007273169
3 0 6 5  -0.0000120831
3 1 1 5  -0.0000000001
3 1 3 5  0.0007273169
3 1 7 5  -0.0000120831
3 2 0 5  0.0007273169
3 2 2 5  -0.0000000002
3 2 4 5  0.0000420630
3 3 1 5  0.0007273169
3 3 3 5  -0.0000000002
3 3 5 5  0.0000420630
3 4 2 5  0.0000420630
3 4 4 5  0.0000000002
3 4 6 5  0.0001257823
3 5 3 5  0.0000420630
3 5 5 5  0.0000000002
3 5 7 5  0.0001257823
3 6 0 5  -0.0000120831
3 6 4 5  0.0001257823
3 6 6 5  0.0000000001
3 7 1 5  -0.0000120831
3 7 5 5  0.0001257823
3 7 7 5  0.0000000001
3 0 0 7  -0.0001088639
3 0 4 7  -0.0000454637
3 1 1 7  -0.0001088639
3 1 5 7  -0.0000454637
3 2 2 7  -0.0004852451
3 2 6 7  0.0000091986
3 3 3 7  -0.0004852451
3 3 7 7  0.0000091986
3 4 0 7  -0.0000454637
3 4 4 7  -0.0001088639
3 5 1 7  -0.0000454637
3 5 5 7  -0.0001088639
3 6 2 7  0.0000091986
3 6 6 7  -0.0004852451
3 7 3 7  0.0000091986
3 7 7 7  -0.0004852451
4 0 0 0  0.0015271530
4 0 4 0  0.0004190058
4 1 1 0  0.0015271530
4 1 5 0  0.0004190058
4 2 2 0  0.0023083372
4 2 6 0  -0.0000454637
4 3 3 0  0.0023083372
4 3 7 0  -0.0000454637
4 4 0 0  0.0004190058
4 4 4 0  0.0015271528
4 5 1 0  0.0004190058
4 5 5 0  0.0015271528
4 6 2 0  -0.0000454637
4 6 6 0  0.0023083370
4 7 3 0  -0.0000454637
4 7 7 0  0.0023083370
4 0 0 2  -0.0000000001
4 0 2 2  0.0007273169
4 0 6 2  -0.0000120831
4 1 1 2  -0.0000000001
4 1 3 2  0.0007273169
4 1 7 2  -0.0000120831
4 2 0 2  0.0007273169
4 2 2 2  -0.0000000002
4 2 4 2  0.0000420630
4 3 1 2  0.0007273169
4 3 3 2  -0.0000000002
4 3 5 2  0.0000420630
4 4 2 2  0.0000420630
4 4 4 2  0.0000000002
4 4 6 2  0.0001257823
4 5 3 2  0.0000420630
4 5 5 2  0.0000000002
4 5 7 2  0.0001257823
4 6 0 2  -0.0000120831
4 6 4 2  0.0001257823
4 6 6 2  0.0000000001
4 7 1 2  -0.0000120831
4 7 5 2  0.0001257823
4 7 7 2  0.0000000001
4 0 0 4  0.1250553452
4 0 2 4  -0.0000000003
4 0 4 4  0.0015271528
4 1 1 4  0.1250553452
4 1 3 4  -0.0000000003
4 1 5 4  0.0015271528
4 2 0 4  -0.0000000003
4 2 2 4  0.1050560411
4 2 4 4  0.0000000002
4 2 6 4  -0.0001088639
4 3 1 4  -0.0000000003
4 3 3 4  0.1050560411
4 3 5 4  0.0000000002
4 3 7 4  -0.0001088639
4 4 0 4  0.0015271528
4 4 2 4  0.0000000002
4 4 4 4  0.3542801014
4 4 6 4  0.0000000004
4 5 1 4  0.0015271528
4 5 3 4  0.0000000002
4 5 5 4  0.3542801014
4 5 7 4  0.0000000004
4 6 2 4  -0.0001088639
4 6 4 4  0.0000000004
4 6 6 4  0.2973880882
4 7 3 4  -0.0001088639
4 7 5 4  0.0000000004
4 7 7 4  0.2973880882
4 0 0 6  0.0000000005
4 0 2 6  -0.0014495214
4 0 6 6  0.0007273168
4 1 1 6  0.0000000005
4 1 3 6  -0.0014495214
4 1 7 6  0.0007273168
4 2 0 6  -0.0014495214
4 2 2 6  0.0000000004
4 2 4 6  0.0001257823
4 3 1 6  -0.0014495214
4 3 3 6  0.0000000004
4 3 5 6  0.0001257823
4 4 2 6  0.0001257823
4 4 4 6  0.0000000004
4 4 6 6  0.0292167048
4 5 3 6  0.0001257823
4 5 5 6  0.0000000004
4 5 7 6  0.0292167048
4 6 0 6  0.0007273168
4 6 4 6  0.0292167048
4 6 6 6  0.0000000014
4 7 1 6  0.0007273168
4 7 5 6  0.0292167048
4 7 7 6  0.0000000014
5 0 0 1  0.0015271530
5 0 4 1  0.0004190058
5 1 1 1  0.0015271530
5 1 5 1  0.0004190058
5 2 2 1  0.0023083372
5 2 6 1  -0.0000454637
5 3 3 1  0.0023083372
5 3 7 1  -0.0000454637
5 4 0 1  0.0004190058
5 4 4 1  0.0015271528
5 5 1 1  0.0004190058
5 5 5 1  0.0015271528
5 6 2 1  -0.0000454637
5 6 6 1  0.0023083370
5 7 3 1  -0.0000454637
5 7 7 1  0.0023083370
5 0 0 3  -0.0000000001
5 0 2 3  0.0007273169
5 0 6 3  -0.0000120831
5 1 1 3  -0.0000000001
5 1 3 3  0.0007273169
5 1 7 3  -0.0000120831
5 2 0 3  0.0007273169
5 2 2 3  -0.0000000002
5 2 4 3  0.0000420630
5 3 1 3  0.0007273169
5 3 3 3  -0.0000000002
5 3 5 3  0.0000420630
5 4 2 3  0.0000420630
5 4 4 3  0.0000000002
5 4 6 3  0.0001257823
5 5 3 3  0.0000420630
5 5 5 3  0.0000000002
5 5 7 3  0.0001257823
5 6 0 3  -0.0000120831
5 6 4 3  0.0001257823
5 6 6 3  0.0000000001
5 7 1 3  -0.0000120831
5 7 5 3  0.0001257823
5 7 7 3  0.0000000001
5 0 0 5  0.1250553452
5 0 2 5  -0.0000000003
5 0 4 5  0.0015271528
5 1 1 5  0.1250553452
5 1 3 5  -0.0000000003
5 1 5 5  0.0015271528
5 2 0 5  -0.0000000003
5 2 2 5  0.1050560411
5 2 4 5  0.0000000002
5 2 6 5  -0.0001088639
5 3 1 5  -0.0000000003
5 3 3 5  0.1050560411
5 3 5 5  0.0000000002
5 3 7 5  -0.0001088639
5 4 0 5  0.0015271528
5 4 2 5  0.0000000002
5 4 4 5  0.3542801014
5 4 6 5  0.0000000004
5 5 1 5  0.0015271528
5 5 3 5  0.0000000002
5 5 5 5  0.3542801014
5 5 7 5  0.0000000004
5 6 2 5  -0.0001088639
5 6 4 5  0.0000000004
5 6 6 5  0.2973880882
5 7 3 5  -0.0001088639
5 7 5 5  0.0000000004
5 7 7 5  0.2973880882
5 0 0 7  0.0000000005
5 0 2 7  -0.0014495214
5 0 6 7  0.0007273168
5 1 1 7  0.0000000005
5 1 3 7  -0.0014495214
5 1 7 7  0.0007273168
5 2 0 7  -0.0014495214
5 2 2 7  0.0000000004
5 2 4 7  0.0001257823
5 3 1 7  -0.0014495214
5 3 3 7  0.0000000004
5 3 5 7  0.0001257823
5 4 2 7  0.0001257823
5 4 4 7  0.0000000004
5 4 6 7  0.0292167048
5 5 3 7  0.0001257823
5 5 5 7  0.0000000004
5 5 7 7  0.0292167048
5 6 0 7  0.0007273168
5 6 4 7  0.0292167048
5 6 6 7  0.0000000014
5 7 1 7  0.0007273168
5 7 5 7  0.0292167048
5 7 7 7  0.0000000014
6 0 2 0  0.0001257823
6 0 6 0  0.0000420630
6 1 3 0  0.0001257823
6 1 7 0  0.0000420630
6 2 0 0  0.0001257823
6 2 4 0  -0.0000120831
6 3 1 0  0.0001257823
6 3 5 0  -0.0000120831
6 4 2 0  -0.0000120831
6 4 6 0  0.0007273168
6 5 3 0  -0.0000120831
6 5 7 0  0.0007273168
6 6 0 0  0.0000420630
6 6 4 0  0.0007273168
6 6 6 0  0.0000000001
6 7 1 0  0.0000420630
6 7 5 0  0.0007273168
6 7 7 0  0.0000000001
6 0 0 2  -0.0001088639
6 0 4 2  -0.0000454637
6 1 1 2  -0.0001088639
6 1 5 2  -0.0000454637
6 2 2 2  -0.0004852451
6 2 6 2  0.0000091986
6 3 3 2  -0.0004852451
6 3 7 2  0.0000091986
6 4 0 2  -0.0000454637
6 4 4 2  -0.0001088639
6 5 1 2  -0.0000454637
6 5 5 2  -0.0001088639
6 6 2 2  0.0000091986
6 6 6 2  -0.0004852451
6 7 3 2  0.0000091986
6 7 7 2  -0.0004852451
6 0 0 4  0.0000000005
6 0 2 4  -0.0014495214
6 0 6 4  0.0007273168
6 1 1 4  0.0000000005
6 1 3 4  -0.0014495214
6 1 7 4  0.0007273168
6 2 0 4  -0.0014495214
6 2 2 4  0.0000000004
6 2 4 4  0.0001257823
6 3 1 4  -0.0014495214
6 3 3 4  0.0000000004
6 3 5 4  0.0001257823
6 4 2 4  0.0001257823
6 4 4 4  0.0000000004
6 4 6 4  0.0292167048
6 5 3 4  0.0001257823
6 5 5 4  0.0000000004
6 5 7 4  0.0292167048
6 6 0 4  0.0007273168
6 6 4 4  0.0292167048
6 6 6 4  0.0000000014
6 7 1 4  0.0007273168
6 7 5 4  0.0292167048
6 7 7 4  0.0000000014
6 0 0 6  0.1050560411
6 0 2 6  -0.0000000004
6 0 4 6  0.0023083370
6 0 6 6  0.0000000001
6 1 1 6  0.1050560411
6 1 3 6  -0.0000000004
6 1 5 6  0.0023083370
6 1 7 6  0.0000000001
6 2 0 6  -0.0000000004
6 2 2 6  0.0913476436
6 2 4 6  0.0000000001
6 2 6 6  -0.0004852451
6 3 1 6  -0.0000000004
6 3 3 6  0.0913476436
6 3 5 6  0.0000000001
6 3 7 6  -0.0004852451
6 4 0 6  0.0023083370
6 4 2 6  0.0000000001
6 4 4 6  0.2973880882
6 4 6 6  0.0000000014
6 5 1 6  0.0023083370
6 5 3 6  0.0000000001
6 5 5 6  0.2973880882
6 5 7 6  0.0000000014
6 6 0 6  0.0000000001
6 6 2 6  -0.0004852451
6 6 4 6  0.0000000014
6 6 6 6  0.3366324734
6 7 1 6  0.0000000001
6 7 3 6  -0.0004852451
6 7 5 6  0.0000000014
6 7 7 6  0.3366324734
7 0 2 1  0.0001257823
7 0 6 1  0.0000420630
7 1 3 1  0.0001257823
7 1 7 1  0.0000420630
7 2 0 1  0.0001257823
7 2 4 1  -0.0000120831
7 3 1 1  0.0001257823
7 3 5 1  -0.0000120831
7 4 2 1  -0.0000120831
7 4 6 1  0.0007273168
7 5 3 1  -0.0000120831
7 5 7 1  0.0007273168
7 6 0 1  0.0000420630
7 6 4 1  0.0007273168
7 6 6 1  0.0000000001
7 7 1 1  0.0000420630
7 7 5 1  0.0007273168
7 7 7 1  0.0000000001
7 0 0 3  -0.0001088639
7 0 4 3  -0.0000454637
7 1 1 3  -0.0001088639
7 1 5 3  -0.0000454637
7 2 2 3  -0.0004852451
7 2 6 3  0.0000091986
7 3 3 3  -0.0004852451
7 3 7 3  0.0000091986
7 4 0 3  -0.0000454637
7 4 4 3  -0.0001088639
7 5 1 3  -0.0000454637
7 5 5 3  -0.0001088639
7 6 2 3  0.0000091986
7 6 6 3  -0.0004852451
7 7 3 3  0.0000091986
7 7 7 3  -0.0004852451
7 0 0 5  0.0000000005
7 0 2 5  -0.0014495214
7 0 6 5  0.0007273168
7 1 1 5  0.0000000005
7 1 3 5  -0.0014495214
7 1 7 5  0.0007273168
7 2 0 5  -0.0014495214
7 2 2 5  0.0000000004
7 2 4 5  0.0001257823
7 3 1 5  -0.0014495214
7 3 3 5  0.0000000004
7 3 5 5  0.0001257823
7 4 2 5  0.0001257823
7 4 4 5  0.0000000004
7 4 6 5  0.0292167048
7 5 3 5  0.0001257823
7 5 5 5  0.0000000004
7 5 7 5  0.0292167048
7 6 0 5  0.0007273168
7 6 4 5  0.0292167048
7 6 6 5  0.0000000014
7 7 1 5  0.0007273168
7 7 5 5  0.0292167048
7 7 7 5  0.0000000014
7 0 0 7  0.1050560411
7 0 2 7  -0.0000000004
7 0 4 7  0.0023083370
7 0 6 7  0.0000000001
7 1 1 7  0.1050560411
7 1 3 7  -0.0000000004
7 1 5 7  0.0023083370
7 1 7 7  0.0000000001
7 2 0 7  -0.0000000004
7 2 2 7  0.0913476436
7 2 4 7  0.0000000001
7 2 6 7  -0.0004852451
7 3 1 7  -0.0000000004
7 3 3 7  0.0913476436
7 3 5 7  0.0000000001
7 3 7 7  -0.0004852451
7 4 0 7  0.0023083370
7 4 2 7  0.0000000001
7 4 4 7  0.2973880882
7 4 6 7  0.0000000014
7 5 1 7  0.0023083370
7 5 3 7  0.0000000001
7 5 5 7  0.2973880882
7 5 7 7  0.0000000014
7 6 0 7  0.0000000001
7 6 2 7  -0.0004852451
7 6 4 7  0.0000000014
7 6 6 7  0.3366324734
7 7 1 7  0.0000000001
7 7 3 7  -0.0004852451
7 7 5 7  0.0000000014
7 7 7 7  0.3366324734

 E(Ref) = -77.6134647572 Hartree, <S**2> = 2.0000
 E(FCI) = -77.6304470925 Hartree, <S**2> = -0.0000
