 MO Integrals with frozen core/virtual approximation

-73.91465565093488
0 0  -1.5220379317
0 2  -0.0000000052
0 4  0.0774610904
0 6  -0.0000000013
1 1  -1.5220379317
1 3  -0.0000000052
1 5  0.0774610904
1 7  -0.0000000013
2 0  -0.0000000052
2 2  -1.3409697857
2 4  0.0000000037
2 6  -0.0125725185
3 1  -0.0000000052
3 3  -1.3409697857
3 5  0.0000000037
3 7  -0.0125725185
4 0  0.0774610904
4 2  0.0000000037
4 4  -1.5220379321
4 6  0.0000000035
5 1  0.0774610904
5 3  0.0000000037
5 5  -1.5220379321
5 7  0.0000000035
6 0  -0.0000000013
6 2  -0.0125725185
6 4  0.0000000035
6 6  -1.3409697857
7 1  -0.0000000013
7 3  -0.0125725185
7 5  0.0000000035
7 7  -1.3409697857
0 0 0 0  0.3568489479
0 0 2 0  -0.0000000001
0 0 4 0  0.0014575849
0 0 6 0  0.0000000003
0 1 1 0  0.3568489479
0 1 3 0  -0.0000000001
0 1 5 0  0.0014575849
0 1 7 0  0.0000000003
0 2 0 0  -0.0000000001
0 2 2 0  0.2985676478
0 2 4 0  0.0000000016
0 2 6 0  -0.0000731989
0 3 1 0  -0.0000000001
0 3 3 0  0.2985676478
0 3 5 0  0.0000000016
0 3 7 0  -0.0000731989
0 4 0 0  0.0014575849
0 4 2 0  0.0000000016
0 4 4 0  0.1446367312
0 4 6 0  -0.0000000004
0 5 1 0  0.0014575849
0 5 3 0  0.0000000016
0 5 5 0  0.1446367312
0 5 7 0  -0.0000000004
0 6 0 0  0.0000000003
0 6 2 0  -0.0000731989
0 6 4 0  -0.0000000004
0 6 6 0  0.1185962538
0 7 1 0  0.0000000003
0 7 3 0  -0.0000731989
0 7 5 0  -0.0000000004
0 7 7 0  0.1185962538
0 0 0 2  -0.0000000001
0 0 2 2  0.0296574446
0 0 4 2  0.0000000002
0 0 6 2  0.0002903670
0 1 1 2  -0.0000000001
0 1 3 2  0.0296574446
0 1 5 2  0.0000000002
0 1 7 2  0.0002903670
0 2 0 2  0.0296574446
0 2 2 2  0.0000000005
0 2 4 2  0.0010674250
0 2 6 2  0.0000000001
0 3 1 2  0.0296574446
0 3 3 2  0.0000000005
0 3 5 2  0.0010674250
0 3 7 2  0.0000000001
0 4 0 2  0.0000000002
0 4 2 2  0.0010674250
0 4 4 2  0.0000000006
0 4 6 2  -0.0021982515
0 5 1 2  0.0000000002
0 5 3 2  0.0010674250
0 5 5 2  0.0000000006
0 5 7 2  -0.0021982515
0 6 0 2  0.0002903670
0 6 2 2  0.0000000001
0 6 4 2  -0.0021982515
0 6 6 2  0.0000000005
0 7 1 2  0.0002903670
0 7 3 2  0.0000000001
0 7 5 2  -0.0021982515
0 7 7 2  0.0000000005
0 0 0 4  0.0014575849
0 0 2 4  0.0000000002
0 0 4 4  0.0009929511
0 1 1 4  0.0014575849
0 1 3 4  0.0000000002
0 1 5 4  0.0009929511
0 2 0 4  0.0000000002
0 2 2 4  0.0031397028
0 2 6 4  -0.0001315543
0 3 1 4  0.0000000002
0 3 3 4  0.0031397028
0 3 7 4  -0.0001315543
0 4 0 4  0.0009929511
0 4 4 4  0.0014575849
0 5 1 4  0.0009929511
0 5 5 4  0.0014575849
0 6 2 4  -0.0001315543
0 6 6 4  0.0031397028
0 7 3 4  -0.0001315543
0 7 7 4  0.0031397028
0 0 0 6  0.0000000003
0 0 2 6  0.0002903670
0 0 6 6  0.0001136720
0 1 1 6  0.0000000003
0 1 3 6  0.0002903670
0 1 7 6  0.0001136720
0 2 0 6  0.0002903670
0 2 2 6  0.0000000002
0 2 4 6  -0.0000364155
0 3 1 6  0.0002903670
0 3 3 6  0.0000000002
0 3 5 6  -0.0000364155
0 4 2 6  -0.0000364155
0 4 4 6  -0.0000000002
0 4 6 6  0.0010674250
0 5 3 6  -0.0000364155
0 5 5 6  -0.0000000002
0 5 7 6  0.0010674250
0 6 0 6  0.0001136720
0 6 4 6  0.0010674250
0 6 6 6  -0.0000000003
0 7 1 6  0.0001136720
0 7 5 6  0.0010674250
0 7 7 6  -0.0000000003
1 0 0 1  0.3568489479
1 0 2 1  -0.0000000001
1 0 4 1  0.0014575849
1 0 6 1  0.0000000003
1 1 1 1  0.3568489479
1 1 3 1  -0.0000000001
1 1 5 1  0.0014575849
1 1 7 1  0.0000000003
1 2 0 1  -0.0000000001
1 2 2 1  0.2985676478
1 2 4 1  0.0000000016
1 2 6 1  -0.0000731989
1 3 1 1  -0.0000000001
1 3 3 1  0.2985676478
1 3 5 1  0.0000000016
1 3 7 1  -0.0000731989
1 4 0 1  0.0014575849
1 4 2 1  0.0000000016
1 4 4 1  0.1446367312
1 4 6 1  -0.0000000004
1 5 1 1  0.0014575849
1 5 3 1  0.0000000016
1 5 5 1  0.1446367312
1 5 7 1  -0.0000000004
1 6 0 1  0.0000000003
1 6 2 1  -0.0000731989
1 6 4 1  -0.0000000004
1 6 6 1  0.1185962538
1 7 1 1  0.0000000003
1 7 3 1  -0.0000731989
1 7 5 1  -0.0000000004
1 7 7 1  0.1185962538
1 0 0 3  -0.0000000001
1 0 2 3  0.0296574446
1 0 4 3  0.0000000002
1 0 6 3  0.0002903670
1 1 1 3  -0.0000000001
1 1 3 3  0.0296574446
1 1 5 3  0.0000000002
1 1 7 3  0.0002903670
1 2 0 3  0.0296574446
1 2 2 3  0.0000000005
1 2 4 3  0.0010674250
1 2 6 3  0.0000000001
1 3 1 3  0.0296574446
1 3 3 3  0.0000000005
1 3 5 3  0.0010674250
1 3 7 3  0.0000000001
1 4 0 3  0.0000000002
1 4 2 3  0.0010674250
1 4 4 3  0.0000000006
1 4 6 3  -0.0021982515
1 5 1 3  0.0000000002
1 5 3 3  0.0010674250
1 5 5 3  0.0000000006
1 5 7 3  -0.0021982515
1 6 0 3  0.0002903670
1 6 2 3  0.0000000001
1 6 4 3  -0.0021982515
1 6 6 3  0.0000000005
1 7 1 3  0.0002903670
1 7 3 3  0.0000000001
1 7 5 3  -0.0021982515
1 7 7 3  0.0000000005
1 0 0 5  0.0014575849
1 0 2 5  0.0000000002
1 0 4 5  0.0009929511
1 1 1 5  0.0014575849
1 1 3 5  0.0000000002
1 1 5 5  0.0009929511
1 2 0 5  0.0000000002
1 2 2 5  0.0031397028
1 2 6 5  -0.0001315543
1 3 1 5  0.0000000002
1 3 3 5  0.0031397028
1 3 7 5  -0.0001315543
1 4 0 5  0.0009929511
1 4 4 5  0.0014575849
1 5 1 5  0.0009929511
1 5 5 5  0.0014575849
1 6 2 5  -0.0001315543
1 6 6 5  0.0031397028
1 7 3 5  -0.0001315543
1 7 7 5  0.0031397028
1 0 0 7  0.0000000003
1 0 2 7  0.0002903670
1 0 6 7  0.0001136720
1 1 1 7  0.0000000003
1 1 3 7  0.0002903670
1 1 7 7  0.0001136720
1 2 0 7  0.0002903670
1 2 2 7  0.0000000002
1 2 4 7  -0.0000364155
1 3 1 7  0.0002903670
1 3 3 7  0.0000000002
1 3 5 7  -0.0000364155
1 4 2 7  -0.0000364155
1 4 4 7  -0.0000000002
1 4 6 7  0.0010674250
1 5 3 7  -0.0000364155
1 5 5 7  -0.0000000002
1 5 7 7  0.0010674250
1 6 0 7  0.0001136720
1 6 4 7  0.0010674250
1 6 6 7  -0.0000000003
1 7 1 7  0.0001136720
1 7 5 7  0.0010674250
1 7 7 7  -0.0000000003
2 0 0 0  -0.0000000001
2 0 2 0  0.0296574446
2 0 4 0  0.0000000002
2 0 6 0  0.0002903670
2 1 1 0  -0.0000000001
2 1 3 0  0.0296574446
2 1 5 0  0.0000000002
2 1 7 0  0.0002903670
2 2 0 0  0.0296574446
2 2 2 0  0.0000000005
2 2 4 0  0.0010674250
2 2 6 0  0.0000000001
2 3 1 0  0.0296574446
2 3 3 0  0.0000000005
2 3 5 0  0.0010674250
2 3 7 0  0.0000000001
2 4 0 0  0.0000000002
2 4 2 0  0.0010674250
2 4 4 0  0.0000000006
2 4 6 0  -0.0021982515
2 5 1 0  0.0000000002
2 5 3 0  0.0010674250
2 5 5 0  0.0000000006
2 5 7 0  -0.0021982515
2 6 0 0  0.0002903670
2 6 2 0  0.0000000001
2 6 4 0  -0.0021982515
2 6 6 0  0.0000000005
2 7 1 0  0.0002903670
2 7 3 0  0.0000000001
2 7 5 0  -0.0021982515
2 7 7 0  0.0000000005
2 0 0 2  0.2985676478
2 0 2 2  0.0000000005
2 0 4 2  0.0031397028
2 0 6 2  0.0000000002
2 1 1 2  0.2985676478
2 1 3 2  0.0000000005
2 1 5 2  0.0031397028
2 1 7 2  0.0000000002
2 2 0 2  0.0000000005
2 2 2 2  0.3366959787
2 2 4 2  0.0000000025
2 2 6 2  -0.0008207186
2 3 1 2  0.0000000005
2 3 3 2  0.3366959787
2 3 5 2  0.0000000025
2 3 7 2  -0.0008207186
2 4 0 2  0.0031397028
2 4 2 2  0.0000000025
2 4 4 2  0.1185962539
2 4 6 2  -0.0000000005
2 5 1 2  0.0031397028
2 5 3 2  0.0000000025
2 5 5 2  0.1185962539
2 5 7 2  -0.0000000005
2 6 0 2  0.0000000002
2 6 2 2  -0.0008207186
2 6 4 2  -0.0000000005
2 6 6 2  0.1014941607
2 7 1 2  0.0000000002
2 7 3 2  -0.0008207186
2 7 5 2  -0.0000000005
2 7 7 2  0.1014941607
2 0 0 4  0.0000000016
2 0 2 4  0.0010674250
2 0 6 4  -0.0000364155
2 1 1 4  0.0000000016
2 1 3 4  0.0010674250
2 1 7 4  -0.0000364155
2 2 0 4  0.0010674250
2 2 2 4  0.0000000025
2 2 4 4  0.0001136720
2 3 1 4  0.0010674250
2 3 3 4  0.0000000025
2 3 5 4  0.0001136720
2 4 2 4  0.0001136720
2 4 4 4  -0.0000000025
2 4 6 4  0.0002903670
2 5 3 4  0.0001136720
2 5 5 4  -0.0000000025
2 5 7 4  0.0002903670
2 6 0 4  -0.0000364155
2 6 4 4  0.0002903670
2 6 6 4  -0.0000000021
2 7 1 4  -0.0000364155
2 7 5 4  0.0002903670
2 7 7 4  -0.0000000021
2 0 0 6  -0.0000731989
2 0 2 6  0.0000000001
2 0 4 6  -0.0001315543
2 1 1 6  -0.0000731989
2 1 3 6  0.0000000001
2 1 5 6  -0.0001315543
2 2 0 6  0.0000000001
2 2 2 6  -0.0008207186
2 2 6 6  0.0000332305
2 3 1 6  0.0000000001
2 3 3 6  -0.0008207186
2 3 7 6  0.0000332305
2 4 0 6  -0.0001315543
2 4 4 6  -0.0000731989
2 4 6 6  -0.0000000003
2 5 1 6  -0.0001315543
2 5 5 6  -0.0000731989
2 5 7 6  -0.0000000003
2 6 2 6  0.0000332305
2 6 4 6  -0.0000000003
2 6 6 6  -0.0008207185
2 7 3 6  0.0000332305
2 7 5 6  -0.0000000003
2 7 7 6  -0.0008207185
3 0 0 1  -0.0000000001
3 0 2 1  0.0296574446
3 0 4 1  0.0000000002
3 0 6 1  0.0002903670
3 1 1 1  -0.0000000001
3 1 3 1  0.0296574446
3 1 5 1  0.0000000002
3 1 7 1  0.0002903670
3 2 0 1  0.0296574446
3 2 2 1  0.0000000005
3 2 4 1  0.0010674250
3 2 6 1  0.0000000001
3 3 1 1  0.0296574446
3 3 3 1  0.0000000005
3 3 5 1  0.0010674250
3 3 7 1  0.0000000001
3 4 0 1  0.0000000002
3 4 2 1  0.0010674250
3 4 4 1  0.0000000006
3 4 6 1  -0.0021982515
3 5 1 1  0.0000000002
3 5 3 1  0.0010674250
3 5 5 1  0.0000000006
3 5 7 1  -0.0021982515
3 6 0 1  0.0002903670
3 6 2 1  0.0000000001
3 6 4 1  -0.0021982515
3 6 6 1  0.0000000005
3 7 1 1  0.0002903670
3 7 3 1  0.0000000001
3 7 5 1  -0.0021982515
3 7 7 1  0.0000000005
3 0 0 3  0.2985676478
3 0 2 3  0.0000000005
3 0 4 3  0.0031397028
3 0 6 3  0.0000000002
3 1 1 3  0.2985676478
3 1 3 3  0.0000000005
3 1 5 3  0.0031397028
3 1 7 3  0.0000000002
3 2 0 3  0.0000000005
3 2 2 3  0.3366959787
3 2 4 3  0.0000000025
3 2 6 3  -0.0008207186
3 3 1 3  0.0000000005
3 3 3 3  0.3366959787
3 3 5 3  0.0000000025
3 3 7 3  -0.0008207186
3 4 0 3  0.0031397028
3 4 2 3  0.0000000025
3 4 4 3  0.1185962539
3 4 6 3  -0.0000000005
3 5 1 3  0.0031397028
3 5 3 3  0.0000000025
3 5 5 3  0.1185962539
3 5 7 3  -0.0000000005
3 6 0 3  0.0000000002
3 6 2 3  -0.0008207186
3 6 4 3  -0.0000000005
3 6 6 3  0.1014941607
3 7 1 3  0.0000000002
3 7 3 3  -0.0008207186
3 7 5 3  -0.0000000005
3 7 7 3  0.1014941607
3 0 0 5  0.0000000016
3 0 2 5  0.0010674250
3 0 6 5  -0.0000364155
3 1 1 5  0.0000000016
3 1 3 5  0.0010674250
3 1 7 5  -0.0000364155
3 2 0 5  0.0010674250
3 2 2 5  0.0000000025
3 2 4 5  0.0001136720
3 3 1 5  0.0010674250
3 3 3 5  0.0000000025
3 3 5 5  0.0001136720
3 4 2 5  0.0001136720
3 4 4 5  -0.0000000025
3 4 6 5  0.0002903670
3 5 3 5  0.0001136720
3 5 5 5  -0.0000000025
3 5 7 5  0.0002903670
3 6 0 5  -0.0000364155
3 6 4 5  0.0002903670
3 6 6 5  -0.0000000021
3 7 1 5  -0.0000364155
3 7 5 5  0.0002903670
3 7 7 5  -0.0000000021
3 0 0 7  -0.0000731989
3 0 2 7  0.0000000001
3 0 4 7  -0.0001315543
3 1 1 7  -0.0000731989
3 1 3 7  0.0000000001
3 1 5 7  -0.0001315543
3 2 0 7  0.0000000001
3 2 2 7  -0.0008207186
3 2 6 7  0.0000332305
3 3 1 7  0.0000000001
3 3 3 7  -0.0008207186
3 3 7 7  0.0000332305
3 4 0 7  -0.0001315543
3 4 4 7  -0.0000731989
3 4 6 7  -0.0000000003
3 5 1 7  -0.0001315543
3 5 5 7  -0.0000731989
3 5 7 7  -0.0000000003
3 6 2 7  0.0000332305
3 6 4 7  -0.0000000003
3 6 6 7  -0.0008207185
3 7 3 7  0.0000332305
3 7 5 7  -0.0000000003
3 7 7 7  -0.0008207185
4 0 0 0  0.0014575849
4 0 2 0  0.0000000002
4 0 4 0  0.0009929511
4 1 1 0  0.0014575849
4 1 3 0  0.0000000002
4 1 5 0  0.0009929511
4 2 0 0  0.0000000002
4 2 2 0  0.0031397028
4 2 6 0  -0.0001315543
4 3 1 0  0.0000000002
4 3 3 0  0.0031397028
4 3 7 0  -0.0001315543
4 4 0 0  0.0009929511
4 4 4 0  0.0014575849
4 5 1 0  0.0009929511
4 5 5 0  0.0014575849
4 6 2 0  -0.0001315543
4 6 6 0  0.0031397028
4 7 3 0  -0.0001315543
4 7 7 0  0.0031397028
4 0 0 2  0.0000000016
4 0 2 2  0.0010674250
4 0 6 2  -0.0000364155
4 1 1 2  0.0000000016
4 1 3 2  0.0010674250
4 1 7 2  -0.0000364155
4 2 0 2  0.0010674250
4 2 2 2  0.0000000025
4 2 4 2  0.0001136720
4 3 1 2  0.0010674250
4 3 3 2  0.0000000025
4 3 5 2  0.0001136720
4 4 2 2  0.0001136720
4 4 4 2  -0.0000000025
4 4 6 2  0.0002903670
4 5 3 2  0.0001136720
4 5 5 2  -0.0000000025
4 5 7 2  0.0002903670
4 6 0 2  -0.0000364155
4 6 4 2  0.0002903670
4 6 6 2  -0.0000000021
4 7 1 2  -0.0000364155
4 7 5 2  0.0002903670
4 7 7 2  -0.0000000021
4 0 0 4  0.1446367312
4 0 2 4  0.0000000006
4 0 4 4  0.0014575849
4 0 6 4  -0.0000000002
4 1 1 4  0.1446367312
4 1 3 4  0.0000000006
4 1 5 4  0.0014575849
4 1 7 4  -0.0000000002
4 2 0 4  0.0000000006
4 2 2 4  0.1185962539
4 2 4 4  -0.0000000025
4 2 6 4  -0.0000731989
4 3 1 4  0.0000000006
4 3 3 4  0.1185962539
4 3 5 4  -0.0000000025
4 3 7 4  -0.0000731989
4 4 0 4  0.0014575849
4 4 2 4  -0.0000000025
4 4 4 4  0.3568489480
4 4 6 4  -0.0000000001
4 5 1 4  0.0014575849
4 5 3 4  -0.0000000025
4 5 5 4  0.3568489480
4 5 7 4  -0.0000000001
4 6 0 4  -0.0000000002
4 6 2 4  -0.0000731989
4 6 4 4  -0.0000000001
4 6 6 4  0.2985676479
4 7 1 4  -0.0000000002
4 7 3 4  -0.0000731989
4 7 5 4  -0.0000000001
4 7 7 4  0.2985676479
4 0 0 6  -0.0000000004
4 0 2 6  -0.0021982515
4 0 6 6  0.0010674250
4 1 1 6  -0.0000000004
4 1 3 6  -0.0021982515
4 1 7 6  0.0010674250
4 2 0 6  -0.0021982515
4 2 2 6  -0.0000000005
4 2 4 6  0.0002903670
4 2 6 6  -0.0000000003
4 3 1 6  -0.0021982515
4 3 3 6  -0.0000000005
4 3 5 6  0.0002903670
4 3 7 6  -0.0000000003
4 4 2 6  0.0002903670
4 4 4 6  -0.0000000001
4 4 6 6  0.0296574446
4 5 3 6  0.0002903670
4 5 5 6  -0.0000000001
4 5 7 6  0.0296574446
4 6 0 6  0.0010674250
4 6 2 6  -0.0000000003
4 6 4 6  0.0296574446
4 6 6 6  -0.0000000003
4 7 1 6  0.0010674250
4 7 3 6  -0.0000000003
4 7 5 6  0.0296574446
4 7 7 6  -0.0000000003
5 0 0 1  0.0014575849
5 0 2 1  0.0000000002
5 0 4 1  0.0009929511
5 1 1 1  0.0014575849
5 1 3 1  0.0000000002
5 1 5 1  0.0009929511
5 2 0 1  0.0000000002
5 2 2 1  0.0031397028
5 2 6 1  -0.0001315543
5 3 1 1  0.0000000002
5 3 3 1  0.0031397028
5 3 7 1  -0.0001315543
5 4 0 1  0.0009929511
5 4 4 1  0.0014575849
5 5 1 1  0.0009929511
5 5 5 1  0.0014575849
5 6 2 1  -0.0001315543
5 6 6 1  0.0031397028
5 7 3 1  -0.0001315543
5 7 7 1  0.0031397028
5 0 0 3  0.0000000016
5 0 2 3  0.0010674250
5 0 6 3  -0.0000364155
5 1 1 3  0.0000000016
5 1 3 3  0.0010674250
5 1 7 3  -0.0000364155
5 2 0 3  0.0010674250
5 2 2 3  0.0000000025
5 2 4 3  0.0001136720
5 3 1 3  0.0010674250
5 3 3 3  0.0000000025
5 3 5 3  0.0001136720
5 4 2 3  0.0001136720
5 4 4 3  -0.0000000025
5 4 6 3  0.0002903670
5 5 3 3  0.0001136720
5 5 5 3  -0.0000000025
5 5 7 3  0.0002903670
5 6 0 3  -0.0000364155
5 6 4 3  0.0002903670
5 6 6 3  -0.0000000021
5 7 1 3  -0.0000364155
5 7 5 3  0.0002903670
5 7 7 3  -0.0000000021
5 0 0 5  0.1446367312
5 0 2 5  0.0000000006
5 0 4 5  0.0014575849
5 0 6 5  -0.0000000002
5 1 1 5  0.1446367312
5 1 3 5  0.0000000006
5 1 5 5  0.0014575849
5 1 7 5  -0.0000000002
5 2 0 5  0.0000000006
5 2 2 5  0.1185962539
5 2 4 5  -0.0000000025
5 2 6 5  -0.0000731989
5 3 1 5  0.0000000006
5 3 3 5  0.1185962539
5 3 5 5  -0.0000000025
5 3 7 5  -0.0000731989
5 4 0 5  0.0014575849
5 4 2 5  -0.0000000025
5 4 4 5  0.3568489480
5 4 6 5  -0.0000000001
5 5 1 5  0.0014575849
5 5 3 5  -0.0000000025
5 5 5 5  0.3568489480
5 5 7 5  -0.0000000001
5 6 0 5  -0.0000000002
5 6 2 5  -0.0000731989
5 6 4 5  -0.0000000001
5 6 6 5  0.2985676479
5 7 1 5  -0.0000000002
5 7 3 5  -0.0000731989
5 7 5 5  -0.0000000001
5 7 7 5  0.2985676479
5 0 0 7  -0.0000000004
5 0 2 7  -0.0021982515
5 0 6 7  0.0010674250
5 1 1 7  -0.0000000004
5 1 3 7  -0.0021982515
5 1 7 7  0.0010674250
5 2 0 7  -0.0021982515
5 2 2 7  -0.0000000005
5 2 4 7  0.0002903670
5 2 6 7  -0.0000000003
5 3 1 7  -0.0021982515
5 3 3 7  -0.0000000005
5 3 5 7  0.0002903670
5 3 7 7  -0.0000000003
5 4 2 7  0.0002903670
5 4 4 7  -0.0000000001
5 4 6 7  0.0296574446
5 5 3 7  0.0002903670
5 5 5 7  -0.0000000001
5 5 7 7  0.0296574446
5 6 0 7  0.0010674250
5 6 2 7  -0.0000000003
5 6 4 7  0.0296574446
5 6 6 7  -0.0000000003
5 7 1 7  0.0010674250
5 7 3 7  -0.0000000003
5 7 5 7  0.0296574446
5 7 7 7  -0.0000000003
6 0 0 0  0.0000000003
6 0 2 0  0.0002903670
6 0 6 0  0.0001136720
6 1 1 0  0.0000000003
6 1 3 0  0.0002903670
6 1 7 0  0.0001136720
6 2 0 0  0.0002903670
6 2 2 0  0.0000000002
6 2 4 0  -0.0000364155
6 3 1 0  0.0002903670
6 3 3 0  0.0000000002
6 3 5 0  -0.0000364155
6 4 2 0  -0.0000364155
6 4 4 0  -0.0000000002
6 4 6 0  0.0010674250
6 5 3 0  -0.0000364155
6 5 5 0  -0.0000000002
6 5 7 0  0.0010674250
6 6 0 0  0.0001136720
6 6 4 0  0.0010674250
6 6 6 0  -0.0000000003
6 7 1 0  0.0001136720
6 7 5 0  0.0010674250
6 7 7 0  -0.0000000003
6 0 0 2  -0.0000731989
6 0 2 2  0.0000000001
6 0 4 2  -0.0001315543
6 1 1 2  -0.0000731989
6 1 3 2  0.0000000001
6 1 5 2  -0.0001315543
6 2 0 2  0.0000000001
6 2 2 2  -0.0008207186
6 2 6 2  0.0000332305
6 3 1 2  0.0000000001
6 3 3 2  -0.0008207186
6 3 7 2  0.0000332305
6 4 0 2  -0.0001315543
6 4 4 2  -0.0000731989
6 4 6 2  -0.0000000003
6 5 1 2  -0.0001315543
6 5 5 2  -0.0000731989
6 5 7 2  -0.0000000003
6 6 2 2  0.0000332305
6 6 4 2  -0.0000000003
6 6 6 2  -0.0008207185
6 7 3 2  0.0000332305
6 7 5 2  -0.0000000003
6 7 7 2  -0.0008207185
6 0 0 4  -0.0000000004
6 0 2 4  -0.0021982515
6 0 6 4  0.0010674250
6 1 1 4  -0.0000000004
6 1 3 4  -0.0021982515
6 1 7 4  0.0010674250
6 2 0 4  -0.0021982515
6 2 2 4  -0.0000000005
6 2 4 4  0.0002903670
6 2 6 4  -0.0000000003
6 3 1 4  -0.0021982515
6 3 3 4  -0.0000000005
6 3 5 4  0.0002903670
6 3 7 4  -0.0000000003
6 4 2 4  0.0002903670
6 4 4 4  -0.0000000001
6 4 6 4  0.0296574446
6 5 3 4  0.0002903670
6 5 5 4  -0.0000000001
6 5 7 4  0.0296574446
6 6 0 4  0.0010674250
6 6 2 4  -0.0000000003
6 6 4 4  0.0296574446
6 6 6 4  -0.0000000003
6 7 1 4  0.0010674250
6 7 3 4  -0.0000000003
6 7 5 4  0.0296574446
6 7 7 4  -0.0000000003
6 0 0 6  0.1185962538
6 0 2 6  0.0000000005
6 0 4 6  0.0031397028
6 0 6 6  -0.0000000003
6 1 1 6  0.1185962538
6 1 3 6  0.0000000005
6 1 5 6  0.0031397028
6 1 7 6  -0.0000000003
6 2 0 6  0.0000000005
6 2 2 6  0.1014941607
6 2 4 6  -0.0000000021
6 2 6 6  -0.0008207185
6 3 1 6  0.0000000005
6 3 3 6  0.1014941607
6 3 5 6  -0.0000000021
6 3 7 6  -0.0008207185
6 4 0 6  0.0031397028
6 4 2 6  -0.0000000021
6 4 4 6  0.2985676479
6 4 6 6  -0.0000000003
6 5 1 6  0.0031397028
6 5 3 6  -0.0000000021
6 5 5 6  0.2985676479
6 5 7 6  -0.0000000003
6 6 0 6  -0.0000000003
6 6 2 6  -0.0008207185
6 6 4 6  -0.0000000003
6 6 6 6  0.3366959787
6 7 1 6  -0.0000000003
6 7 3 6  -0.0008207185
6 7 5 6  -0.0000000003
6 7 7 6  0.3366959787
7 0 0 1  0.0000000003
7 0 2 1  0.0002903670
7 0 6 1  0.0001136720
7 1 1 1  0.0000000003
7 1 3 1  0.0002903670
7 1 7 1  0.0001136720
7 2 0 1  0.0002903670
7 2 2 1  0.0000000002
7 2 4 1  -0.0000364155
7 3 1 1  0.0002903670
7 3 3 1  0.0000000002
7 3 5 1  -0.0000364155
7 4 2 1  -0.0000364155
7 4 4 1  -0.0000000002
7 4 6 1  0.0010674250
7 5 3 1  -0.0000364155
7 5 5 1  -0.0000000002
7 5 7 1  0.0010674250
7 6 0 1  0.0001136720
7 6 4 1  0.0010674250
7 6 6 1  -0.0000000003
7 7 1 1  0.0001136720
7 7 5 1  0.0010674250
7 7 7 1  -0.0000000003
7 0 0 3  -0.0000731989
7 0 2 3  0.0000000001
7 0 4 3  -0.0001315543
7 1 1 3  -0.0000731989
7 1 3 3  0.0000000001
7 1 5 3  -0.0001315543
7 2 0 3  0.0000000001
7 2 2 3  -0.0008207186
7 2 6 3  0.0000332305
7 3 1 3  0.0000000001
7 3 3 3  -0.0008207186
7 3 7 3  0.0000332305
7 4 0 3  -0.0001315543
7 4 4 3  -0.0000731989
7 4 6 3  -0.0000000003
7 5 1 3  -0.0001315543
7 5 5 3  -0.0000731989
7 5 7 3  -0.0000000003
7 6 2 3  0.0000332305
7 6 4 3  -0.0000000003
7 6 6 3  -0.0008207185
7 7 3 3  0.0000332305
7 7 5 3  -0.0000000003
7 7 7 3  -0.0008207185
7 0 0 5  -0.0000000004
7 0 2 5  -0.0021982515
7 0 6 5  0.0010674250
7 1 1 5  -0.0000000004
7 1 3 5  -0.0021982515
7 1 7 5  0.0010674250
7 2 0 5  -0.0021982515
7 2 2 5  -0.0000000005
7 2 4 5  0.0002903670
7 2 6 5  -0.0000000003
7 3 1 5  -0.0021982515
7 3 3 5  -0.0000000005
7 3 5 5  0.0002903670
7 3 7 5  -0.0000000003
7 4 2 5  0.0002903670
7 4 4 5  -0.0000000001
7 4 6 5  0.0296574446
7 5 3 5  0.0002903670
7 5 5 5  -0.0000000001
7 5 7 5  0.0296574446
7 6 0 5  0.0010674250
7 6 2 5  -0.0000000003
7 6 4 5  0.0296574446
7 6 6 5  -0.0000000003
7 7 1 5  0.0010674250
7 7 3 5  -0.0000000003
7 7 5 5  0.0296574446
7 7 7 5  -0.0000000003
7 0 0 7  0.1185962538
7 0 2 7  0.0000000005
7 0 4 7  0.0031397028
7 0 6 7  -0.0000000003
7 1 1 7  0.1185962538
7 1 3 7  0.0000000005
7 1 5 7  0.0031397028
7 1 7 7  -0.0000000003
7 2 0 7  0.0000000005
7 2 2 7  0.1014941607
7 2 4 7  -0.0000000021
7 2 6 7  -0.0008207185
7 3 1 7  0.0000000005
7 3 3 7  0.1014941607
7 3 5 7  -0.0000000021
7 3 7 7  -0.0008207185
7 4 0 7  0.0031397028
7 4 2 7  -0.0000000021
7 4 4 7  0.2985676479
7 4 6 7  -0.0000000003
7 5 1 7  0.0031397028
7 5 3 7  -0.0000000021
7 5 5 7  0.2985676479
7 5 7 7  -0.0000000003
7 6 0 7  -0.0000000003
7 6 2 7  -0.0008207185
7 6 4 7  -0.0000000003
7 6 6 7  0.3366959787
7 7 1 7  -0.0000000003
7 7 3 7  -0.0008207185
7 7 5 7  -0.0000000003
7 7 7 7  0.3366959787

 E(Ref) = -77.5983834743 Hartree, <S**2> = 2.0000
 E(FCI) = -77.6478984108 Hartree, <S**2> = 0.0000
