 MO Integrals with frozen core/virtual approximation

-73.8637453793457
0 0  -1.5469465511
0 2  0.0000000021
0 4  0.0930490728
0 6  -0.0000000016
1 1  -1.5469465511
1 3  0.0000000021
1 5  0.0930490728
1 7  -0.0000000016
2 0  0.0000000021
2 2  -1.3596097606
2 4  -0.0000000003
2 6  -0.0158535532
3 1  0.0000000021
3 3  -1.3596097606
3 5  -0.0000000003
3 7  -0.0158535532
4 0  0.0930490728
4 2  -0.0000000003
4 4  -1.5469465512
4 6  0.0000000023
5 1  0.0930490728
5 3  -0.0000000003
5 5  -1.5469465512
5 7  0.0000000023
6 0  -0.0000000016
6 2  -0.0158535532
6 4  0.0000000023
6 6  -1.3596097606
7 1  -0.0000000016
7 3  -0.0158535532
7 5  0.0000000023
7 7  -1.3596097606
0 0 0 0  0.3583234345
0 0 2 0  0.0000000001
0 0 4 0  0.0012831706
0 0 6 0  0.0000000002
0 1 1 0  0.3583234345
0 1 3 0  0.0000000001
0 1 5 0  0.0012831706
0 1 7 0  0.0000000002
0 2 0 0  0.0000000001
0 2 2 0  0.2992579567
0 2 4 0  0.0000000005
0 2 6 0  -0.0000328591
0 3 1 0  0.0000000001
0 3 3 0  0.2992579567
0 3 5 0  0.0000000005
0 3 7 0  -0.0000328591
0 4 0 0  0.0012831706
0 4 2 0  0.0000000005
0 4 4 0  0.1522629946
0 4 6 0  -0.0000000002
0 5 1 0  0.0012831706
0 5 3 0  0.0000000005
0 5 5 0  0.1522629946
0 5 7 0  -0.0000000002
0 6 0 0  0.0000000002
0 6 2 0  -0.0000328591
0 6 4 0  -0.0000000002
0 6 6 0  0.1238049456
0 7 1 0  0.0000000002
0 7 3 0  -0.0000328591
0 7 5 0  -0.0000000002
0 7 7 0  0.1238049456
0 0 0 2  0.0000000001
0 0 2 2  0.0299286357
0 0 4 2  0.0000000002
0 0 6 2  0.0003790535
0 1 1 2  0.0000000001
0 1 3 2  0.0299286357
0 1 5 2  0.0000000002
0 1 7 2  0.0003790535
0 2 0 2  0.0299286357
0 2 4 2  0.0011806338
0 2 6 2  0.0000000002
0 3 1 2  0.0299286357
0 3 5 2  0.0011806338
0 3 7 2  0.0000000002
0 4 0 2  0.0000000002
0 4 2 2  0.0011806338
0 4 4 2  -0.0000000006
0 4 6 2  -0.0025452321
0 5 1 2  0.0000000002
0 5 3 2  0.0011806338
0 5 5 2  -0.0000000006
0 5 7 2  -0.0025452321
0 6 0 2  0.0003790535
0 6 2 2  0.0000000002
0 6 4 2  -0.0025452321
0 6 6 2  -0.0000000004
0 7 1 2  0.0003790535
0 7 3 2  0.0000000002
0 7 5 2  -0.0025452321
0 7 7 2  -0.0000000004
0 0 0 4  0.0012831706
0 0 2 4  0.0000000002
0 0 4 4  0.0012796905
0 1 1 4  0.0012831706
0 1 3 4  0.0000000002
0 1 5 4  0.0012796905
0 2 0 4  0.0000000002
0 2 2 4  0.0033859420
0 2 6 4  -0.0001827387
0 3 1 4  0.0000000002
0 3 3 4  0.0033859420
0 3 7 4  -0.0001827387
0 4 0 4  0.0012796905
0 4 4 4  0.0012831706
0 5 1 4  0.0012796905
0 5 5 4  0.0012831706
0 6 2 4  -0.0001827387
0 6 6 4  0.0033859420
0 7 3 4  -0.0001827387
0 7 7 4  0.0033859420
0 0 0 6  0.0000000002
0 0 2 6  0.0003790535
0 0 6 6  0.0001537631
0 1 1 6  0.0000000002
0 1 3 6  0.0003790535
0 1 7 6  0.0001537631
0 2 0 6  0.0003790535
0 2 4 6  -0.0000514834
0 3 1 6  0.0003790535
0 3 5 6  -0.0000514834
0 4 2 6  -0.0000514834
0 4 4 6  0.0000000002
0 4 6 6  0.0011806338
0 5 3 6  -0.0000514834
0 5 5 6  0.0000000002
0 5 7 6  0.0011806338
0 6 0 6  0.0001537631
0 6 4 6  0.0011806338
0 6 6 6  0.0000000001
0 7 1 6  0.0001537631
0 7 5 6  0.0011806338
0 7 7 6  0.0000000001
1 0 0 1  0.3583234345
1 0 2 1  0.0000000001
1 0 4 1  0.0012831706
1 0 6 1  0.0000000002
1 1 1 1  0.3583234345
1 1 3 1  0.0000000001
1 1 5 1  0.0012831706
1 1 7 1  0.0000000002
1 2 0 1  0.0000000001
1 2 2 1  0.2992579567
1 2 4 1  0.0000000005
1 2 6 1  -0.0000328591
1 3 1 1  0.0000000001
1 3 3 1  0.2992579567
1 3 5 1  0.0000000005
1 3 7 1  -0.0000328591
1 4 0 1  0.0012831706
1 4 2 1  0.0000000005
1 4 4 1  0.1522629946
1 4 6 1  -0.0000000002
1 5 1 1  0.0012831706
1 5 3 1  0.0000000005
1 5 5 1  0.1522629946
1 5 7 1  -0.0000000002
1 6 0 1  0.0000000002
1 6 2 1  -0.0000328591
1 6 4 1  -0.0000000002
1 6 6 1  0.1238049456
1 7 1 1  0.0000000002
1 7 3 1  -0.0000328591
1 7 5 1  -0.0000000002
1 7 7 1  0.1238049456
1 0 0 3  0.0000000001
1 0 2 3  0.0299286357
1 0 4 3  0.0000000002
1 0 6 3  0.0003790535
1 1 1 3  0.0000000001
1 1 3 3  0.0299286357
1 1 5 3  0.0000000002
1 1 7 3  0.0003790535
1 2 0 3  0.0299286357
1 2 4 3  0.0011806338
1 2 6 3  0.0000000002
1 3 1 3  0.0299286357
1 3 5 3  0.0011806338
1 3 7 3  0.0000000002
1 4 0 3  0.0000000002
1 4 2 3  0.0011806338
1 4 4 3  -0.0000000006
1 4 6 3  -0.0025452321
1 5 1 3  0.0000000002
1 5 3 3  0.0011806338
1 5 5 3  -0.0000000006
1 5 7 3  -0.0025452321
1 6 0 3  0.0003790535
1 6 2 3  0.0000000002
1 6 4 3  -0.0025452321
1 6 6 3  -0.0000000004
1 7 1 3  0.0003790535
1 7 3 3  0.0000000002
1 7 5 3  -0.0025452321
1 7 7 3  -0.0000000004
1 0 0 5  0.0012831706
1 0 2 5  0.0000000002
1 0 4 5  0.0012796905
1 1 1 5  0.0012831706
1 1 3 5  0.0000000002
1 1 5 5  0.0012796905
1 2 0 5  0.0000000002
1 2 2 5  0.0033859420
1 2 6 5  -0.0001827387
1 3 1 5  0.0000000002
1 3 3 5  0.0033859420
1 3 7 5  -0.0001827387
1 4 0 5  0.0012796905
1 4 4 5  0.0012831706
1 5 1 5  0.0012796905
1 5 5 5  0.0012831706
1 6 2 5  -0.0001827387
1 6 6 5  0.0033859420
1 7 3 5  -0.0001827387
1 7 7 5  0.0033859420
1 0 0 7  0.0000000002
1 0 2 7  0.0003790535
1 0 6 7  0.0001537631
1 1 1 7  0.0000000002
1 1 3 7  0.0003790535
1 1 7 7  0.0001537631
1 2 0 7  0.0003790535
1 2 4 7  -0.0000514834
1 3 1 7  0.0003790535
1 3 5 7  -0.0000514834
1 4 2 7  -0.0000514834
1 4 4 7  0.0000000002
1 4 6 7  0.0011806338
1 5 3 7  -0.0000514834
1 5 5 7  0.0000000002
1 5 7 7  0.0011806338
1 6 0 7  0.0001537631
1 6 4 7  0.0011806338
1 6 6 7  0.0000000001
1 7 1 7  0.0001537631
1 7 5 7  0.0011806338
1 7 7 7  0.0000000001
2 0 0 0  0.0000000001
2 0 2 0  0.0299286357
2 0 4 0  0.0000000002
2 0 6 0  0.0003790535
2 1 1 0  0.0000000001
2 1 3 0  0.0299286357
2 1 5 0  0.0000000002
2 1 7 0  0.0003790535
2 2 0 0  0.0299286357
2 2 4 0  0.0011806338
2 2 6 0  0.0000000002
2 3 1 0  0.0299286357
2 3 5 0  0.0011806338
2 3 7 0  0.0000000002
2 4 0 0  0.0000000002
2 4 2 0  0.0011806338
2 4 4 0  -0.0000000006
2 4 6 0  -0.0025452321
2 5 1 0  0.0000000002
2 5 3 0  0.0011806338
2 5 5 0  -0.0000000006
2 5 7 0  -0.0025452321
2 6 0 0  0.0003790535
2 6 2 0  0.0000000002
2 6 4 0  -0.0025452321
2 6 6 0  -0.0000000004
2 7 1 0  0.0003790535
2 7 3 0  0.0000000002
2 7 5 0  -0.0025452321
2 7 7 0  -0.0000000004
2 0 0 2  0.2992579567
2 0 4 2  0.0033859420
2 1 1 2  0.2992579567
2 1 5 2  0.0033859420
2 2 2 2  0.3367413841
2 2 4 2  0.0000000007
2 2 6 2  -0.0009611413
2 3 3 2  0.3367413841
2 3 5 2  0.0000000007
2 3 7 2  -0.0009611413
2 4 0 2  0.0033859420
2 4 2 2  0.0000000007
2 4 4 2  0.1238049457
2 5 1 2  0.0033859420
2 5 3 2  0.0000000007
2 5 5 2  0.1238049457
2 6 2 2  -0.0009611413
2 6 6 2  0.1053714734
2 7 3 2  -0.0009611413
2 7 7 2  0.1053714734
2 0 0 4  0.0000000005
2 0 2 4  0.0011806338
2 0 6 4  -0.0000514834
2 1 1 4  0.0000000005
2 1 3 4  0.0011806338
2 1 7 4  -0.0000514834
2 2 0 4  0.0011806338
2 2 2 4  0.0000000007
2 2 4 4  0.0001537631
2 3 1 4  0.0011806338
2 3 3 4  0.0000000007
2 3 5 4  0.0001537631
2 4 2 4  0.0001537631
2 4 4 4  -0.0000000012
2 4 6 4  0.0003790535
2 5 3 4  0.0001537631
2 5 5 4  -0.0000000012
2 5 7 4  0.0003790535
2 6 0 4  -0.0000514834
2 6 4 4  0.0003790535
2 6 6 4  -0.0000000010
2 7 1 4  -0.0000514834
2 7 5 4  0.0003790535
2 7 7 4  -0.0000000010
2 0 0 6  -0.0000328591
2 0 2 6  0.0000000002
2 0 4 6  -0.0001827387
2 1 1 6  -0.0000328591
2 1 3 6  0.0000000002
2 1 5 6  -0.0001827387
2 2 0 6  0.0000000002
2 2 2 6  -0.0009611413
2 2 6 6  0.0000500798
2 3 1 6  0.0000000002
2 3 3 6  -0.0009611413
2 3 7 6  0.0000500798
2 4 0 6  -0.0001827387
2 4 4 6  -0.0000328591
2 4 6 6  -0.0000000004
2 5 1 6  -0.0001827387
2 5 5 6  -0.0000328591
2 5 7 6  -0.0000000004
2 6 2 6  0.0000500798
2 6 4 6  -0.0000000004
2 6 6 6  -0.0009611413
2 7 3 6  0.0000500798
2 7 5 6  -0.0000000004
2 7 7 6  -0.0009611413
3 0 0 1  0.0000000001
3 0 2 1  0.0299286357
3 0 4 1  0.0000000002
3 0 6 1  0.0003790535
3 1 1 1  0.0000000001
3 1 3 1  0.0299286357
3 1 5 1  0.0000000002
3 1 7 1  0.0003790535
3 2 0 1  0.0299286357
3 2 4 1  0.0011806338
3 2 6 1  0.0000000002
3 3 1 1  0.0299286357
3 3 5 1  0.0011806338
3 3 7 1  0.0000000002
3 4 0 1  0.0000000002
3 4 2 1  0.0011806338
3 4 4 1  -0.0000000006
3 4 6 1  -0.0025452321
3 5 1 1  0.0000000002
3 5 3 1  0.0011806338
3 5 5 1  -0.0000000006
3 5 7 1  -0.0025452321
3 6 0 1  0.0003790535
3 6 2 1  0.0000000002
3 6 4 1  -0.0025452321
3 6 6 1  -0.0000000004
3 7 1 1  0.0003790535
3 7 3 1  0.0000000002
3 7 5 1  -0.0025452321
3 7 7 1  -0.0000000004
3 0 0 3  0.2992579567
3 0 4 3  0.0033859420
3 1 1 3  0.2992579567
3 1 5 3  0.0033859420
3 2 2 3  0.3367413841
3 2 4 3  0.0000000007
3 2 6 3  -0.0009611413
3 3 3 3  0.3367413841
3 3 5 3  0.0000000007
3 3 7 3  -0.0009611413
3 4 0 3  0.0033859420
3 4 2 3  0.0000000007
3 4 4 3  0.1238049457
3 5 1 3  0.0033859420
3 5 3 3  0.0000000007
3 5 5 3  0.1238049457
3 6 2 3  -0.0009611413
3 6 6 3  0.1053714734
3 7 3 3  -0.0009611413
3 7 7 3  0.1053714734
3 0 0 5  0.0000000005
3 0 2 5  0.0011806338
3 0 6 5  -0.0000514834
3 1 1 5  0.0000000005
3 1 3 5  0.0011806338
3 1 7 5  -0.0000514834
3 2 0 5  0.0011806338
3 2 2 5  0.0000000007
3 2 4 5  0.0001537631
3 3 1 5  0.0011806338
3 3 3 5  0.0000000007
3 3 5 5  0.0001537631
3 4 2 5  0.0001537631
3 4 4 5  -0.0000000012
3 4 6 5  0.0003790535
3 5 3 5  0.0001537631
3 5 5 5  -0.0000000012
3 5 7 5  0.0003790535
3 6 0 5  -0.0000514834
3 6 4 5  0.0003790535
3 6 6 5  -0.0000000010
3 7 1 5  -0.0000514834
3 7 5 5  0.0003790535
3 7 7 5  -0.0000000010
3 0 0 7  -0.0000328591
3 0 2 7  0.0000000002
3 0 4 7  -0.0001827387
3 1 1 7  -0.0000328591
3 1 3 7  0.0000000002
3 1 5 7  -0.0001827387
3 2 0 7  0.0000000002
3 2 2 7  -0.0009611413
3 2 6 7  0.0000500798
3 3 1 7  0.0000000002
3 3 3 7  -0.0009611413
3 3 7 7  0.0000500798
3 4 0 7  -0.0001827387
3 4 4 7  -0.0000328591
3 4 6 7  -0.0000000004
3 5 1 7  -0.0001827387
3 5 5 7  -0.0000328591
3 5 7 7  -0.0000000004
3 6 2 7  0.0000500798
3 6 4 7  -0.0000000004
3 6 6 7  -0.0009611413
3 7 3 7  0.0000500798
3 7 5 7  -0.0000000004
3 7 7 7  -0.0009611413
4 0 0 0  0.0012831706
4 0 2 0  0.0000000002
4 0 4 0  0.0012796905
4 1 1 0  0.0012831706
4 1 3 0  0.0000000002
4 1 5 0  0.0012796905
4 2 0 0  0.0000000002
4 2 2 0  0.0033859420
4 2 6 0  -0.0001827387
4 3 1 0  0.0000000002
4 3 3 0  0.0033859420
4 3 7 0  -0.0001827387
4 4 0 0  0.0012796905
4 4 4 0  0.0012831706
4 5 1 0  0.0012796905
4 5 5 0  0.0012831706
4 6 2 0  -0.0001827387
4 6 6 0  0.0033859420
4 7 3 0  -0.0001827387
4 7 7 0  0.0033859420
4 0 0 2  0.0000000005
4 0 2 2  0.0011806338
4 0 6 2  -0.0000514834
4 1 1 2  0.0000000005
4 1 3 2  0.0011806338
4 1 7 2  -0.0000514834
4 2 0 2  0.0011806338
4 2 2 2  0.0000000007
4 2 4 2  0.0001537631
4 3 1 2  0.0011806338
4 3 3 2  0.0000000007
4 3 5 2  0.0001537631
4 4 2 2  0.0001537631
4 4 4 2  -0.0000000012
4 4 6 2  0.0003790535
4 5 3 2  0.0001537631
4 5 5 2  -0.0000000012
4 5 7 2  0.0003790535
4 6 0 2  -0.0000514834
4 6 4 2  0.0003790535
4 6 6 2  -0.0000000010
4 7 1 2  -0.0000514834
4 7 5 2  0.0003790535
4 7 7 2  -0.0000000010
4 0 0 4  0.1522629946
4 0 2 4  -0.0000000006
4 0 4 4  0.0012831706
4 0 6 4  0.0000000002
4 1 1 4  0.1522629946
4 1 3 4  -0.0000000006
4 1 5 4  0.0012831706
4 1 7 4  0.0000000002
4 2 0 4  -0.0000000006
4 2 2 4  0.1238049457
4 2 4 4  -0.0000000012
4 2 6 4  -0.0000328591
4 3 1 4  -0.0000000006
4 3 3 4  0.1238049457
4 3 5 4  -0.0000000012
4 3 7 4  -0.0000328591
4 4 0 4  0.0012831706
4 4 2 4  -0.0000000012
4 4 4 4  0.3583234346
4 4 6 4  -0.0000000003
4 5 1 4  0.0012831706
4 5 3 4  -0.0000000012
4 5 5 4  0.3583234346
4 5 7 4  -0.0000000003
4 6 0 4  0.0000000002
4 6 2 4  -0.0000328591
4 6 4 4  -0.0000000003
4 6 6 4  0.2992579567
4 7 1 4  0.0000000002
4 7 3 4  -0.0000328591
4 7 5 4  -0.0000000003
4 7 7 4  0.2992579567
4 0 0 6  -0.0000000002
4 0 2 6  -0.0025452321
4 0 6 6  0.0011806338
4 1 1 6  -0.0000000002
4 1 3 6  -0.0025452321
4 1 7 6  0.0011806338
4 2 0 6  -0.0025452321
4 2 4 6  0.0003790535
4 2 6 6  -0.0000000004
4 3 1 6  -0.0025452321
4 3 5 6  0.0003790535
4 3 7 6  -0.0000000004
4 4 2 6  0.0003790535
4 4 4 6  -0.0000000003
4 4 6 6  0.0299286357
4 5 3 6  0.0003790535
4 5 5 6  -0.0000000003
4 5 7 6  0.0299286357
4 6 0 6  0.0011806338
4 6 2 6  -0.0000000004
4 6 4 6  0.0299286357
4 6 6 6  -0.0000000005
4 7 1 6  0.0011806338
4 7 3 6  -0.0000000004
4 7 5 6  0.0299286357
4 7 7 6  -0.0000000005
5 0 0 1  0.0012831706
5 0 2 1  0.0000000002
5 0 4 1  0.0012796905
5 1 1 1  0.0012831706
5 1 3 1  0.0000000002
5 1 5 1  0.0012796905
5 2 0 1  0.0000000002
5 2 2 1  0.0033859420
5 2 6 1  -0.0001827387
5 3 1 1  0.0000000002
5 3 3 1  0.0033859420
5 3 7 1  -0.0001827387
5 4 0 1  0.0012796905
5 4 4 1  0.0012831706
5 5 1 1  0.0012796905
5 5 5 1  0.0012831706
5 6 2 1  -0.0001827387
5 6 6 1  0.0033859420
5 7 3 1  -0.0001827387
5 7 7 1  0.0033859420
5 0 0 3  0.0000000005
5 0 2 3  0.0011806338
5 0 6 3  -0.0000514834
5 1 1 3  0.0000000005
5 1 3 3  0.0011806338
5 1 7 3  -0.0000514834
5 2 0 3  0.0011806338
5 2 2 3  0.0000000007
5 2 4 3  0.0001537631
5 3 1 3  0.0011806338
5 3 3 3  0.0000000007
5 3 5 3  0.0001537631
5 4 2 3  0.0001537631
5 4 4 3  -0.0000000012
5 4 6 3  0.0003790535
5 5 3 3  0.0001537631
5 5 5 3  -0.0000000012
5 5 7 3  0.0003790535
5 6 0 3  -0.0000514834
5 6 4 3  0.0003790535
5 6 6 3  -0.0000000010
5 7 1 3  -0.0000514834
5 7 5 3  0.0003790535
5 7 7 3  -0.0000000010
5 0 0 5  0.1522629946
5 0 2 5  -0.0000000006
5 0 4 5  0.0012831706
5 0 6 5  0.0000000002
5 1 1 5  0.1522629946
5 1 3 5  -0.0000000006
5 1 5 5  0.0012831706
5 1 7 5  0.0000000002
5 2 0 5  -0.0000000006
5 2 2 5  0.1238049457
5 2 4 5  -0.0000000012
5 2 6 5  -0.0000328591
5 3 1 5  -0.0000000006
5 3 3 5  0.1238049457
5 3 5 5  -0.0000000012
5 3 7 5  -0.0000328591
5 4 0 5  0.0012831706
5 4 2 5  -0.0000000012
5 4 4 5  0.3583234346
5 4 6 5  -0.0000000003
5 5 1 5  0.0012831706
5 5 3 5  -0.0000000012
5 5 5 5  0.3583234346
5 5 7 5  -0.0000000003
5 6 0 5  0.0000000002
5 6 2 5  -0.0000328591
5 6 4 5  -0.0000000003
5 6 6 5  0.2992579567
5 7 1 5  0.0000000002
5 7 3 5  -0.0000328591
5 7 5 5  -0.0000000003
5 7 7 5  0.2992579567
5 0 0 7  -0.0000000002
5 0 2 7  -0.0025452321
5 0 6 7  0.0011806338
5 1 1 7  -0.0000000002
5 1 3 7  -0.0025452321
5 1 7 7  0.0011806338
5 2 0 7  -0.0025452321
5 2 4 7  0.0003790535
5 2 6 7  -0.0000000004
5 3 1 7  -0.0025452321
5 3 5 7  0.0003790535
5 3 7 7  -0.0000000004
5 4 2 7  0.0003790535
5 4 4 7  -0.0000000003
5 4 6 7  0.0299286357
5 5 3 7  0.0003790535
5 5 5 7  -0.0000000003
5 5 7 7  0.0299286357
5 6 0 7  0.0011806338
5 6 2 7  -0.0000000004
5 6 4 7  0.0299286357
5 6 6 7  -0.0000000005
5 7 1 7  0.0011806338
5 7 3 7  -0.0000000004
5 7 5 7  0.0299286357
5 7 7 7  -0.0000000005
6 0 0 0  0.0000000002
6 0 2 0  0.0003790535
6 0 6 0  0.0001537631
6 1 1 0  0.0000000002
6 1 3 0  0.0003790535
6 1 7 0  0.0001537631
6 2 0 0  0.0003790535
6 2 4 0  -0.0000514834
6 3 1 0  0.0003790535
6 3 5 0  -0.0000514834
6 4 2 0  -0.0000514834
6 4 4 0  0.0000000002
6 4 6 0  0.0011806338
6 5 3 0  -0.0000514834
6 5 5 0  0.0000000002
6 5 7 0  0.0011806338
6 6 0 0  0.0001537631
6 6 4 0  0.0011806338
6 6 6 0  0.0000000001
6 7 1 0  0.0001537631
6 7 5 0  0.0011806338
6 7 7 0  0.0000000001
6 0 0 2  -0.0000328591
6 0 2 2  0.0000000002
6 0 4 2  -0.0001827387
6 1 1 2  -0.0000328591
6 1 3 2  0.0000000002
6 1 5 2  -0.0001827387
6 2 0 2  0.0000000002
6 2 2 2  -0.0009611413
6 2 6 2  0.0000500798
6 3 1 2  0.0000000002
6 3 3 2  -0.0009611413
6 3 7 2  0.0000500798
6 4 0 2  -0.0001827387
6 4 4 2  -0.0000328591
6 4 6 2  -0.0000000004
6 5 1 2  -0.0001827387
6 5 5 2  -0.0000328591
6 5 7 2  -0.0000000004
6 6 2 2  0.0000500798
6 6 4 2  -0.0000000004
6 6 6 2  -0.0009611413
6 7 3 2  0.0000500798
6 7 5 2  -0.0000000004
6 7 7 2  -0.0009611413
6 0 0 4  -0.0000000002
6 0 2 4  -0.0025452321
6 0 6 4  0.0011806338
6 1 1 4  -0.0000000002
6 1 3 4  -0.0025452321
6 1 7 4  0.0011806338
6 2 0 4  -0.0025452321
6 2 4 4  0.0003790535
6 2 6 4  -0.0000000004
6 3 1 4  -0.0025452321
6 3 5 4  0.0003790535
6 3 7 4  -0.0000000004
6 4 2 4  0.0003790535
6 4 4 4  -0.0000000003
6 4 6 4  0.0299286357
6 5 3 4  0.0003790535
6 5 5 4  -0.0000000003
6 5 7 4  0.0299286357
6 6 0 4  0.0011806338
6 6 2 4  -0.0000000004
6 6 4 4  0.0299286357
6 6 6 4  -0.0000000005
6 7 1 4  0.0011806338
6 7 3 4  -0.0000000004
6 7 5 4  0.0299286357
6 7 7 4  -0.0000000005
6 0 0 6  0.1238049456
6 0 2 6  -0.0000000004
6 0 4 6  0.0033859420
6 0 6 6  0.0000000001
6 1 1 6  0.1238049456
6 1 3 6  -0.0000000004
6 1 5 6  0.0033859420
6 1 7 6  0.0000000001
6 2 0 6  -0.0000000004
6 2 2 6  0.1053714734
6 2 4 6  -0.0000000010
6 2 6 6  -0.0009611413
6 3 1 6  -0.0000000004
6 3 3 6  0.1053714734
6 3 5 6  -0.0000000010
6 3 7 6  -0.0009611413
6 4 0 6  0.0033859420
6 4 2 6  -0.0000000010
6 4 4 6  0.2992579567
6 4 6 6  -0.0000000005
6 5 1 6  0.0033859420
6 5 3 6  -0.0000000010
6 5 5 6  0.2992579567
6 5 7 6  -0.0000000005
6 6 0 6  0.0000000001
6 6 2 6  -0.0009611413
6 6 4 6  -0.0000000005
6 6 6 6  0.3367413841
6 7 1 6  0.0000000001
6 7 3 6  -0.0009611413
6 7 5 6  -0.0000000005
6 7 7 6  0.3367413841
7 0 0 1  0.0000000002
7 0 2 1  0.0003790535
7 0 6 1  0.0001537631
7 1 1 1  0.0000000002
7 1 3 1  0.0003790535
7 1 7 1  0.0001537631
7 2 0 1  0.0003790535
7 2 4 1  -0.0000514834
7 3 1 1  0.0003790535
7 3 5 1  -0.0000514834
7 4 2 1  -0.0000514834
7 4 4 1  0.0000000002
7 4 6 1  0.0011806338
7 5 3 1  -0.0000514834
7 5 5 1  0.0000000002
7 5 7 1  0.0011806338
7 6 0 1  0.0001537631
7 6 4 1  0.0011806338
7 6 6 1  0.0000000001
7 7 1 1  0.0001537631
7 7 5 1  0.0011806338
7 7 7 1  0.0000000001
7 0 0 3  -0.0000328591
7 0 2 3  0.0000000002
7 0 4 3  -0.0001827387
7 1 1 3  -0.0000328591
7 1 3 3  0.0000000002
7 1 5 3  -0.0001827387
7 2 0 3  0.0000000002
7 2 2 3  -0.0009611413
7 2 6 3  0.0000500798
7 3 1 3  0.0000000002
7 3 3 3  -0.0009611413
7 3 7 3  0.0000500798
7 4 0 3  -0.0001827387
7 4 4 3  -0.0000328591
7 4 6 3  -0.0000000004
7 5 1 3  -0.0001827387
7 5 5 3  -0.0000328591
7 5 7 3  -0.0000000004
7 6 2 3  0.0000500798
7 6 4 3  -0.0000000004
7 6 6 3  -0.0009611413
7 7 3 3  0.0000500798
7 7 5 3  -0.0000000004
7 7 7 3  -0.0009611413
7 0 0 5  -0.0000000002
7 0 2 5  -0.0025452321
7 0 6 5  0.0011806338
7 1 1 5  -0.0000000002
7 1 3 5  -0.0025452321
7 1 7 5  0.0011806338
7 2 0 5  -0.0025452321
7 2 4 5  0.0003790535
7 2 6 5  -0.0000000004
7 3 1 5  -0.0025452321
7 3 5 5  0.0003790535
7 3 7 5  -0.0000000004
7 4 2 5  0.0003790535
7 4 4 5  -0.0000000003
7 4 6 5  0.0299286357
7 5 3 5  0.0003790535
7 5 5 5  -0.0000000003
7 5 7 5  0.0299286357
7 6 0 5  0.0011806338
7 6 2 5  -0.0000000004
7 6 4 5  0.0299286357
7 6 6 5  -0.0000000005
7 7 1 5  0.0011806338
7 7 3 5  -0.0000000004
7 7 5 5  0.0299286357
7 7 7 5  -0.0000000005
7 0 0 7  0.1238049456
7 0 2 7  -0.0000000004
7 0 4 7  0.0033859420
7 0 6 7  0.0000000001
7 1 1 7  0.1238049456
7 1 3 7  -0.0000000004
7 1 5 7  0.0033859420
7 1 7 7  0.0000000001
7 2 0 7  -0.0000000004
7 2 2 7  0.1053714734
7 2 4 7  -0.0000000010
7 2 6 7  -0.0009611413
7 3 1 7  -0.0000000004
7 3 3 7  0.1053714734
7 3 5 7  -0.0000000010
7 3 7 7  -0.0009611413
7 4 0 7  0.0033859420
7 4 2 7  -0.0000000010
7 4 4 7  0.2992579567
7 4 6 7  -0.0000000005
7 5 1 7  0.0033859420
7 5 3 7  -0.0000000010
7 5 5 7  0.2992579567
7 5 7 7  -0.0000000005
7 6 0 7  0.0000000001
7 6 2 7  -0.0009611413
7 6 4 7  -0.0000000005
7 6 6 7  0.3367413841
7 7 1 7  0.0000000001
7 7 3 7  -0.0009611413
7 7 5 7  -0.0000000005
7 7 7 7  0.3367413841

 E(Ref) = -77.5890520000 Hartree, <S**2> = 2.0000
 E(FCI) = -77.6583071795 Hartree, <S**2> = -0.0000
