 MO Integrals

2.6301155908
0 0  -2.0120359169
0 4  0.0135381050
1 1  -2.0120359169
1 5  0.0135381050
2 2  -1.5850908807
2 6  -0.0119978068
3 3  -1.5850908807
3 7  -0.0119978068
4 0  0.0135381050
4 4  -1.5358377060
5 1  0.0135381050
5 5  -1.5358377060
6 2  -0.0119978068
6 6  -1.0745693621
7 3  -0.0119978068
7 7  -1.0745693621
0 0 0 0  0.2562819182
0 0 4 0  -0.0078612947
0 1 1 0  0.2562819182
0 1 5 0  -0.0078612947
0 2 2 0  0.2485792680
0 2 6 0  0.0078188138
0 3 3 0  0.2485792680
0 3 7 0  0.0078188138
0 4 0 0  -0.0078612947
0 4 4 0  0.2480598225
0 5 1 0  -0.0078612947
0 5 5 0  0.2480598225
0 6 2 0  0.0078188138
0 6 6 0  0.2519195954
0 7 3 0  0.0078188138
0 7 7 0  0.2519195954
0 0 2 2  0.0693115115
0 0 6 2  0.0050567567
0 1 3 2  0.0693115115
0 1 7 2  0.0050567567
0 2 0 2  0.0693115115
0 2 4 2  0.0081657312
0 3 1 2  0.0693115115
0 3 5 2  0.0081657312
0 4 2 2  0.0081657312
0 4 6 2  -0.0687848558
0 5 3 2  0.0081657312
0 5 7 2  -0.0687848558
0 6 0 2  0.0050567567
0 6 4 2  -0.0687848558
0 7 1 2  0.0050567567
0 7 5 2  -0.0687848558
0 0 0 4  -0.0078612947
0 0 4 4  0.0658685000
0 1 1 4  -0.0078612947
0 1 5 4  0.0658685000
0 2 2 4  0.0046289867
0 2 6 4  -0.0655083554
0 3 3 4  0.0046289867
0 3 7 4  -0.0655083554
0 4 0 4  0.0658685000
0 4 4 4  0.0013713841
0 5 1 4  0.0658685000
0 5 5 4  0.0013713841
0 6 2 4  -0.0655083554
0 6 6 4  -0.0095481344
0 7 3 4  -0.0655083554
0 7 7 4  -0.0095481344
0 0 2 6  0.0050567567
0 0 6 6  0.0403057370
0 1 3 6  0.0050567567
0 1 7 6  0.0403057370
0 2 0 6  0.0050567567
0 2 4 6  -0.0396906094
0 3 1 6  0.0050567567
0 3 5 6  -0.0396906094
0 4 2 6  -0.0396906094
0 4 6 6  -0.0059242930
0 5 3 6  -0.0396906094
0 5 7 6  -0.0059242930
0 6 0 6  0.0403057370
0 6 4 6  -0.0059242930
0 7 1 6  0.0403057370
0 7 5 6  -0.0059242930
1 0 0 1  0.2562819182
1 0 4 1  -0.0078612947
1 1 1 1  0.2562819182
1 1 5 1  -0.0078612947
1 2 2 1  0.2485792680
1 2 6 1  0.0078188138
1 3 3 1  0.2485792680
1 3 7 1  0.0078188138
1 4 0 1  -0.0078612947
1 4 4 1  0.2480598225
1 5 1 1  -0.0078612947
1 5 5 1  0.2480598225
1 6 2 1  0.0078188138
1 6 6 1  0.2519195954
1 7 3 1  0.0078188138
1 7 7 1  0.2519195954
1 0 2 3  0.0693115115
1 0 6 3  0.0050567567
1 1 3 3  0.0693115115
1 1 7 3  0.0050567567
1 2 0 3  0.0693115115
1 2 4 3  0.0081657312
1 3 1 3  0.0693115115
1 3 5 3  0.0081657312
1 4 2 3  0.0081657312
1 4 6 3  -0.0687848558
1 5 3 3  0.0081657312
1 5 7 3  -0.0687848558
1 6 0 3  0.0050567567
1 6 4 3  -0.0687848558
1 7 1 3  0.0050567567
1 7 5 3  -0.0687848558
1 0 0 5  -0.0078612947
1 0 4 5  0.0658685000
1 1 1 5  -0.0078612947
1 1 5 5  0.0658685000
1 2 2 5  0.0046289867
1 2 6 5  -0.0655083554
1 3 3 5  0.0046289867
1 3 7 5  -0.0655083554
1 4 0 5  0.0658685000
1 4 4 5  0.0013713841
1 5 1 5  0.0658685000
1 5 5 5  0.0013713841
1 6 2 5  -0.0655083554
1 6 6 5  -0.0095481344
1 7 3 5  -0.0655083554
1 7 7 5  -0.0095481344
1 0 2 7  0.0050567567
1 0 6 7  0.0403057370
1 1 3 7  0.0050567567
1 1 7 7  0.0403057370
1 2 0 7  0.0050567567
1 2 4 7  -0.0396906094
1 3 1 7  0.0050567567
1 3 5 7  -0.0396906094
1 4 2 7  -0.0396906094
1 4 6 7  -0.0059242930
1 5 3 7  -0.0396906094
1 5 7 7  -0.0059242930
1 6 0 7  0.0403057370
1 6 4 7  -0.0059242930
1 7 1 7  0.0403057370
1 7 5 7  -0.0059242930
2 0 2 0  0.0693115115
2 0 6 0  0.0050567567
2 1 3 0  0.0693115115
2 1 7 0  0.0050567567
2 2 0 0  0.0693115115
2 2 4 0  0.0081657312
2 3 1 0  0.0693115115
2 3 5 0  0.0081657312
2 4 2 0  0.0081657312
2 4 6 0  -0.0687848558
2 5 3 0  0.0081657312
2 5 7 0  -0.0687848558
2 6 0 0  0.0050567567
2 6 4 0  -0.0687848558
2 7 1 0  0.0050567567
2 7 5 0  -0.0687848558
2 0 0 2  0.2485792680
2 0 4 2  0.0046289867
2 1 1 2  0.2485792680
2 1 5 2  0.0046289867
2 2 2 2  0.2539013626
2 2 6 2  -0.0045820155
2 3 3 2  0.2539013626
2 3 7 2  -0.0045820155
2 4 0 2  0.0046289867
2 4 4 2  0.2439973575
2 5 1 2  0.0046289867
2 5 5 2  0.2439973575
2 6 2 2  -0.0045820155
2 6 6 2  0.2540356849
2 7 3 2  -0.0045820155
2 7 7 2  0.2540356849
2 0 2 4  0.0081657312
2 0 6 4  -0.0396906094
2 1 3 4  0.0081657312
2 1 7 4  -0.0396906094
2 2 0 4  0.0081657312
2 2 4 4  0.0416720901
2 3 1 4  0.0081657312
2 3 5 4  0.0416720901
2 4 2 4  0.0416720901
2 4 6 4  -0.0077715958
2 5 3 4  0.0416720901
2 5 7 4  -0.0077715958
2 6 0 4  -0.0396906094
2 6 4 4  -0.0077715958
2 7 1 4  -0.0396906094
2 7 5 4  -0.0077715958
2 0 0 6  0.0078188138
2 0 4 6  -0.0655083554
2 1 1 6  0.0078188138
2 1 5 6  -0.0655083554
2 2 2 6  -0.0045820155
2 2 6 6  0.0718227650
2 3 3 6  -0.0045820155
2 3 7 6  0.0718227650
2 4 0 6  -0.0655083554
2 4 4 6  -0.0027564548
2 5 1 6  -0.0655083554
2 5 5 6  -0.0027564548
2 6 2 6  0.0718227650
2 6 6 6  0.0098368789
2 7 3 6  0.0718227650
2 7 7 6  0.0098368789
3 0 2 1  0.0693115115
3 0 6 1  0.0050567567
3 1 3 1  0.0693115115
3 1 7 1  0.0050567567
3 2 0 1  0.0693115115
3 2 4 1  0.0081657312
3 3 1 1  0.0693115115
3 3 5 1  0.0081657312
3 4 2 1  0.0081657312
3 4 6 1  -0.0687848558
3 5 3 1  0.0081657312
3 5 7 1  -0.0687848558
3 6 0 1  0.0050567567
3 6 4 1  -0.0687848558
3 7 1 1  0.0050567567
3 7 5 1  -0.0687848558
3 0 0 3  0.2485792680
3 0 4 3  0.0046289867
3 1 1 3  0.2485792680
3 1 5 3  0.0046289867
3 2 2 3  0.2539013626
3 2 6 3  -0.0045820155
3 3 3 3  0.2539013626
3 3 7 3  -0.0045820155
3 4 0 3  0.0046289867
3 4 4 3  0.2439973575
3 5 1 3  0.0046289867
3 5 5 3  0.2439973575
3 6 2 3  -0.0045820155
3 6 6 3  0.2540356849
3 7 3 3  -0.0045820155
3 7 7 3  0.2540356849
3 0 2 5  0.0081657312
3 0 6 5  -0.0396906094
3 1 3 5  0.0081657312
3 1 7 5  -0.0396906094
3 2 0 5  0.0081657312
3 2 4 5  0.0416720901
3 3 1 5  0.0081657312
3 3 5 5  0.0416720901
3 4 2 5  0.0416720901
3 4 6 5  -0.0077715958
3 5 3 5  0.0416720901
3 5 7 5  -0.0077715958
3 6 0 5  -0.0396906094
3 6 4 5  -0.0077715958
3 7 1 5  -0.0396906094
3 7 5 5  -0.0077715958
3 0 0 7  0.0078188138
3 0 4 7  -0.0655083554
3 1 1 7  0.0078188138
3 1 5 7  -0.0655083554
3 2 2 7  -0.0045820155
3 2 6 7  0.0718227650
3 3 3 7  -0.0045820155
3 3 7 7  0.0718227650
3 4 0 7  -0.0655083554
3 4 4 7  -0.0027564548
3 5 1 7  -0.0655083554
3 5 5 7  -0.0027564548
3 6 2 7  0.0718227650
3 6 6 7  0.0098368789
3 7 3 7  0.0718227650
3 7 7 7  0.0098368789
4 0 0 0  -0.0078612947
4 0 4 0  0.0658685000
4 1 1 0  -0.0078612947
4 1 5 0  0.0658685000
4 2 2 0  0.0046289867
4 2 6 0  -0.0655083554
4 3 3 0  0.0046289867
4 3 7 0  -0.0655083554
4 4 0 0  0.0658685000
4 4 4 0  0.0013713841
4 5 1 0  0.0658685000
4 5 5 0  0.0013713841
4 6 2 0  -0.0655083554
4 6 6 0  -0.0095481344
4 7 3 0  -0.0655083554
4 7 7 0  -0.0095481344
4 0 2 2  0.0081657312
4 0 6 2  -0.0396906094
4 1 3 2  0.0081657312
4 1 7 2  -0.0396906094
4 2 0 2  0.0081657312
4 2 4 2  0.0416720901
4 3 1 2  0.0081657312
4 3 5 2  0.0416720901
4 4 2 2  0.0416720901
4 4 6 2  -0.0077715958
4 5 3 2  0.0416720901
4 5 7 2  -0.0077715958
4 6 0 2  -0.0396906094
4 6 4 2  -0.0077715958
4 7 1 2  -0.0396906094
4 7 5 2  -0.0077715958
4 0 0 4  0.2480598225
4 0 4 4  0.0013713841
4 1 1 4  0.2480598225
4 1 5 4  0.0013713841
4 2 2 4  0.2439973575
4 2 6 4  -0.0027564548
4 3 3 4  0.2439973575
4 3 7 4  -0.0027564548
4 4 0 4  0.0013713841
4 4 4 4  0.2524157356
4 5 1 4  0.0013713841
4 5 5 4  0.2524157356
4 6 2 4  -0.0027564548
4 6 6 4  0.2542147572
4 7 3 4  -0.0027564548
4 7 7 4  0.2542147572
4 0 2 6  -0.0687848558
4 0 6 6  -0.0059242930
4 1 3 6  -0.0687848558
4 1 7 6  -0.0059242930
4 2 0 6  -0.0687848558
4 2 4 6  -0.0077715958
4 3 1 6  -0.0687848558
4 3 5 6  -0.0077715958
4 4 2 6  -0.0077715958
4 4 6 6  0.0756297959
4 5 3 6  -0.0077715958
4 5 7 6  0.0756297959
4 6 0 6  -0.0059242930
4 6 4 6  0.0756297959
4 7 1 6  -0.0059242930
4 7 5 6  0.0756297959
5 0 0 1  -0.0078612947
5 0 4 1  0.0658685000
5 1 1 1  -0.0078612947
5 1 5 1  0.0658685000
5 2 2 1  0.0046289867
5 2 6 1  -0.0655083554
5 3 3 1  0.0046289867
5 3 7 1  -0.0655083554
5 4 0 1  0.0658685000
5 4 4 1  0.0013713841
5 5 1 1  0.0658685000
5 5 5 1  0.0013713841
5 6 2 1  -0.0655083554
5 6 6 1  -0.0095481344
5 7 3 1  -0.0655083554
5 7 7 1  -0.0095481344
5 0 2 3  0.0081657312
5 0 6 3  -0.0396906094
5 1 3 3  0.0081657312
5 1 7 3  -0.0396906094
5 2 0 3  0.0081657312
5 2 4 3  0.0416720901
5 3 1 3  0.0081657312
5 3 5 3  0.0416720901
5 4 2 3  0.0416720901
5 4 6 3  -0.0077715958
5 5 3 3  0.0416720901
5 5 7 3  -0.0077715958
5 6 0 3  -0.0396906094
5 6 4 3  -0.0077715958
5 7 1 3  -0.0396906094
5 7 5 3  -0.0077715958
5 0 0 5  0.2480598225
5 0 4 5  0.0013713841
5 1 1 5  0.2480598225
5 1 5 5  0.0013713841
5 2 2 5  0.2439973575
5 2 6 5  -0.0027564548
5 3 3 5  0.2439973575
5 3 7 5  -0.0027564548
5 4 0 5  0.0013713841
5 4 4 5  0.2524157356
5 5 1 5  0.0013713841
5 5 5 5  0.2524157356
5 6 2 5  -0.0027564548
5 6 6 5  0.2542147572
5 7 3 5  -0.0027564548
5 7 7 5  0.2542147572
5 0 2 7  -0.0687848558
5 0 6 7  -0.0059242930
5 1 3 7  -0.0687848558
5 1 7 7  -0.0059242930
5 2 0 7  -0.0687848558
5 2 4 7  -0.0077715958
5 3 1 7  -0.0687848558
5 3 5 7  -0.0077715958
5 4 2 7  -0.0077715958
5 4 6 7  0.0756297959
5 5 3 7  -0.0077715958
5 5 7 7  0.0756297959
5 6 0 7  -0.0059242930
5 6 4 7  0.0756297959
5 7 1 7  -0.0059242930
5 7 5 7  0.0756297959
6 0 2 0  0.0050567567
6 0 6 0  0.0403057370
6 1 3 0  0.0050567567
6 1 7 0  0.0403057370
6 2 0 0  0.0050567567
6 2 4 0  -0.0396906094
6 3 1 0  0.0050567567
6 3 5 0  -0.0396906094
6 4 2 0  -0.0396906094
6 4 6 0  -0.0059242930
6 5 3 0  -0.0396906094
6 5 7 0  -0.0059242930
6 6 0 0  0.0403057370
6 6 4 0  -0.0059242930
6 7 1 0  0.0403057370
6 7 5 0  -0.0059242930
6 0 0 2  0.0078188138
6 0 4 2  -0.0655083554
6 1 1 2  0.0078188138
6 1 5 2  -0.0655083554
6 2 2 2  -0.0045820155
6 2 6 2  0.0718227650
6 3 3 2  -0.0045820155
6 3 7 2  0.0718227650
6 4 0 2  -0.0655083554
6 4 4 2  -0.0027564548
6 5 1 2  -0.0655083554
6 5 5 2  -0.0027564548
6 6 2 2  0.0718227650
6 6 6 2  0.0098368789
6 7 3 2  0.0718227650
6 7 7 2  0.0098368789
6 0 2 4  -0.0687848558
6 0 6 4  -0.0059242930
6 1 3 4  -0.0687848558
6 1 7 4  -0.0059242930
6 2 0 4  -0.0687848558
6 2 4 4  -0.0077715958
6 3 1 4  -0.0687848558
6 3 5 4  -0.0077715958
6 4 2 4  -0.0077715958
6 4 6 4  0.0756297959
6 5 3 4  -0.0077715958
6 5 7 4  0.0756297959
6 6 0 4  -0.0059242930
6 6 4 4  0.0756297959
6 7 1 4  -0.0059242930
6 7 5 4  0.0756297959
6 0 0 6  0.2519195954
6 0 4 6  -0.0095481344
6 1 1 6  0.2519195954
6 1 5 6  -0.0095481344
6 2 2 6  0.2540356849
6 2 6 6  0.0098368789
6 3 3 6  0.2540356849
6 3 7 6  0.0098368789
6 4 0 6  -0.0095481344
6 4 4 6  0.2542147572
6 5 1 6  -0.0095481344
6 5 5 6  0.2542147572
6 6 2 6  0.0098368789
6 6 6 6  0.2669107455
6 7 3 6  0.0098368789
6 7 7 6  0.2669107455
7 0 2 1  0.0050567567
7 0 6 1  0.0403057370
7 1 3 1  0.0050567567
7 1 7 1  0.0403057370
7 2 0 1  0.0050567567
7 2 4 1  -0.0396906094
7 3 1 1  0.0050567567
7 3 5 1  -0.0396906094
7 4 2 1  -0.0396906094
7 4 6 1  -0.0059242930
7 5 3 1  -0.0396906094
7 5 7 1  -0.0059242930
7 6 0 1  0.0403057370
7 6 4 1  -0.0059242930
7 7 1 1  0.0403057370
7 7 5 1  -0.0059242930
7 0 0 3  0.0078188138
7 0 4 3  -0.0655083554
7 1 1 3  0.0078188138
7 1 5 3  -0.0655083554
7 2 2 3  -0.0045820155
7 2 6 3  0.0718227650
7 3 3 3  -0.0045820155
7 3 7 3  0.0718227650
7 4 0 3  -0.0655083554
7 4 4 3  -0.0027564548
7 5 1 3  -0.0655083554
7 5 5 3  -0.0027564548
7 6 2 3  0.0718227650
7 6 6 3  0.0098368789
7 7 3 3  0.0718227650
7 7 7 3  0.0098368789
7 0 2 5  -0.0687848558
7 0 6 5  -0.0059242930
7 1 3 5  -0.0687848558
7 1 7 5  -0.0059242930
7 2 0 5  -0.0687848558
7 2 4 5  -0.0077715958
7 3 1 5  -0.0687848558
7 3 5 5  -0.0077715958
7 4 2 5  -0.0077715958
7 4 6 5  0.0756297959
7 5 3 5  -0.0077715958
7 5 7 5  0.0756297959
7 6 0 5  -0.0059242930
7 6 4 5  0.0756297959
7 7 1 5  -0.0059242930
7 7 5 5  0.0756297959
7 0 0 7  0.2519195954
7 0 4 7  -0.0095481344
7 1 1 7  0.2519195954
7 1 5 7  -0.0095481344
7 2 2 7  0.2540356849
7 2 6 7  0.0098368789
7 3 3 7  0.2540356849
7 3 7 7  0.0098368789
7 4 0 7  -0.0095481344
7 4 4 7  0.2542147572
7 5 1 7  -0.0095481344
7 5 5 7  0.2542147572
7 6 2 7  0.0098368789
7 6 6 7  0.2669107455
7 7 3 7  0.0098368789
7 7 7 7  0.2669107455

 E(FCI) = -1.9605214858

 E(HF)  = -1.8323833449
