 MO Integrals

2.666702233
0 0  -2.0301680233
0 2  0.0012863326
0 4  0.0012863326
1 1  -2.0301680233
1 3  0.0012863326
1 5  0.0012863326
2 0  0.0012863326
2 2  -1.5706842588
2 4  0.0125563711
2 6  -0.0081185680
3 1  0.0012863326
3 3  -1.5706842588
3 5  0.0125563711
3 7  -0.0081185680
4 0  0.0012863326
4 2  0.0125563711
4 4  -1.5706842588
4 6  0.0081185680
5 1  0.0012863326
5 3  0.0125563711
5 5  -1.5706842588
5 7  0.0081185680
6 2  -0.0081185680
6 4  0.0081185680
6 6  -1.0720159907
7 3  -0.0081185680
7 5  0.0081185680
7 7  -1.0720159907
0 0 0 0  0.2578147592
0 0 2 0  -0.0038663875
0 0 4 0  -0.0038663875
0 1 1 0  0.2578147592
0 1 3 0  -0.0038663875
0 1 5 0  -0.0038663875
0 2 0 0  -0.0038663875
0 2 2 0  0.2502073859
0 2 4 0  -0.0001522594
0 2 6 0  0.0038765519
0 3 1 0  -0.0038663875
0 3 3 0  0.2502073859
0 3 5 0  -0.0001522594
0 3 7 0  0.0038765519
0 4 0 0  -0.0038663875
0 4 2 0  -0.0001522594
0 4 4 0  0.2502073859
0 4 6 0  -0.0038765519
0 5 1 0  -0.0038663875
0 5 3 0  -0.0001522594
0 5 5 0  0.2502073859
0 5 7 0  -0.0038765519
0 6 2 0  0.0038765519
0 6 4 0  -0.0038765519
0 6 6 0  0.2531332841
0 7 3 0  0.0038765519
0 7 5 0  -0.0038765519
0 7 7 0  0.2531332841
0 0 0 2  -0.0038663875
0 0 2 2  0.0677906788
0 0 4 2  -0.0008813667
0 0 6 2  0.0028975624
0 1 1 2  -0.0038663875
0 1 3 2  0.0677906788
0 1 5 2  -0.0008813667
0 1 7 2  0.0028975624
0 2 0 2  0.0677906788
0 2 2 2  0.0061906690
0 2 4 2  -0.0006478366
0 2 6 2  -0.0672811112
0 3 1 2  0.0677906788
0 3 3 2  0.0061906690
0 3 5 2  -0.0006478366
0 3 7 2  -0.0672811112
0 4 0 2  -0.0008813667
0 4 2 2  -0.0006478366
0 4 4 2  -0.0018379165
0 4 6 2  -0.0008318739
0 5 1 2  -0.0008813667
0 5 3 2  -0.0006478366
0 5 5 2  -0.0018379165
0 5 7 2  -0.0008318739
0 6 0 2  0.0028975624
0 6 2 2  -0.0672811112
0 6 4 2  -0.0008318739
0 6 6 2  -0.0045952869
0 7 1 2  0.0028975624
0 7 3 2  -0.0672811112
0 7 5 2  -0.0008318739
0 7 7 2  -0.0045952869
0 0 0 4  -0.0038663875
0 0 2 4  -0.0008813667
0 0 4 4  0.0677906788
0 0 6 4  -0.0028975624
0 1 1 4  -0.0038663875
0 1 3 4  -0.0008813667
0 1 5 4  0.0677906788
0 1 7 4  -0.0028975624
0 2 0 4  -0.0008813667
0 2 2 4  -0.0018379165
0 2 4 4  -0.0006478366
0 2 6 4  0.0008318739
0 3 1 4  -0.0008813667
0 3 3 4  -0.0018379165
0 3 5 4  -0.0006478366
0 3 7 4  0.0008318739
0 4 0 4  0.0677906788
0 4 2 4  -0.0006478366
0 4 4 4  0.0061906690
0 4 6 4  0.0672811112
0 5 1 4  0.0677906788
0 5 3 4  -0.0006478366
0 5 5 4  0.0061906690
0 5 7 4  0.0672811112
0 6 0 4  -0.0028975624
0 6 2 4  0.0008318739
0 6 4 4  0.0672811112
0 6 6 4  -0.0045952869
0 7 1 4  -0.0028975624
0 7 3 4  0.0008318739
0 7 5 4  0.0672811112
0 7 7 4  -0.0045952869
0 0 2 6  0.0028975624
0 0 4 6  -0.0028975624
0 0 6 6  0.0399548016
0 1 3 6  0.0028975624
0 1 5 6  -0.0028975624
0 1 7 6  0.0399548016
0 2 0 6  0.0028975624
0 2 2 6  -0.0397143248
0 2 6 6  -0.0032797034
0 3 1 6  0.0028975624
0 3 3 6  -0.0397143248
0 3 7 6  -0.0032797034
0 4 0 6  -0.0028975624
0 4 4 6  0.0397143248
0 4 6 6  -0.0032797034
0 5 1 6  -0.0028975624
0 5 5 6  0.0397143248
0 5 7 6  -0.0032797034
0 6 0 6  0.0399548016
0 6 2 6  -0.0032797034
0 6 4 6  -0.0032797034
0 7 1 6  0.0399548016
0 7 3 6  -0.0032797034
0 7 5 6  -0.0032797034
1 0 0 1  0.2578147592
1 0 2 1  -0.0038663875
1 0 4 1  -0.0038663875
1 1 1 1  0.2578147592
1 1 3 1  -0.0038663875
1 1 5 1  -0.0038663875
1 2 0 1  -0.0038663875
1 2 2 1  0.2502073859
1 2 4 1  -0.0001522594
1 2 6 1  0.0038765519
1 3 1 1  -0.0038663875
1 3 3 1  0.2502073859
1 3 5 1  -0.0001522594
1 3 7 1  0.0038765519
1 4 0 1  -0.0038663875
1 4 2 1  -0.0001522594
1 4 4 1  0.2502073859
1 4 6 1  -0.0038765519
1 5 1 1  -0.0038663875
1 5 3 1  -0.0001522594
1 5 5 1  0.2502073859
1 5 7 1  -0.0038765519
1 6 2 1  0.0038765519
1 6 4 1  -0.0038765519
1 6 6 1  0.2531332841
1 7 3 1  0.0038765519
1 7 5 1  -0.0038765519
1 7 7 1  0.2531332841
1 0 0 3  -0.0038663875
1 0 2 3  0.0677906788
1 0 4 3  -0.0008813667
1 0 6 3  0.0028975624
1 1 1 3  -0.0038663875
1 1 3 3  0.0677906788
1 1 5 3  -0.0008813667
1 1 7 3  0.0028975624
1 2 0 3  0.0677906788
1 2 2 3  0.0061906690
1 2 4 3  -0.0006478366
1 2 6 3  -0.0672811112
1 3 1 3  0.0677906788
1 3 3 3  0.0061906690
1 3 5 3  -0.0006478366
1 3 7 3  -0.0672811112
1 4 0 3  -0.0008813667
1 4 2 3  -0.0006478366
1 4 4 3  -0.0018379165
1 4 6 3  -0.0008318739
1 5 1 3  -0.0008813667
1 5 3 3  -0.0006478366
1 5 5 3  -0.0018379165
1 5 7 3  -0.0008318739
1 6 0 3  0.0028975624
1 6 2 3  -0.0672811112
1 6 4 3  -0.0008318739
1 6 6 3  -0.0045952869
1 7 1 3  0.0028975624
1 7 3 3  -0.0672811112
1 7 5 3  -0.0008318739
1 7 7 3  -0.0045952869
1 0 0 5  -0.0038663875
1 0 2 5  -0.0008813667
1 0 4 5  0.0677906788
1 0 6 5  -0.0028975624
1 1 1 5  -0.0038663875
1 1 3 5  -0.0008813667
1 1 5 5  0.0677906788
1 1 7 5  -0.0028975624
1 2 0 5  -0.0008813667
1 2 2 5  -0.0018379165
1 2 4 5  -0.0006478366
1 2 6 5  0.0008318739
1 3 1 5  -0.0008813667
1 3 3 5  -0.0018379165
1 3 5 5  -0.0006478366
1 3 7 5  0.0008318739
1 4 0 5  0.0677906788
1 4 2 5  -0.0006478366
1 4 4 5  0.0061906690
1 4 6 5  0.0672811112
1 5 1 5  0.0677906788
1 5 3 5  -0.0006478366
1 5 5 5  0.0061906690
1 5 7 5  0.0672811112
1 6 0 5  -0.0028975624
1 6 2 5  0.0008318739
1 6 4 5  0.0672811112
1 6 6 5  -0.0045952869
1 7 1 5  -0.0028975624
1 7 3 5  0.0008318739
1 7 5 5  0.0672811112
1 7 7 5  -0.0045952869
1 0 2 7  0.0028975624
1 0 4 7  -0.0028975624
1 0 6 7  0.0399548016
1 1 3 7  0.0028975624
1 1 5 7  -0.0028975624
1 1 7 7  0.0399548016
1 2 0 7  0.0028975624
1 2 2 7  -0.0397143248
1 2 6 7  -0.0032797034
1 3 1 7  0.0028975624
1 3 3 7  -0.0397143248
1 3 7 7  -0.0032797034
1 4 0 7  -0.0028975624
1 4 4 7  0.0397143248
1 4 6 7  -0.0032797034
1 5 1 7  -0.0028975624
1 5 5 7  0.0397143248
1 5 7 7  -0.0032797034
1 6 0 7  0.0399548016
1 6 2 7  -0.0032797034
1 6 4 7  -0.0032797034
1 7 1 7  0.0399548016
1 7 3 7  -0.0032797034
1 7 5 7  -0.0032797034
2 0 0 0  -0.0038663875
2 0 2 0  0.0677906788
2 0 4 0  -0.0008813667
2 0 6 0  0.0028975624
2 1 1 0  -0.0038663875
2 1 3 0  0.0677906788
2 1 5 0  -0.0008813667
2 1 7 0  0.0028975624
2 2 0 0  0.0677906788
2 2 2 0  0.0061906690
2 2 4 0  -0.0006478366
2 2 6 0  -0.0672811112
2 3 1 0  0.0677906788
2 3 3 0  0.0061906690
2 3 5 0  -0.0006478366
2 3 7 0  -0.0672811112
2 4 0 0  -0.0008813667
2 4 2 0  -0.0006478366
2 4 4 0  -0.0018379165
2 4 6 0  -0.0008318739
2 5 1 0  -0.0008813667
2 5 3 0  -0.0006478366
2 5 5 0  -0.0018379165
2 5 7 0  -0.0008318739
2 6 0 0  0.0028975624
2 6 2 0  -0.0672811112
2 6 4 0  -0.0008318739
2 6 6 0  -0.0045952869
2 7 1 0  0.0028975624
2 7 3 0  -0.0672811112
2 7 5 0  -0.0008318739
2 7 7 0  -0.0045952869
2 0 0 2  0.2502073859
2 0 2 2  0.0061906690
2 0 4 2  -0.0018379165
2 0 6 2  -0.0397143248
2 1 1 2  0.2502073859
2 1 3 2  0.0061906690
2 1 5 2  -0.0018379165
2 1 7 2  -0.0397143248
2 2 0 2  0.0061906690
2 2 2 2  0.2911354511
2 2 4 2  -0.0001984102
2 2 6 2  -0.0064230506
2 3 1 2  0.0061906690
2 3 3 2  0.2911354511
2 3 5 2  -0.0001984102
2 3 7 2  -0.0064230506
2 4 0 2  -0.0018379165
2 4 2 2  -0.0001984102
2 4 4 2  0.2092924945
2 4 6 2  -0.0013740754
2 5 1 2  -0.0018379165
2 5 3 2  -0.0001984102
2 5 5 2  0.2092924945
2 5 7 2  -0.0013740754
2 6 0 2  -0.0397143248
2 6 2 2  -0.0064230506
2 6 4 2  -0.0013740754
2 6 6 2  0.2560316268
2 7 1 2  -0.0397143248
2 7 3 2  -0.0064230506
2 7 5 2  -0.0013740754
2 7 7 2  0.2560316268
2 0 0 4  -0.0001522594
2 0 2 4  -0.0006478366
2 0 4 4  -0.0006478366
2 1 1 4  -0.0001522594
2 1 3 4  -0.0006478366
2 1 5 4  -0.0006478366
2 2 0 4  -0.0006478366
2 2 2 4  -0.0001984102
2 2 4 4  0.0047559852
2 2 6 4  0.0003725134
2 3 1 4  -0.0006478366
2 3 3 4  -0.0001984102
2 3 5 4  0.0047559852
2 3 7 4  0.0003725134
2 4 0 4  -0.0006478366
2 4 2 4  0.0047559852
2 4 4 4  -0.0001984102
2 4 6 4  -0.0003725134
2 5 1 4  -0.0006478366
2 5 3 4  0.0047559852
2 5 5 4  -0.0001984102
2 5 7 4  -0.0003725134
2 6 2 4  0.0003725134
2 6 4 4  -0.0003725134
2 6 6 4  0.0000167710
2 7 3 4  0.0003725134
2 7 5 4  -0.0003725134
2 7 7 4  0.0000167710
2 0 0 6  0.0038765519
2 0 2 6  -0.0672811112
2 0 4 6  0.0008318739
2 0 6 6  -0.0032797034
2 1 1 6  0.0038765519
2 1 3 6  -0.0672811112
2 1 5 6  0.0008318739
2 1 7 6  -0.0032797034
2 2 0 6  -0.0672811112
2 2 2 6  -0.0064230506
2 2 4 6  0.0003725134
2 2 6 6  0.0739148489
2 3 1 6  -0.0672811112
2 3 3 6  -0.0064230506
2 3 5 6  0.0003725134
2 3 7 6  0.0739148489
2 4 0 6  0.0008318739
2 4 2 6  0.0003725134
2 4 4 6  0.0013740754
2 4 6 6  0.0009585698
2 5 1 6  0.0008318739
2 5 3 6  0.0003725134
2 5 5 6  0.0013740754
2 5 7 6  0.0009585698
2 6 0 6  -0.0032797034
2 6 2 6  0.0739148489
2 6 4 6  0.0009585698
2 6 6 6  0.0046826836
2 7 1 6  -0.0032797034
2 7 3 6  0.0739148489
2 7 5 6  0.0009585698
2 7 7 6  0.0046826836
3 0 0 1  -0.0038663875
3 0 2 1  0.0677906788
3 0 4 1  -0.0008813667
3 0 6 1  0.0028975624
3 1 1 1  -0.0038663875
3 1 3 1  0.0677906788
3 1 5 1  -0.0008813667
3 1 7 1  0.0028975624
3 2 0 1  0.0677906788
3 2 2 1  0.0061906690
3 2 4 1  -0.0006478366
3 2 6 1  -0.0672811112
3 3 1 1  0.0677906788
3 3 3 1  0.0061906690
3 3 5 1  -0.0006478366
3 3 7 1  -0.0672811112
3 4 0 1  -0.0008813667
3 4 2 1  -0.0006478366
3 4 4 1  -0.0018379165
3 4 6 1  -0.0008318739
3 5 1 1  -0.0008813667
3 5 3 1  -0.0006478366
3 5 5 1  -0.0018379165
3 5 7 1  -0.0008318739
3 6 0 1  0.0028975624
3 6 2 1  -0.0672811112
3 6 4 1  -0.0008318739
3 6 6 1  -0.0045952869
3 7 1 1  0.0028975624
3 7 3 1  -0.0672811112
3 7 5 1  -0.0008318739
3 7 7 1  -0.0045952869
3 0 0 3  0.2502073859
3 0 2 3  0.0061906690
3 0 4 3  -0.0018379165
3 0 6 3  -0.0397143248
3 1 1 3  0.2502073859
3 1 3 3  0.0061906690
3 1 5 3  -0.0018379165
3 1 7 3  -0.0397143248
3 2 0 3  0.0061906690
3 2 2 3  0.2911354511
3 2 4 3  -0.0001984102
3 2 6 3  -0.0064230506
3 3 1 3  0.0061906690
3 3 3 3  0.2911354511
3 3 5 3  -0.0001984102
3 3 7 3  -0.0064230506
3 4 0 3  -0.0018379165
3 4 2 3  -0.0001984102
3 4 4 3  0.2092924945
3 4 6 3  -0.0013740754
3 5 1 3  -0.0018379165
3 5 3 3  -0.0001984102
3 5 5 3  0.2092924945
3 5 7 3  -0.0013740754
3 6 0 3  -0.0397143248
3 6 2 3  -0.0064230506
3 6 4 3  -0.0013740754
3 6 6 3  0.2560316268
3 7 1 3  -0.0397143248
3 7 3 3  -0.0064230506
3 7 5 3  -0.0013740754
3 7 7 3  0.2560316268
3 0 0 5  -0.0001522594
3 0 2 5  -0.0006478366
3 0 4 5  -0.0006478366
3 1 1 5  -0.0001522594
3 1 3 5  -0.0006478366
3 1 5 5  -0.0006478366
3 2 0 5  -0.0006478366
3 2 2 5  -0.0001984102
3 2 4 5  0.0047559852
3 2 6 5  0.0003725134
3 3 1 5  -0.0006478366
3 3 3 5  -0.0001984102
3 3 5 5  0.0047559852
3 3 7 5  0.0003725134
3 4 0 5  -0.0006478366
3 4 2 5  0.0047559852
3 4 4 5  -0.0001984102
3 4 6 5  -0.0003725134
3 5 1 5  -0.0006478366
3 5 3 5  0.0047559852
3 5 5 5  -0.0001984102
3 5 7 5  -0.0003725134
3 6 2 5  0.0003725134
3 6 4 5  -0.0003725134
3 6 6 5  0.0000167710
3 7 3 5  0.0003725134
3 7 5 5  -0.0003725134
3 7 7 5  0.0000167710
3 0 0 7  0.0038765519
3 0 2 7  -0.0672811112
3 0 4 7  0.0008318739
3 0 6 7  -0.0032797034
3 1 1 7  0.0038765519
3 1 3 7  -0.0672811112
3 1 5 7  0.0008318739
3 1 7 7  -0.0032797034
3 2 0 7  -0.0672811112
3 2 2 7  -0.0064230506
3 2 4 7  0.0003725134
3 2 6 7  0.0739148489
3 3 1 7  -0.0672811112
3 3 3 7  -0.0064230506
3 3 5 7  0.0003725134
3 3 7 7  0.0739148489
3 4 0 7  0.0008318739
3 4 2 7  0.0003725134
3 4 4 7  0.0013740754
3 4 6 7  0.0009585698
3 5 1 7  0.0008318739
3 5 3 7  0.0003725134
3 5 5 7  0.0013740754
3 5 7 7  0.0009585698
3 6 0 7  -0.0032797034
3 6 2 7  0.0739148489
3 6 4 7  0.0009585698
3 6 6 7  0.0046826836
3 7 1 7  -0.0032797034
3 7 3 7  0.0739148489
3 7 5 7  0.0009585698
3 7 7 7  0.0046826836
4 0 0 0  -0.0038663875
4 0 2 0  -0.0008813667
4 0 4 0  0.0677906788
4 0 6 0  -0.0028975624
4 1 1 0  -0.0038663875
4 1 3 0  -0.0008813667
4 1 5 0  0.0677906788
4 1 7 0  -0.0028975624
4 2 0 0  -0.0008813667
4 2 2 0  -0.0018379165
4 2 4 0  -0.0006478366
4 2 6 0  0.0008318739
4 3 1 0  -0.0008813667
4 3 3 0  -0.0018379165
4 3 5 0  -0.0006478366
4 3 7 0  0.0008318739
4 4 0 0  0.0677906788
4 4 2 0  -0.0006478366
4 4 4 0  0.0061906690
4 4 6 0  0.0672811112
4 5 1 0  0.0677906788
4 5 3 0  -0.0006478366
4 5 5 0  0.0061906690
4 5 7 0  0.0672811112
4 6 0 0  -0.0028975624
4 6 2 0  0.0008318739
4 6 4 0  0.0672811112
4 6 6 0  -0.0045952869
4 7 1 0  -0.0028975624
4 7 3 0  0.0008318739
4 7 5 0  0.0672811112
4 7 7 0  -0.0045952869
4 0 0 2  -0.0001522594
4 0 2 2  -0.0006478366
4 0 4 2  -0.0006478366
4 1 1 2  -0.0001522594
4 1 3 2  -0.0006478366
4 1 5 2  -0.0006478366
4 2 0 2  -0.0006478366
4 2 2 2  -0.0001984102
4 2 4 2  0.0047559852
4 2 6 2  0.0003725134
4 3 1 2  -0.0006478366
4 3 3 2  -0.0001984102
4 3 5 2  0.0047559852
4 3 7 2  0.0003725134
4 4 0 2  -0.0006478366
4 4 2 2  0.0047559852
4 4 4 2  -0.0001984102
4 4 6 2  -0.0003725134
4 5 1 2  -0.0006478366
4 5 3 2  0.0047559852
4 5 5 2  -0.0001984102
4 5 7 2  -0.0003725134
4 6 2 2  0.0003725134
4 6 4 2  -0.0003725134
4 6 6 2  0.0000167710
4 7 3 2  0.0003725134
4 7 5 2  -0.0003725134
4 7 7 2  0.0000167710
4 0 0 4  0.2502073859
4 0 2 4  -0.0018379165
4 0 4 4  0.0061906690
4 0 6 4  0.0397143248
4 1 1 4  0.2502073859
4 1 3 4  -0.0018379165
4 1 5 4  0.0061906690
4 1 7 4  0.0397143248
4 2 0 4  -0.0018379165
4 2 2 4  0.2092924945
4 2 4 4  -0.0001984102
4 2 6 4  0.0013740754
4 3 1 4  -0.0018379165
4 3 3 4  0.2092924945
4 3 5 4  -0.0001984102
4 3 7 4  0.0013740754
4 4 0 4  0.0061906690
4 4 2 4  -0.0001984102
4 4 4 4  0.2911354511
4 4 6 4  0.0064230506
4 5 1 4  0.0061906690
4 5 3 4  -0.0001984102
4 5 5 4  0.2911354511
4 5 7 4  0.0064230506
4 6 0 4  0.0397143248
4 6 2 4  0.0013740754
4 6 4 4  0.0064230506
4 6 6 4  0.2560316268
4 7 1 4  0.0397143248
4 7 3 4  0.0013740754
4 7 5 4  0.0064230506
4 7 7 4  0.2560316268
4 0 0 6  -0.0038765519
4 0 2 6  -0.0008318739
4 0 4 6  0.0672811112
4 0 6 6  -0.0032797034
4 1 1 6  -0.0038765519
4 1 3 6  -0.0008318739
4 1 5 6  0.0672811112
4 1 7 6  -0.0032797034
4 2 0 6  -0.0008318739
4 2 2 6  -0.0013740754
4 2 4 6  -0.0003725134
4 2 6 6  0.0009585698
4 3 1 6  -0.0008318739
4 3 3 6  -0.0013740754
4 3 5 6  -0.0003725134
4 3 7 6  0.0009585698
4 4 0 6  0.0672811112
4 4 2 6  -0.0003725134
4 4 4 6  0.0064230506
4 4 6 6  0.0739148489
4 5 1 6  0.0672811112
4 5 3 6  -0.0003725134
4 5 5 6  0.0064230506
4 5 7 6  0.0739148489
4 6 0 6  -0.0032797034
4 6 2 6  0.0009585698
4 6 4 6  0.0739148489
4 6 6 6  -0.0046826836
4 7 1 6  -0.0032797034
4 7 3 6  0.0009585698
4 7 5 6  0.0739148489
4 7 7 6  -0.0046826836
5 0 0 1  -0.0038663875
5 0 2 1  -0.0008813667
5 0 4 1  0.0677906788
5 0 6 1  -0.0028975624
5 1 1 1  -0.0038663875
5 1 3 1  -0.0008813667
5 1 5 1  0.0677906788
5 1 7 1  -0.0028975624
5 2 0 1  -0.0008813667
5 2 2 1  -0.0018379165
5 2 4 1  -0.0006478366
5 2 6 1  0.0008318739
5 3 1 1  -0.0008813667
5 3 3 1  -0.0018379165
5 3 5 1  -0.0006478366
5 3 7 1  0.0008318739
5 4 0 1  0.0677906788
5 4 2 1  -0.0006478366
5 4 4 1  0.0061906690
5 4 6 1  0.0672811112
5 5 1 1  0.0677906788
5 5 3 1  -0.0006478366
5 5 5 1  0.0061906690
5 5 7 1  0.0672811112
5 6 0 1  -0.0028975624
5 6 2 1  0.0008318739
5 6 4 1  0.0672811112
5 6 6 1  -0.0045952869
5 7 1 1  -0.0028975624
5 7 3 1  0.0008318739
5 7 5 1  0.0672811112
5 7 7 1  -0.0045952869
5 0 0 3  -0.0001522594
5 0 2 3  -0.0006478366
5 0 4 3  -0.0006478366
5 1 1 3  -0.0001522594
5 1 3 3  -0.0006478366
5 1 5 3  -0.0006478366
5 2 0 3  -0.0006478366
5 2 2 3  -0.0001984102
5 2 4 3  0.0047559852
5 2 6 3  0.0003725134
5 3 1 3  -0.0006478366
5 3 3 3  -0.0001984102
5 3 5 3  0.0047559852
5 3 7 3  0.0003725134
5 4 0 3  -0.0006478366
5 4 2 3  0.0047559852
5 4 4 3  -0.0001984102
5 4 6 3  -0.0003725134
5 5 1 3  -0.0006478366
5 5 3 3  0.0047559852
5 5 5 3  -0.0001984102
5 5 7 3  -0.0003725134
5 6 2 3  0.0003725134
5 6 4 3  -0.0003725134
5 6 6 3  0.0000167710
5 7 3 3  0.0003725134
5 7 5 3  -0.0003725134
5 7 7 3  0.0000167710
5 0 0 5  0.2502073859
5 0 2 5  -0.0018379165
5 0 4 5  0.0061906690
5 0 6 5  0.0397143248
5 1 1 5  0.2502073859
5 1 3 5  -0.0018379165
5 1 5 5  0.0061906690
5 1 7 5  0.0397143248
5 2 0 5  -0.0018379165
5 2 2 5  0.2092924945
5 2 4 5  -0.0001984102
5 2 6 5  0.0013740754
5 3 1 5  -0.0018379165
5 3 3 5  0.2092924945
5 3 5 5  -0.0001984102
5 3 7 5  0.0013740754
5 4 0 5  0.0061906690
5 4 2 5  -0.0001984102
5 4 4 5  0.2911354511
5 4 6 5  0.0064230506
5 5 1 5  0.0061906690
5 5 3 5  -0.0001984102
5 5 5 5  0.2911354511
5 5 7 5  0.0064230506
5 6 0 5  0.0397143248
5 6 2 5  0.0013740754
5 6 4 5  0.0064230506
5 6 6 5  0.2560316268
5 7 1 5  0.0397143248
5 7 3 5  0.0013740754
5 7 5 5  0.0064230506
5 7 7 5  0.2560316268
5 0 0 7  -0.0038765519
5 0 2 7  -0.0008318739
5 0 4 7  0.0672811112
5 0 6 7  -0.0032797034
5 1 1 7  -0.0038765519
5 1 3 7  -0.0008318739
5 1 5 7  0.0672811112
5 1 7 7  -0.0032797034
5 2 0 7  -0.0008318739
5 2 2 7  -0.0013740754
5 2 4 7  -0.0003725134
5 2 6 7  0.0009585698
5 3 1 7  -0.0008318739
5 3 3 7  -0.0013740754
5 3 5 7  -0.0003725134
5 3 7 7  0.0009585698
5 4 0 7  0.0672811112
5 4 2 7  -0.0003725134
5 4 4 7  0.0064230506
5 4 6 7  0.0739148489
5 5 1 7  0.0672811112
5 5 3 7  -0.0003725134
5 5 5 7  0.0064230506
5 5 7 7  0.0739148489
5 6 0 7  -0.0032797034
5 6 2 7  0.0009585698
5 6 4 7  0.0739148489
5 6 6 7  -0.0046826836
5 7 1 7  -0.0032797034
5 7 3 7  0.0009585698
5 7 5 7  0.0739148489
5 7 7 7  -0.0046826836
6 0 2 0  0.0028975624
6 0 4 0  -0.0028975624
6 0 6 0  0.0399548016
6 1 3 0  0.0028975624
6 1 5 0  -0.0028975624
6 1 7 0  0.0399548016
6 2 0 0  0.0028975624
6 2 2 0  -0.0397143248
6 2 6 0  -0.0032797034
6 3 1 0  0.0028975624
6 3 3 0  -0.0397143248
6 3 7 0  -0.0032797034
6 4 0 0  -0.0028975624
6 4 4 0  0.0397143248
6 4 6 0  -0.0032797034
6 5 1 0  -0.0028975624
6 5 5 0  0.0397143248
6 5 7 0  -0.0032797034
6 6 0 0  0.0399548016
6 6 2 0  -0.0032797034
6 6 4 0  -0.0032797034
6 7 1 0  0.0399548016
6 7 3 0  -0.0032797034
6 7 5 0  -0.0032797034
6 0 0 2  0.0038765519
6 0 2 2  -0.0672811112
6 0 4 2  0.0008318739
6 0 6 2  -0.0032797034
6 1 1 2  0.0038765519
6 1 3 2  -0.0672811112
6 1 5 2  0.0008318739
6 1 7 2  -0.0032797034
6 2 0 2  -0.0672811112
6 2 2 2  -0.0064230506
6 2 4 2  0.0003725134
6 2 6 2  0.0739148489
6 3 1 2  -0.0672811112
6 3 3 2  -0.0064230506
6 3 5 2  0.0003725134
6 3 7 2  0.0739148489
6 4 0 2  0.0008318739
6 4 2 2  0.0003725134
6 4 4 2  0.0013740754
6 4 6 2  0.0009585698
6 5 1 2  0.0008318739
6 5 3 2  0.0003725134
6 5 5 2  0.0013740754
6 5 7 2  0.0009585698
6 6 0 2  -0.0032797034
6 6 2 2  0.0739148489
6 6 4 2  0.0009585698
6 6 6 2  0.0046826836
6 7 1 2  -0.0032797034
6 7 3 2  0.0739148489
6 7 5 2  0.0009585698
6 7 7 2  0.0046826836
6 0 0 4  -0.0038765519
6 0 2 4  -0.0008318739
6 0 4 4  0.0672811112
6 0 6 4  -0.0032797034
6 1 1 4  -0.0038765519
6 1 3 4  -0.0008318739
6 1 5 4  0.0672811112
6 1 7 4  -0.0032797034
6 2 0 4  -0.0008318739
6 2 2 4  -0.0013740754
6 2 4 4  -0.0003725134
6 2 6 4  0.0009585698
6 3 1 4  -0.0008318739
6 3 3 4  -0.0013740754
6 3 5 4  -0.0003725134
6 3 7 4  0.0009585698
6 4 0 4  0.0672811112
6 4 2 4  -0.0003725134
6 4 4 4  0.0064230506
6 4 6 4  0.0739148489
6 5 1 4  0.0672811112
6 5 3 4  -0.0003725134
6 5 5 4  0.0064230506
6 5 7 4  0.0739148489
6 6 0 4  -0.0032797034
6 6 2 4  0.0009585698
6 6 4 4  0.0739148489
6 6 6 4  -0.0046826836
6 7 1 4  -0.0032797034
6 7 3 4  0.0009585698
6 7 5 4  0.0739148489
6 7 7 4  -0.0046826836
6 0 0 6  0.2531332841
6 0 2 6  -0.0045952869
6 0 4 6  -0.0045952869
6 1 1 6  0.2531332841
6 1 3 6  -0.0045952869
6 1 5 6  -0.0045952869
6 2 0 6  -0.0045952869
6 2 2 6  0.2560316268
6 2 4 6  0.0000167710
6 2 6 6  0.0046826836
6 3 1 6  -0.0045952869
6 3 3 6  0.2560316268
6 3 5 6  0.0000167710
6 3 7 6  0.0046826836
6 4 0 6  -0.0045952869
6 4 2 6  0.0000167710
6 4 4 6  0.2560316268
6 4 6 6  -0.0046826836
6 5 1 6  -0.0045952869
6 5 3 6  0.0000167710
6 5 5 6  0.2560316268
6 5 7 6  -0.0046826836
6 6 2 6  0.0046826836
6 6 4 6  -0.0046826836
6 6 6 6  0.2680720179
6 7 3 6  0.0046826836
6 7 5 6  -0.0046826836
6 7 7 6  0.2680720179
7 0 2 1  0.0028975624
7 0 4 1  -0.0028975624
7 0 6 1  0.0399548016
7 1 3 1  0.0028975624
7 1 5 1  -0.0028975624
7 1 7 1  0.0399548016
7 2 0 1  0.0028975624
7 2 2 1  -0.0397143248
7 2 6 1  -0.0032797034
7 3 1 1  0.0028975624
7 3 3 1  -0.0397143248
7 3 7 1  -0.0032797034
7 4 0 1  -0.0028975624
7 4 4 1  0.0397143248
7 4 6 1  -0.0032797034
7 5 1 1  -0.0028975624
7 5 5 1  0.0397143248
7 5 7 1  -0.0032797034
7 6 0 1  0.0399548016
7 6 2 1  -0.0032797034
7 6 4 1  -0.0032797034
7 7 1 1  0.0399548016
7 7 3 1  -0.0032797034
7 7 5 1  -0.0032797034
7 0 0 3  0.0038765519
7 0 2 3  -0.0672811112
7 0 4 3  0.0008318739
7 0 6 3  -0.0032797034
7 1 1 3  0.0038765519
7 1 3 3  -0.0672811112
7 1 5 3  0.0008318739
7 1 7 3  -0.0032797034
7 2 0 3  -0.0672811112
7 2 2 3  -0.0064230506
7 2 4 3  0.0003725134
7 2 6 3  0.0739148489
7 3 1 3  -0.0672811112
7 3 3 3  -0.0064230506
7 3 5 3  0.0003725134
7 3 7 3  0.0739148489
7 4 0 3  0.0008318739
7 4 2 3  0.0003725134
7 4 4 3  0.0013740754
7 4 6 3  0.0009585698
7 5 1 3  0.0008318739
7 5 3 3  0.0003725134
7 5 5 3  0.0013740754
7 5 7 3  0.0009585698
7 6 0 3  -0.0032797034
7 6 2 3  0.0739148489
7 6 4 3  0.0009585698
7 6 6 3  0.0046826836
7 7 1 3  -0.0032797034
7 7 3 3  0.0739148489
7 7 5 3  0.0009585698
7 7 7 3  0.0046826836
7 0 0 5  -0.0038765519
7 0 2 5  -0.0008318739
7 0 4 5  0.0672811112
7 0 6 5  -0.0032797034
7 1 1 5  -0.0038765519
7 1 3 5  -0.0008318739
7 1 5 5  0.0672811112
7 1 7 5  -0.0032797034
7 2 0 5  -0.0008318739
7 2 2 5  -0.0013740754
7 2 4 5  -0.0003725134
7 2 6 5  0.0009585698
7 3 1 5  -0.0008318739
7 3 3 5  -0.0013740754
7 3 5 5  -0.0003725134
7 3 7 5  0.0009585698
7 4 0 5  0.0672811112
7 4 2 5  -0.0003725134
7 4 4 5  0.0064230506
7 4 6 5  0.0739148489
7 5 1 5  0.0672811112
7 5 3 5  -0.0003725134
7 5 5 5  0.0064230506
7 5 7 5  0.0739148489
7 6 0 5  -0.0032797034
7 6 2 5  0.0009585698
7 6 4 5  0.0739148489
7 6 6 5  -0.0046826836
7 7 1 5  -0.0032797034
7 7 3 5  0.0009585698
7 7 5 5  0.0739148489
7 7 7 5  -0.0046826836
7 0 0 7  0.2531332841
7 0 2 7  -0.0045952869
7 0 4 7  -0.0045952869
7 1 1 7  0.2531332841
7 1 3 7  -0.0045952869
7 1 5 7  -0.0045952869
7 2 0 7  -0.0045952869
7 2 2 7  0.2560316268
7 2 4 7  0.0000167710
7 2 6 7  0.0046826836
7 3 1 7  -0.0045952869
7 3 3 7  0.2560316268
7 3 5 7  0.0000167710
7 3 7 7  0.0046826836
7 4 0 7  -0.0045952869
7 4 2 7  0.0000167710
7 4 4 7  0.2560316268
7 4 6 7  -0.0046826836
7 5 1 7  -0.0045952869
7 5 3 7  0.0000167710
7 5 5 7  0.2560316268
7 5 7 7  -0.0046826836
7 6 2 7  0.0046826836
7 6 4 7  -0.0046826836
7 6 6 7  0.2680720179
7 7 3 7  0.0046826836
7 7 5 7  -0.0046826836
7 7 7 7  0.2680720179

 E(FCI) = -1.9478855711

 E(HF)  = -1.7066055388
