 MO Integrals

2.7071067814
0 0  -2.0499328923
0 4  -0.0000006823
1 1  -2.0499328923
1 5  -0.0000006823
2 2  -1.5809028887
2 6  -0.0000006834
3 3  -1.5809028887
3 7  -0.0000006834
4 0  -0.0000006823
4 4  -1.5809028860
5 1  -0.0000006823
5 5  -1.5809028860
6 2  -0.0000006834
6 6  -1.0672861836
7 3  -0.0000006834
7 7  -1.0672861836
0 0 0 0  0.2593868869
0 0 4 0  -0.0000001881
0 1 1 0  0.2593868869
0 1 5 0  -0.0000001881
0 2 2 0  0.2522722301
0 2 6 0  0.0000001939
0 3 3 0  0.2522722301
0 3 7 0  0.0000001939
0 4 0 0  -0.0000001881
0 4 4 0  0.2522722297
0 5 1 0  -0.0000001881
0 5 5 0  0.2522722297
0 6 2 0  0.0000001939
0 6 6 0  0.2544481758
0 7 3 0  0.0000001939
0 7 7 0  0.2544481758
0 0 2 2  0.0681322189
0 0 6 2  0.0000001944
0 1 3 2  0.0681322189
0 1 7 2  0.0000001944
0 2 0 2  0.0681322189
0 2 4 2  0.0000001833
0 3 1 2  0.0681322189
0 3 5 2  0.0000001833
0 4 2 2  0.0000001833
0 4 6 2  -0.0675225183
0 5 3 2  0.0000001833
0 5 7 2  -0.0675225183
0 6 0 2  0.0000001944
0 6 4 2  -0.0675225183
0 7 1 2  0.0000001944
0 7 5 2  -0.0675225183
0 0 0 4  -0.0000001881
0 0 4 4  0.0681322188
0 1 1 4  -0.0000001881
0 1 5 4  0.0681322188
0 2 2 4  0.0000001873
0 2 6 4  -0.0675225183
0 3 3 4  0.0000001873
0 3 7 4  -0.0675225183
0 4 0 4  0.0681322188
0 4 4 4  0.0000001918
0 5 1 4  0.0681322188
0 5 5 4  0.0000001918
0 6 2 4  -0.0675225183
0 6 6 4  -0.0000001849
0 7 3 4  -0.0675225183
0 7 7 4  -0.0000001849
0 0 2 6  0.0000001944
0 0 6 6  0.0394812189
0 1 3 6  0.0000001944
0 1 7 6  0.0394812189
0 2 0 6  0.0000001944
0 2 4 6  -0.0398041661
0 3 1 6  0.0000001944
0 3 5 6  -0.0398041661
0 4 2 6  -0.0398041661
0 4 6 6  -0.0000001932
0 5 3 6  -0.0398041661
0 5 7 6  -0.0000001932
0 6 0 6  0.0394812189
0 6 4 6  -0.0000001932
0 7 1 6  0.0394812189
0 7 5 6  -0.0000001932
1 0 0 1  0.2593868869
1 0 4 1  -0.0000001881
1 1 1 1  0.2593868869
1 1 5 1  -0.0000001881
1 2 2 1  0.2522722301
1 2 6 1  0.0000001939
1 3 3 1  0.2522722301
1 3 7 1  0.0000001939
1 4 0 1  -0.0000001881
1 4 4 1  0.2522722297
1 5 1 1  -0.0000001881
1 5 5 1  0.2522722297
1 6 2 1  0.0000001939
1 6 6 1  0.2544481758
1 7 3 1  0.0000001939
1 7 7 1  0.2544481758
1 0 2 3  0.0681322189
1 0 6 3  0.0000001944
1 1 3 3  0.0681322189
1 1 7 3  0.0000001944
1 2 0 3  0.0681322189
1 2 4 3  0.0000001833
1 3 1 3  0.0681322189
1 3 5 3  0.0000001833
1 4 2 3  0.0000001833
1 4 6 3  -0.0675225183
1 5 3 3  0.0000001833
1 5 7 3  -0.0675225183
1 6 0 3  0.0000001944
1 6 4 3  -0.0675225183
1 7 1 3  0.0000001944
1 7 5 3  -0.0675225183
1 0 0 5  -0.0000001881
1 0 4 5  0.0681322188
1 1 1 5  -0.0000001881
1 1 5 5  0.0681322188
1 2 2 5  0.0000001873
1 2 6 5  -0.0675225183
1 3 3 5  0.0000001873
1 3 7 5  -0.0675225183
1 4 0 5  0.0681322188
1 4 4 5  0.0000001918
1 5 1 5  0.0681322188
1 5 5 5  0.0000001918
1 6 2 5  -0.0675225183
1 6 6 5  -0.0000001849
1 7 3 5  -0.0675225183
1 7 7 5  -0.0000001849
1 0 2 7  0.0000001944
1 0 6 7  0.0394812189
1 1 3 7  0.0000001944
1 1 7 7  0.0394812189
1 2 0 7  0.0000001944
1 2 4 7  -0.0398041661
1 3 1 7  0.0000001944
1 3 5 7  -0.0398041661
1 4 2 7  -0.0398041661
1 4 6 7  -0.0000001932
1 5 3 7  -0.0398041661
1 5 7 7  -0.0000001932
1 6 0 7  0.0394812189
1 6 4 7  -0.0000001932
1 7 1 7  0.0394812189
1 7 5 7  -0.0000001932
2 0 2 0  0.0681322189
2 0 6 0  0.0000001944
2 1 3 0  0.0681322189
2 1 7 0  0.0000001944
2 2 0 0  0.0681322189
2 2 4 0  0.0000001833
2 3 1 0  0.0681322189
2 3 5 0  0.0000001833
2 4 2 0  0.0000001833
2 4 6 0  -0.0675225183
2 5 3 0  0.0000001833
2 5 7 0  -0.0675225183
2 6 0 0  0.0000001944
2 6 4 0  -0.0675225183
2 7 1 0  0.0000001944
2 7 5 0  -0.0675225183
2 0 0 2  0.2522722301
2 0 4 2  0.0000001873
2 1 1 2  0.2522722301
2 1 5 2  0.0000001873
2 2 2 2  0.2566863315
2 2 6 2  -0.0000001989
2 3 3 2  0.2566863315
2 3 7 2  -0.0000001989
2 4 0 2  0.0000001873
2 4 4 2  0.2468121255
2 5 1 2  0.0000001873
2 5 5 2  0.2468121255
2 6 2 2  -0.0000001989
2 6 6 2  0.2581451202
2 7 3 2  -0.0000001989
2 7 7 2  0.2581451202
2 0 2 4  0.0000001833
2 0 6 4  -0.0398041661
2 1 3 4  0.0000001833
2 1 7 4  -0.0398041661
2 2 0 4  0.0000001833
2 2 4 4  0.0401536127
2 3 1 4  0.0000001833
2 3 5 4  0.0401536127
2 4 2 4  0.0401536127
2 4 6 4  -0.0000002014
2 5 3 4  0.0401536127
2 5 7 4  -0.0000002014
2 6 0 4  -0.0398041661
2 6 4 4  -0.0000002014
2 7 1 4  -0.0398041661
2 7 5 4  -0.0000002014
2 0 0 6  0.0000001939
2 0 4 6  -0.0675225183
2 1 1 6  0.0000001939
2 1 5 6  -0.0675225183
2 2 2 6  -0.0000001989
2 2 6 6  0.0741886140
2 3 3 6  -0.0000001989
2 3 7 6  0.0741886140
2 4 0 6  -0.0675225183
2 4 4 6  -0.0000002114
2 5 1 6  -0.0675225183
2 5 5 6  -0.0000002114
2 6 2 6  0.0741886140
2 6 6 6  0.0000001824
2 7 3 6  0.0741886140
2 7 7 6  0.0000001824
3 0 2 1  0.0681322189
3 0 6 1  0.0000001944
3 1 3 1  0.0681322189
3 1 7 1  0.0000001944
3 2 0 1  0.0681322189
3 2 4 1  0.0000001833
3 3 1 1  0.0681322189
3 3 5 1  0.0000001833
3 4 2 1  0.0000001833
3 4 6 1  -0.0675225183
3 5 3 1  0.0000001833
3 5 7 1  -0.0675225183
3 6 0 1  0.0000001944
3 6 4 1  -0.0675225183
3 7 1 1  0.0000001944
3 7 5 1  -0.0675225183
3 0 0 3  0.2522722301
3 0 4 3  0.0000001873
3 1 1 3  0.2522722301
3 1 5 3  0.0000001873
3 2 2 3  0.2566863315
3 2 6 3  -0.0000001989
3 3 3 3  0.2566863315
3 3 7 3  -0.0000001989
3 4 0 3  0.0000001873
3 4 4 3  0.2468121255
3 5 1 3  0.0000001873
3 5 5 3  0.2468121255
3 6 2 3  -0.0000001989
3 6 6 3  0.2581451202
3 7 3 3  -0.0000001989
3 7 7 3  0.2581451202
3 0 2 5  0.0000001833
3 0 6 5  -0.0398041661
3 1 3 5  0.0000001833
3 1 7 5  -0.0398041661
3 2 0 5  0.0000001833
3 2 4 5  0.0401536127
3 3 1 5  0.0000001833
3 3 5 5  0.0401536127
3 4 2 5  0.0401536127
3 4 6 5  -0.0000002014
3 5 3 5  0.0401536127
3 5 7 5  -0.0000002014
3 6 0 5  -0.0398041661
3 6 4 5  -0.0000002014
3 7 1 5  -0.0398041661
3 7 5 5  -0.0000002014
3 0 0 7  0.0000001939
3 0 4 7  -0.0675225183
3 1 1 7  0.0000001939
3 1 5 7  -0.0675225183
3 2 2 7  -0.0000001989
3 2 6 7  0.0741886140
3 3 3 7  -0.0000001989
3 3 7 7  0.0741886140
3 4 0 7  -0.0675225183
3 4 4 7  -0.0000002114
3 5 1 7  -0.0675225183
3 5 5 7  -0.0000002114
3 6 2 7  0.0741886140
3 6 6 7  0.0000001824
3 7 3 7  0.0741886140
3 7 7 7  0.0000001824
4 0 0 0  -0.0000001881
4 0 4 0  0.0681322188
4 1 1 0  -0.0000001881
4 1 5 0  0.0681322188
4 2 2 0  0.0000001873
4 2 6 0  -0.0675225183
4 3 3 0  0.0000001873
4 3 7 0  -0.0675225183
4 4 0 0  0.0681322188
4 4 4 0  0.0000001918
4 5 1 0  0.0681322188
4 5 5 0  0.0000001918
4 6 2 0  -0.0675225183
4 6 6 0  -0.0000001849
4 7 3 0  -0.0675225183
4 7 7 0  -0.0000001849
4 0 2 2  0.0000001833
4 0 6 2  -0.0398041661
4 1 3 2  0.0000001833
4 1 7 2  -0.0398041661
4 2 0 2  0.0000001833
4 2 4 2  0.0401536127
4 3 1 2  0.0000001833
4 3 5 2  0.0401536127
4 4 2 2  0.0401536127
4 4 6 2  -0.0000002014
4 5 3 2  0.0401536127
4 5 7 2  -0.0000002014
4 6 0 2  -0.0398041661
4 6 4 2  -0.0000002014
4 7 1 2  -0.0398041661
4 7 5 2  -0.0000002014
4 0 0 4  0.2522722297
4 0 4 4  0.0000001918
4 1 1 4  0.2522722297
4 1 5 4  0.0000001918
4 2 2 4  0.2468121255
4 2 6 4  -0.0000002114
4 3 3 4  0.2468121255
4 3 7 4  -0.0000002114
4 4 0 4  0.0000001918
4 4 4 4  0.2566863306
4 5 1 4  0.0000001918
4 5 5 4  0.2566863306
4 6 2 4  -0.0000002114
4 6 6 4  0.2581451198
4 7 3 4  -0.0000002114
4 7 7 4  0.2581451198
4 0 2 6  -0.0675225183
4 0 6 6  -0.0000001932
4 1 3 6  -0.0675225183
4 1 7 6  -0.0000001932
4 2 0 6  -0.0675225183
4 2 4 6  -0.0000002014
4 3 1 6  -0.0675225183
4 3 5 6  -0.0000002014
4 4 2 6  -0.0000002014
4 4 6 6  0.0741886139
4 5 3 6  -0.0000002014
4 5 7 6  0.0741886139
4 6 0 6  -0.0000001932
4 6 4 6  0.0741886139
4 7 1 6  -0.0000001932
4 7 5 6  0.0741886139
5 0 0 1  -0.0000001881
5 0 4 1  0.0681322188
5 1 1 1  -0.0000001881
5 1 5 1  0.0681322188
5 2 2 1  0.0000001873
5 2 6 1  -0.0675225183
5 3 3 1  0.0000001873
5 3 7 1  -0.0675225183
5 4 0 1  0.0681322188
5 4 4 1  0.0000001918
5 5 1 1  0.0681322188
5 5 5 1  0.0000001918
5 6 2 1  -0.0675225183
5 6 6 1  -0.0000001849
5 7 3 1  -0.0675225183
5 7 7 1  -0.0000001849
5 0 2 3  0.0000001833
5 0 6 3  -0.0398041661
5 1 3 3  0.0000001833
5 1 7 3  -0.0398041661
5 2 0 3  0.0000001833
5 2 4 3  0.0401536127
5 3 1 3  0.0000001833
5 3 5 3  0.0401536127
5 4 2 3  0.0401536127
5 4 6 3  -0.0000002014
5 5 3 3  0.0401536127
5 5 7 3  -0.0000002014
5 6 0 3  -0.0398041661
5 6 4 3  -0.0000002014
5 7 1 3  -0.0398041661
5 7 5 3  -0.0000002014
5 0 0 5  0.2522722297
5 0 4 5  0.0000001918
5 1 1 5  0.2522722297
5 1 5 5  0.0000001918
5 2 2 5  0.2468121255
5 2 6 5  -0.0000002114
5 3 3 5  0.2468121255
5 3 7 5  -0.0000002114
5 4 0 5  0.0000001918
5 4 4 5  0.2566863306
5 5 1 5  0.0000001918
5 5 5 5  0.2566863306
5 6 2 5  -0.0000002114
5 6 6 5  0.2581451198
5 7 3 5  -0.0000002114
5 7 7 5  0.2581451198
5 0 2 7  -0.0675225183
5 0 6 7  -0.0000001932
5 1 3 7  -0.0675225183
5 1 7 7  -0.0000001932
5 2 0 7  -0.0675225183
5 2 4 7  -0.0000002014
5 3 1 7  -0.0675225183
5 3 5 7  -0.0000002014
5 4 2 7  -0.0000002014
5 4 6 7  0.0741886139
5 5 3 7  -0.0000002014
5 5 7 7  0.0741886139
5 6 0 7  -0.0000001932
5 6 4 7  0.0741886139
5 7 1 7  -0.0000001932
5 7 5 7  0.0741886139
6 0 2 0  0.0000001944
6 0 6 0  0.0394812189
6 1 3 0  0.0000001944
6 1 7 0  0.0394812189
6 2 0 0  0.0000001944
6 2 4 0  -0.0398041661
6 3 1 0  0.0000001944
6 3 5 0  -0.0398041661
6 4 2 0  -0.0398041661
6 4 6 0  -0.0000001932
6 5 3 0  -0.0398041661
6 5 7 0  -0.0000001932
6 6 0 0  0.0394812189
6 6 4 0  -0.0000001932
6 7 1 0  0.0394812189
6 7 5 0  -0.0000001932
6 0 0 2  0.0000001939
6 0 4 2  -0.0675225183
6 1 1 2  0.0000001939
6 1 5 2  -0.0675225183
6 2 2 2  -0.0000001989
6 2 6 2  0.0741886140
6 3 3 2  -0.0000001989
6 3 7 2  0.0741886140
6 4 0 2  -0.0675225183
6 4 4 2  -0.0000002114
6 5 1 2  -0.0675225183
6 5 5 2  -0.0000002114
6 6 2 2  0.0741886140
6 6 6 2  0.0000001824
6 7 3 2  0.0741886140
6 7 7 2  0.0000001824
6 0 2 4  -0.0675225183
6 0 6 4  -0.0000001932
6 1 3 4  -0.0675225183
6 1 7 4  -0.0000001932
6 2 0 4  -0.0675225183
6 2 4 4  -0.0000002014
6 3 1 4  -0.0675225183
6 3 5 4  -0.0000002014
6 4 2 4  -0.0000002014
6 4 6 4  0.0741886139
6 5 3 4  -0.0000002014
6 5 7 4  0.0741886139
6 6 0 4  -0.0000001932
6 6 4 4  0.0741886139
6 7 1 4  -0.0000001932
6 7 5 4  0.0741886139
6 0 0 6  0.2544481758
6 0 4 6  -0.0000001849
6 1 1 6  0.2544481758
6 1 5 6  -0.0000001849
6 2 2 6  0.2581451202
6 2 6 6  0.0000001824
6 3 3 6  0.2581451202
6 3 7 6  0.0000001824
6 4 0 6  -0.0000001849
6 4 4 6  0.2581451198
6 5 1 6  -0.0000001849
6 5 5 6  0.2581451198
6 6 2 6  0.0000001824
6 6 6 6  0.2694278608
6 7 3 6  0.0000001824
6 7 7 6  0.2694278608
7 0 2 1  0.0000001944
7 0 6 1  0.0394812189
7 1 3 1  0.0000001944
7 1 7 1  0.0394812189
7 2 0 1  0.0000001944
7 2 4 1  -0.0398041661
7 3 1 1  0.0000001944
7 3 5 1  -0.0398041661
7 4 2 1  -0.0398041661
7 4 6 1  -0.0000001932
7 5 3 1  -0.0398041661
7 5 7 1  -0.0000001932
7 6 0 1  0.0394812189
7 6 4 1  -0.0000001932
7 7 1 1  0.0394812189
7 7 5 1  -0.0000001932
7 0 0 3  0.0000001939
7 0 4 3  -0.0675225183
7 1 1 3  0.0000001939
7 1 5 3  -0.0675225183
7 2 2 3  -0.0000001989
7 2 6 3  0.0741886140
7 3 3 3  -0.0000001989
7 3 7 3  0.0741886140
7 4 0 3  -0.0675225183
7 4 4 3  -0.0000002114
7 5 1 3  -0.0675225183
7 5 5 3  -0.0000002114
7 6 2 3  0.0741886140
7 6 6 3  0.0000001824
7 7 3 3  0.0741886140
7 7 7 3  0.0000001824
7 0 2 5  -0.0675225183
7 0 6 5  -0.0000001932
7 1 3 5  -0.0675225183
7 1 7 5  -0.0000001932
7 2 0 5  -0.0675225183
7 2 4 5  -0.0000002014
7 3 1 5  -0.0675225183
7 3 5 5  -0.0000002014
7 4 2 5  -0.0000002014
7 4 6 5  0.0741886139
7 5 3 5  -0.0000002014
7 5 7 5  0.0741886139
7 6 0 5  -0.0000001932
7 6 4 5  0.0741886139
7 7 1 5  -0.0000001932
7 7 5 5  0.0741886139
7 0 0 7  0.2544481758
7 0 4 7  -0.0000001849
7 1 1 7  0.2544481758
7 1 5 7  -0.0000001849
7 2 2 7  0.2581451202
7 2 6 7  0.0000001824
7 3 3 7  0.2581451202
7 3 7 7  0.0000001824
7 4 0 7  -0.0000001849
7 4 4 7  0.2581451198
7 5 1 7  -0.0000001849
7 5 5 7  0.2581451198
7 6 2 7  0.0000001824
7 6 6 7  0.2694278608
7 7 3 7  0.0000001824
7 7 7 7  0.2694278608

 E(FCI) = -1.9394307222

 E(HF)  = -1.7767693784
