 MO Integrals

2.3484709654
0 0  -1.8728657452
0 2  0.0599936955
0 4  0.0599936955
1 1  -1.8728657452
1 3  0.0599936955
1 5  0.0599936955
2 0  0.0599936955
2 2  -1.4416095417
2 4  0.1183992504
2 6  0.0552240253
3 1  0.0599936955
3 3  -1.4416095417
3 5  0.1183992504
3 7  0.0552240253
4 0  0.0599936955
4 2  0.1183992504
4 4  -1.4416095417
4 6  -0.0552240253
5 1  0.0599936955
5 3  0.1183992504
5 5  -1.4416095417
5 7  -0.0552240253
6 2  0.0552240253
6 4  -0.0552240253
6 6  -1.0399209949
7 3  0.0552240253
7 5  -0.0552240253
7 7  -1.0399209949
0 0 0 0  0.2514623559
0 0 2 0  -0.0226074095
0 0 4 0  -0.0226074095
0 1 1 0  0.2514623559
0 1 3 0  -0.0226074095
0 1 5 0  -0.0226074095
0 2 0 0  -0.0226074095
0 2 2 0  0.2265137907
0 2 4 0  0.0011049762
0 2 6 0  -0.0223292344
0 3 1 0  -0.0226074095
0 3 3 0  0.2265137907
0 3 5 0  0.0011049762
0 3 7 0  -0.0223292344
0 4 0 0  -0.0226074095
0 4 2 0  0.0011049762
0 4 4 0  0.2265137907
0 4 6 0  0.0223292344
0 5 1 0  -0.0226074095
0 5 3 0  0.0011049762
0 5 5 0  0.2265137907
0 5 7 0  0.0223292344
0 6 2 0  -0.0223292344
0 6 4 0  0.0223292344
0 6 6 0  0.2538823830
0 7 3 0  -0.0223292344
0 7 5 0  0.0223292344
0 7 7 0  0.2538823830
0 0 0 2  -0.0226074095
0 0 2 2  0.0626111114
0 0 4 2  -0.0075884666
0 0 6 2  -0.0140419436
0 1 1 2  -0.0226074095
0 1 3 2  0.0626111114
0 1 5 2  -0.0075884666
0 1 7 2  -0.0140419436
0 2 0 2  0.0626111114
0 2 2 2  0.0311260448
0 2 4 2  -0.0035753415
0 2 6 2  0.0605873059
0 3 1 2  0.0626111114
0 3 3 2  0.0311260448
0 3 5 2  -0.0035753415
0 3 7 2  0.0605873059
0 4 0 2  -0.0075884666
0 4 2 2  -0.0035753415
0 4 4 2  -0.0218495539
0 4 6 2  0.0083088473
0 5 1 2  -0.0075884666
0 5 3 2  -0.0035753415
0 5 5 2  -0.0218495539
0 5 7 2  0.0083088473
0 6 0 2  -0.0140419436
0 6 2 2  0.0605873059
0 6 4 2  0.0083088473
0 6 6 2  -0.0259678730
0 7 1 2  -0.0140419436
0 7 3 2  0.0605873059
0 7 5 2  0.0083088473
0 7 7 2  -0.0259678730
0 0 0 4  -0.0226074095
0 0 2 4  -0.0075884666
0 0 4 4  0.0626111114
0 0 6 4  0.0140419436
0 1 1 4  -0.0226074095
0 1 3 4  -0.0075884666
0 1 5 4  0.0626111114
0 1 7 4  0.0140419436
0 2 0 4  -0.0075884666
0 2 2 4  -0.0218495539
0 2 4 4  -0.0035753415
0 2 6 4  -0.0083088473
0 3 1 4  -0.0075884666
0 3 3 4  -0.0218495539
0 3 5 4  -0.0035753415
0 3 7 4  -0.0083088473
0 4 0 4  0.0626111114
0 4 2 4  -0.0035753415
0 4 4 4  0.0311260448
0 4 6 4  -0.0605873059
0 5 1 4  0.0626111114
0 5 3 4  -0.0035753415
0 5 5 4  0.0311260448
0 5 7 4  -0.0605873059
0 6 0 4  0.0140419436
0 6 2 4  -0.0083088473
0 6 4 4  -0.0605873059
0 6 6 4  -0.0259678730
0 7 1 4  0.0140419436
0 7 3 4  -0.0083088473
0 7 5 4  -0.0605873059
0 7 7 4  -0.0259678730
0 0 2 6  -0.0140419436
0 0 4 6  0.0140419436
0 0 6 6  0.0481412858
0 1 3 6  -0.0140419436
0 1 5 6  0.0140419436
0 1 7 6  0.0481412858
0 2 0 6  -0.0140419436
0 2 2 6  0.0309773418
0 2 6 6  -0.0157085580
0 3 1 6  -0.0140419436
0 3 3 6  0.0309773418
0 3 7 6  -0.0157085580
0 4 0 6  0.0140419436
0 4 4 6  -0.0309773418
0 4 6 6  -0.0157085580
0 5 1 6  0.0140419436
0 5 5 6  -0.0309773418
0 5 7 6  -0.0157085580
0 6 0 6  0.0481412858
0 6 2 6  -0.0157085580
0 6 4 6  -0.0157085580
0 7 1 6  0.0481412858
0 7 3 6  -0.0157085580
0 7 5 6  -0.0157085580
1 0 0 1  0.2514623559
1 0 2 1  -0.0226074095
1 0 4 1  -0.0226074095
1 1 1 1  0.2514623559
1 1 3 1  -0.0226074095
1 1 5 1  -0.0226074095
1 2 0 1  -0.0226074095
1 2 2 1  0.2265137907
1 2 4 1  0.0011049762
1 2 6 1  -0.0223292344
1 3 1 1  -0.0226074095
1 3 3 1  0.2265137907
1 3 5 1  0.0011049762
1 3 7 1  -0.0223292344
1 4 0 1  -0.0226074095
1 4 2 1  0.0011049762
1 4 4 1  0.2265137907
1 4 6 1  0.0223292344
1 5 1 1  -0.0226074095
1 5 3 1  0.0011049762
1 5 5 1  0.2265137907
1 5 7 1  0.0223292344
1 6 2 1  -0.0223292344
1 6 4 1  0.0223292344
1 6 6 1  0.2538823830
1 7 3 1  -0.0223292344
1 7 5 1  0.0223292344
1 7 7 1  0.2538823830
1 0 0 3  -0.0226074095
1 0 2 3  0.0626111114
1 0 4 3  -0.0075884666
1 0 6 3  -0.0140419436
1 1 1 3  -0.0226074095
1 1 3 3  0.0626111114
1 1 5 3  -0.0075884666
1 1 7 3  -0.0140419436
1 2 0 3  0.0626111114
1 2 2 3  0.0311260448
1 2 4 3  -0.0035753415
1 2 6 3  0.0605873059
1 3 1 3  0.0626111114
1 3 3 3  0.0311260448
1 3 5 3  -0.0035753415
1 3 7 3  0.0605873059
1 4 0 3  -0.0075884666
1 4 2 3  -0.0035753415
1 4 4 3  -0.0218495539
1 4 6 3  0.0083088473
1 5 1 3  -0.0075884666
1 5 3 3  -0.0035753415
1 5 5 3  -0.0218495539
1 5 7 3  0.0083088473
1 6 0 3  -0.0140419436
1 6 2 3  0.0605873059
1 6 4 3  0.0083088473
1 6 6 3  -0.0259678730
1 7 1 3  -0.0140419436
1 7 3 3  0.0605873059
1 7 5 3  0.0083088473
1 7 7 3  -0.0259678730
1 0 0 5  -0.0226074095
1 0 2 5  -0.0075884666
1 0 4 5  0.0626111114
1 0 6 5  0.0140419436
1 1 1 5  -0.0226074095
1 1 3 5  -0.0075884666
1 1 5 5  0.0626111114
1 1 7 5  0.0140419436
1 2 0 5  -0.0075884666
1 2 2 5  -0.0218495539
1 2 4 5  -0.0035753415
1 2 6 5  -0.0083088473
1 3 1 5  -0.0075884666
1 3 3 5  -0.0218495539
1 3 5 5  -0.0035753415
1 3 7 5  -0.0083088473
1 4 0 5  0.0626111114
1 4 2 5  -0.0035753415
1 4 4 5  0.0311260448
1 4 6 5  -0.0605873059
1 5 1 5  0.0626111114
1 5 3 5  -0.0035753415
1 5 5 5  0.0311260448
1 5 7 5  -0.0605873059
1 6 0 5  0.0140419436
1 6 2 5  -0.0083088473
1 6 4 5  -0.0605873059
1 6 6 5  -0.0259678730
1 7 1 5  0.0140419436
1 7 3 5  -0.0083088473
1 7 5 5  -0.0605873059
1 7 7 5  -0.0259678730
1 0 2 7  -0.0140419436
1 0 4 7  0.0140419436
1 0 6 7  0.0481412858
1 1 3 7  -0.0140419436
1 1 5 7  0.0140419436
1 1 7 7  0.0481412858
1 2 0 7  -0.0140419436
1 2 2 7  0.0309773418
1 2 6 7  -0.0157085580
1 3 1 7  -0.0140419436
1 3 3 7  0.0309773418
1 3 7 7  -0.0157085580
1 4 0 7  0.0140419436
1 4 4 7  -0.0309773418
1 4 6 7  -0.0157085580
1 5 1 7  0.0140419436
1 5 5 7  -0.0309773418
1 5 7 7  -0.0157085580
1 6 0 7  0.0481412858
1 6 2 7  -0.0157085580
1 6 4 7  -0.0157085580
1 7 1 7  0.0481412858
1 7 3 7  -0.0157085580
1 7 5 7  -0.0157085580
2 0 0 0  -0.0226074095
2 0 2 0  0.0626111114
2 0 4 0  -0.0075884666
2 0 6 0  -0.0140419436
2 1 1 0  -0.0226074095
2 1 3 0  0.0626111114
2 1 5 0  -0.0075884666
2 1 7 0  -0.0140419436
2 2 0 0  0.0626111114
2 2 2 0  0.0311260448
2 2 4 0  -0.0035753415
2 2 6 0  0.0605873059
2 3 1 0  0.0626111114
2 3 3 0  0.0311260448
2 3 5 0  -0.0035753415
2 3 7 0  0.0605873059
2 4 0 0  -0.0075884666
2 4 2 0  -0.0035753415
2 4 4 0  -0.0218495539
2 4 6 0  0.0083088473
2 5 1 0  -0.0075884666
2 5 3 0  -0.0035753415
2 5 5 0  -0.0218495539
2 5 7 0  0.0083088473
2 6 0 0  -0.0140419436
2 6 2 0  0.0605873059
2 6 4 0  0.0083088473
2 6 6 0  -0.0259678730
2 7 1 0  -0.0140419436
2 7 3 0  0.0605873059
2 7 5 0  0.0083088473
2 7 7 0  -0.0259678730
2 0 0 2  0.2265137907
2 0 2 2  0.0311260448
2 0 4 2  -0.0218495539
2 0 6 2  0.0309773418
2 1 1 2  0.2265137907
2 1 3 2  0.0311260448
2 1 5 2  -0.0218495539
2 1 7 2  0.0309773418
2 2 0 2  0.0311260448
2 2 2 2  0.2954453939
2 2 4 2  -0.0006476245
2 2 6 2  0.0308874162
2 3 1 2  0.0311260448
2 3 3 2  0.2954453939
2 3 5 2  -0.0006476245
2 3 7 2  0.0308874162
2 4 0 2  -0.0218495539
2 4 2 2  -0.0006476245
2 4 4 2  0.1724891386
2 4 6 2  0.0208664533
2 5 1 2  -0.0218495539
2 5 3 2  -0.0006476245
2 5 5 2  0.1724891386
2 5 7 2  0.0208664533
2 6 0 2  0.0309773418
2 6 2 2  0.0308874162
2 6 4 2  0.0208664533
2 6 6 2  0.2333216143
2 7 1 2  0.0309773418
2 7 3 2  0.0308874162
2 7 5 2  0.0208664533
2 7 7 2  0.2333216143
2 0 0 4  0.0011049762
2 0 2 4  -0.0035753415
2 0 4 4  -0.0035753415
2 1 1 4  0.0011049762
2 1 3 4  -0.0035753415
2 1 5 4  -0.0035753415
2 2 0 4  -0.0035753415
2 2 2 4  -0.0006476245
2 2 4 4  0.0029382092
2 2 6 4  -0.0011679010
2 3 1 4  -0.0035753415
2 3 3 4  -0.0006476245
2 3 5 4  0.0029382092
2 3 7 4  -0.0011679010
2 4 0 4  -0.0035753415
2 4 2 4  0.0029382092
2 4 4 4  -0.0006476245
2 4 6 4  0.0011679010
2 5 1 4  -0.0035753415
2 5 3 4  0.0029382092
2 5 5 4  -0.0006476245
2 5 7 4  0.0011679010
2 6 2 4  -0.0011679010
2 6 4 4  0.0011679010
2 6 6 4  0.0026563477
2 7 3 4  -0.0011679010
2 7 5 4  0.0011679010
2 7 7 4  0.0026563477
2 0 0 6  -0.0223292344
2 0 2 6  0.0605873059
2 0 4 6  -0.0083088473
2 0 6 6  -0.0157085580
2 1 1 6  -0.0223292344
2 1 3 6  0.0605873059
2 1 5 6  -0.0083088473
2 1 7 6  -0.0157085580
2 2 0 6  0.0605873059
2 2 2 6  0.0308874162
2 2 4 6  -0.0011679010
2 2 6 6  0.0656063929
2 3 1 6  0.0605873059
2 3 3 6  0.0308874162
2 3 5 6  -0.0011679010
2 3 7 6  0.0656063929
2 4 0 6  -0.0083088473
2 4 2 6  -0.0011679010
2 4 4 6  -0.0208664533
2 4 6 6  0.0100663222
2 5 1 6  -0.0083088473
2 5 3 6  -0.0011679010
2 5 5 6  -0.0208664533
2 5 7 6  0.0100663222
2 6 0 6  -0.0157085580
2 6 2 6  0.0656063929
2 6 4 6  0.0100663222
2 6 6 6  -0.0267197940
2 7 1 6  -0.0157085580
2 7 3 6  0.0656063929
2 7 5 6  0.0100663222
2 7 7 6  -0.0267197940
3 0 0 1  -0.0226074095
3 0 2 1  0.0626111114
3 0 4 1  -0.0075884666
3 0 6 1  -0.0140419436
3 1 1 1  -0.0226074095
3 1 3 1  0.0626111114
3 1 5 1  -0.0075884666
3 1 7 1  -0.0140419436
3 2 0 1  0.0626111114
3 2 2 1  0.0311260448
3 2 4 1  -0.0035753415
3 2 6 1  0.0605873059
3 3 1 1  0.0626111114
3 3 3 1  0.0311260448
3 3 5 1  -0.0035753415
3 3 7 1  0.0605873059
3 4 0 1  -0.0075884666
3 4 2 1  -0.0035753415
3 4 4 1  -0.0218495539
3 4 6 1  0.0083088473
3 5 1 1  -0.0075884666
3 5 3 1  -0.0035753415
3 5 5 1  -0.0218495539
3 5 7 1  0.0083088473
3 6 0 1  -0.0140419436
3 6 2 1  0.0605873059
3 6 4 1  0.0083088473
3 6 6 1  -0.0259678730
3 7 1 1  -0.0140419436
3 7 3 1  0.0605873059
3 7 5 1  0.0083088473
3 7 7 1  -0.0259678730
3 0 0 3  0.2265137907
3 0 2 3  0.0311260448
3 0 4 3  -0.0218495539
3 0 6 3  0.0309773418
3 1 1 3  0.2265137907
3 1 3 3  0.0311260448
3 1 5 3  -0.0218495539
3 1 7 3  0.0309773418
3 2 0 3  0.0311260448
3 2 2 3  0.2954453939
3 2 4 3  -0.0006476245
3 2 6 3  0.0308874162
3 3 1 3  0.0311260448
3 3 3 3  0.2954453939
3 3 5 3  -0.0006476245
3 3 7 3  0.0308874162
3 4 0 3  -0.0218495539
3 4 2 3  -0.0006476245
3 4 4 3  0.1724891386
3 4 6 3  0.0208664533
3 5 1 3  -0.0218495539
3 5 3 3  -0.0006476245
3 5 5 3  0.1724891386
3 5 7 3  0.0208664533
3 6 0 3  0.0309773418
3 6 2 3  0.0308874162
3 6 4 3  0.0208664533
3 6 6 3  0.2333216143
3 7 1 3  0.0309773418
3 7 3 3  0.0308874162
3 7 5 3  0.0208664533
3 7 7 3  0.2333216143
3 0 0 5  0.0011049762
3 0 2 5  -0.0035753415
3 0 4 5  -0.0035753415
3 1 1 5  0.0011049762
3 1 3 5  -0.0035753415
3 1 5 5  -0.0035753415
3 2 0 5  -0.0035753415
3 2 2 5  -0.0006476245
3 2 4 5  0.0029382092
3 2 6 5  -0.0011679010
3 3 1 5  -0.0035753415
3 3 3 5  -0.0006476245
3 3 5 5  0.0029382092
3 3 7 5  -0.0011679010
3 4 0 5  -0.0035753415
3 4 2 5  0.0029382092
3 4 4 5  -0.0006476245
3 4 6 5  0.0011679010
3 5 1 5  -0.0035753415
3 5 3 5  0.0029382092
3 5 5 5  -0.0006476245
3 5 7 5  0.0011679010
3 6 2 5  -0.0011679010
3 6 4 5  0.0011679010
3 6 6 5  0.0026563477
3 7 3 5  -0.0011679010
3 7 5 5  0.0011679010
3 7 7 5  0.0026563477
3 0 0 7  -0.0223292344
3 0 2 7  0.0605873059
3 0 4 7  -0.0083088473
3 0 6 7  -0.0157085580
3 1 1 7  -0.0223292344
3 1 3 7  0.0605873059
3 1 5 7  -0.0083088473
3 1 7 7  -0.0157085580
3 2 0 7  0.0605873059
3 2 2 7  0.0308874162
3 2 4 7  -0.0011679010
3 2 6 7  0.0656063929
3 3 1 7  0.0605873059
3 3 3 7  0.0308874162
3 3 5 7  -0.0011679010
3 3 7 7  0.0656063929
3 4 0 7  -0.0083088473
3 4 2 7  -0.0011679010
3 4 4 7  -0.0208664533
3 4 6 7  0.0100663222
3 5 1 7  -0.0083088473
3 5 3 7  -0.0011679010
3 5 5 7  -0.0208664533
3 5 7 7  0.0100663222
3 6 0 7  -0.0157085580
3 6 2 7  0.0656063929
3 6 4 7  0.0100663222
3 6 6 7  -0.0267197940
3 7 1 7  -0.0157085580
3 7 3 7  0.0656063929
3 7 5 7  0.0100663222
3 7 7 7  -0.0267197940
4 0 0 0  -0.0226074095
4 0 2 0  -0.0075884666
4 0 4 0  0.0626111114
4 0 6 0  0.0140419436
4 1 1 0  -0.0226074095
4 1 3 0  -0.0075884666
4 1 5 0  0.0626111114
4 1 7 0  0.0140419436
4 2 0 0  -0.0075884666
4 2 2 0  -0.0218495539
4 2 4 0  -0.0035753415
4 2 6 0  -0.0083088473
4 3 1 0  -0.0075884666
4 3 3 0  -0.0218495539
4 3 5 0  -0.0035753415
4 3 7 0  -0.0083088473
4 4 0 0  0.0626111114
4 4 2 0  -0.0035753415
4 4 4 0  0.0311260448
4 4 6 0  -0.0605873059
4 5 1 0  0.0626111114
4 5 3 0  -0.0035753415
4 5 5 0  0.0311260448
4 5 7 0  -0.0605873059
4 6 0 0  0.0140419436
4 6 2 0  -0.0083088473
4 6 4 0  -0.0605873059
4 6 6 0  -0.0259678730
4 7 1 0  0.0140419436
4 7 3 0  -0.0083088473
4 7 5 0  -0.0605873059
4 7 7 0  -0.0259678730
4 0 0 2  0.0011049762
4 0 2 2  -0.0035753415
4 0 4 2  -0.0035753415
4 1 1 2  0.0011049762
4 1 3 2  -0.0035753415
4 1 5 2  -0.0035753415
4 2 0 2  -0.0035753415
4 2 2 2  -0.0006476245
4 2 4 2  0.0029382092
4 2 6 2  -0.0011679010
4 3 1 2  -0.0035753415
4 3 3 2  -0.0006476245
4 3 5 2  0.0029382092
4 3 7 2  -0.0011679010
4 4 0 2  -0.0035753415
4 4 2 2  0.0029382092
4 4 4 2  -0.0006476245
4 4 6 2  0.0011679010
4 5 1 2  -0.0035753415
4 5 3 2  0.0029382092
4 5 5 2  -0.0006476245
4 5 7 2  0.0011679010
4 6 2 2  -0.0011679010
4 6 4 2  0.0011679010
4 6 6 2  0.0026563477
4 7 3 2  -0.0011679010
4 7 5 2  0.0011679010
4 7 7 2  0.0026563477
4 0 0 4  0.2265137907
4 0 2 4  -0.0218495539
4 0 4 4  0.0311260448
4 0 6 4  -0.0309773418
4 1 1 4  0.2265137907
4 1 3 4  -0.0218495539
4 1 5 4  0.0311260448
4 1 7 4  -0.0309773418
4 2 0 4  -0.0218495539
4 2 2 4  0.1724891386
4 2 4 4  -0.0006476245
4 2 6 4  -0.0208664533
4 3 1 4  -0.0218495539
4 3 3 4  0.1724891386
4 3 5 4  -0.0006476245
4 3 7 4  -0.0208664533
4 4 0 4  0.0311260448
4 4 2 4  -0.0006476245
4 4 4 4  0.2954453939
4 4 6 4  -0.0308874162
4 5 1 4  0.0311260448
4 5 3 4  -0.0006476245
4 5 5 4  0.2954453939
4 5 7 4  -0.0308874162
4 6 0 4  -0.0309773418
4 6 2 4  -0.0208664533
4 6 4 4  -0.0308874162
4 6 6 4  0.2333216143
4 7 1 4  -0.0309773418
4 7 3 4  -0.0208664533
4 7 5 4  -0.0308874162
4 7 7 4  0.2333216143
4 0 0 6  0.0223292344
4 0 2 6  0.0083088473
4 0 4 6  -0.0605873059
4 0 6 6  -0.0157085580
4 1 1 6  0.0223292344
4 1 3 6  0.0083088473
4 1 5 6  -0.0605873059
4 1 7 6  -0.0157085580
4 2 0 6  0.0083088473
4 2 2 6  0.0208664533
4 2 4 6  0.0011679010
4 2 6 6  0.0100663222
4 3 1 6  0.0083088473
4 3 3 6  0.0208664533
4 3 5 6  0.0011679010
4 3 7 6  0.0100663222
4 4 0 6  -0.0605873059
4 4 2 6  0.0011679010
4 4 4 6  -0.0308874162
4 4 6 6  0.0656063929
4 5 1 6  -0.0605873059
4 5 3 6  0.0011679010
4 5 5 6  -0.0308874162
4 5 7 6  0.0656063929
4 6 0 6  -0.0157085580
4 6 2 6  0.0100663222
4 6 4 6  0.0656063929
4 6 6 6  0.0267197940
4 7 1 6  -0.0157085580
4 7 3 6  0.0100663222
4 7 5 6  0.0656063929
4 7 7 6  0.0267197940
5 0 0 1  -0.0226074095
5 0 2 1  -0.0075884666
5 0 4 1  0.0626111114
5 0 6 1  0.0140419436
5 1 1 1  -0.0226074095
5 1 3 1  -0.0075884666
5 1 5 1  0.0626111114
5 1 7 1  0.0140419436
5 2 0 1  -0.0075884666
5 2 2 1  -0.0218495539
5 2 4 1  -0.0035753415
5 2 6 1  -0.0083088473
5 3 1 1  -0.0075884666
5 3 3 1  -0.0218495539
5 3 5 1  -0.0035753415
5 3 7 1  -0.0083088473
5 4 0 1  0.0626111114
5 4 2 1  -0.0035753415
5 4 4 1  0.0311260448
5 4 6 1  -0.0605873059
5 5 1 1  0.0626111114
5 5 3 1  -0.0035753415
5 5 5 1  0.0311260448
5 5 7 1  -0.0605873059
5 6 0 1  0.0140419436
5 6 2 1  -0.0083088473
5 6 4 1  -0.0605873059
5 6 6 1  -0.0259678730
5 7 1 1  0.0140419436
5 7 3 1  -0.0083088473
5 7 5 1  -0.0605873059
5 7 7 1  -0.0259678730
5 0 0 3  0.0011049762
5 0 2 3  -0.0035753415
5 0 4 3  -0.0035753415
5 1 1 3  0.0011049762
5 1 3 3  -0.0035753415
5 1 5 3  -0.0035753415
5 2 0 3  -0.0035753415
5 2 2 3  -0.0006476245
5 2 4 3  0.0029382092
5 2 6 3  -0.0011679010
5 3 1 3  -0.0035753415
5 3 3 3  -0.0006476245
5 3 5 3  0.0029382092
5 3 7 3  -0.0011679010
5 4 0 3  -0.0035753415
5 4 2 3  0.0029382092
5 4 4 3  -0.0006476245
5 4 6 3  0.0011679010
5 5 1 3  -0.0035753415
5 5 3 3  0.0029382092
5 5 5 3  -0.0006476245
5 5 7 3  0.0011679010
5 6 2 3  -0.0011679010
5 6 4 3  0.0011679010
5 6 6 3  0.0026563477
5 7 3 3  -0.0011679010
5 7 5 3  0.0011679010
5 7 7 3  0.0026563477
5 0 0 5  0.2265137907
5 0 2 5  -0.0218495539
5 0 4 5  0.0311260448
5 0 6 5  -0.0309773418
5 1 1 5  0.2265137907
5 1 3 5  -0.0218495539
5 1 5 5  0.0311260448
5 1 7 5  -0.0309773418
5 2 0 5  -0.0218495539
5 2 2 5  0.1724891386
5 2 4 5  -0.0006476245
5 2 6 5  -0.0208664533
5 3 1 5  -0.0218495539
5 3 3 5  0.1724891386
5 3 5 5  -0.0006476245
5 3 7 5  -0.0208664533
5 4 0 5  0.0311260448
5 4 2 5  -0.0006476245
5 4 4 5  0.2954453939
5 4 6 5  -0.0308874162
5 5 1 5  0.0311260448
5 5 3 5  -0.0006476245
5 5 5 5  0.2954453939
5 5 7 5  -0.0308874162
5 6 0 5  -0.0309773418
5 6 2 5  -0.0208664533
5 6 4 5  -0.0308874162
5 6 6 5  0.2333216143
5 7 1 5  -0.0309773418
5 7 3 5  -0.0208664533
5 7 5 5  -0.0308874162
5 7 7 5  0.2333216143
5 0 0 7  0.0223292344
5 0 2 7  0.0083088473
5 0 4 7  -0.0605873059
5 0 6 7  -0.0157085580
5 1 1 7  0.0223292344
5 1 3 7  0.0083088473
5 1 5 7  -0.0605873059
5 1 7 7  -0.0157085580
5 2 0 7  0.0083088473
5 2 2 7  0.0208664533
5 2 4 7  0.0011679010
5 2 6 7  0.0100663222
5 3 1 7  0.0083088473
5 3 3 7  0.0208664533
5 3 5 7  0.0011679010
5 3 7 7  0.0100663222
5 4 0 7  -0.0605873059
5 4 2 7  0.0011679010
5 4 4 7  -0.0308874162
5 4 6 7  0.0656063929
5 5 1 7  -0.0605873059
5 5 3 7  0.0011679010
5 5 5 7  -0.0308874162
5 5 7 7  0.0656063929
5 6 0 7  -0.0157085580
5 6 2 7  0.0100663222
5 6 4 7  0.0656063929
5 6 6 7  0.0267197940
5 7 1 7  -0.0157085580
5 7 3 7  0.0100663222
5 7 5 7  0.0656063929
5 7 7 7  0.0267197940
6 0 2 0  -0.0140419436
6 0 4 0  0.0140419436
6 0 6 0  0.0481412858
6 1 3 0  -0.0140419436
6 1 5 0  0.0140419436
6 1 7 0  0.0481412858
6 2 0 0  -0.0140419436
6 2 2 0  0.0309773418
6 2 6 0  -0.0157085580
6 3 1 0  -0.0140419436
6 3 3 0  0.0309773418
6 3 7 0  -0.0157085580
6 4 0 0  0.0140419436
6 4 4 0  -0.0309773418
6 4 6 0  -0.0157085580
6 5 1 0  0.0140419436
6 5 5 0  -0.0309773418
6 5 7 0  -0.0157085580
6 6 0 0  0.0481412858
6 6 2 0  -0.0157085580
6 6 4 0  -0.0157085580
6 7 1 0  0.0481412858
6 7 3 0  -0.0157085580
6 7 5 0  -0.0157085580
6 0 0 2  -0.0223292344
6 0 2 2  0.0605873059
6 0 4 2  -0.0083088473
6 0 6 2  -0.0157085580
6 1 1 2  -0.0223292344
6 1 3 2  0.0605873059
6 1 5 2  -0.0083088473
6 1 7 2  -0.0157085580
6 2 0 2  0.0605873059
6 2 2 2  0.0308874162
6 2 4 2  -0.0011679010
6 2 6 2  0.0656063929
6 3 1 2  0.0605873059
6 3 3 2  0.0308874162
6 3 5 2  -0.0011679010
6 3 7 2  0.0656063929
6 4 0 2  -0.0083088473
6 4 2 2  -0.0011679010
6 4 4 2  -0.0208664533
6 4 6 2  0.0100663222
6 5 1 2  -0.0083088473
6 5 3 2  -0.0011679010
6 5 5 2  -0.0208664533
6 5 7 2  0.0100663222
6 6 0 2  -0.0157085580
6 6 2 2  0.0656063929
6 6 4 2  0.0100663222
6 6 6 2  -0.0267197940
6 7 1 2  -0.0157085580
6 7 3 2  0.0656063929
6 7 5 2  0.0100663222
6 7 7 2  -0.0267197940
6 0 0 4  0.0223292344
6 0 2 4  0.0083088473
6 0 4 4  -0.0605873059
6 0 6 4  -0.0157085580
6 1 1 4  0.0223292344
6 1 3 4  0.0083088473
6 1 5 4  -0.0605873059
6 1 7 4  -0.0157085580
6 2 0 4  0.0083088473
6 2 2 4  0.0208664533
6 2 4 4  0.0011679010
6 2 6 4  0.0100663222
6 3 1 4  0.0083088473
6 3 3 4  0.0208664533
6 3 5 4  0.0011679010
6 3 7 4  0.0100663222
6 4 0 4  -0.0605873059
6 4 2 4  0.0011679010
6 4 4 4  -0.0308874162
6 4 6 4  0.0656063929
6 5 1 4  -0.0605873059
6 5 3 4  0.0011679010
6 5 5 4  -0.0308874162
6 5 7 4  0.0656063929
6 6 0 4  -0.0157085580
6 6 2 4  0.0100663222
6 6 4 4  0.0656063929
6 6 6 4  0.0267197940
6 7 1 4  -0.0157085580
6 7 3 4  0.0100663222
6 7 5 4  0.0656063929
6 7 7 4  0.0267197940
6 0 0 6  0.2538823830
6 0 2 6  -0.0259678730
6 0 4 6  -0.0259678730
6 1 1 6  0.2538823830
6 1 3 6  -0.0259678730
6 1 5 6  -0.0259678730
6 2 0 6  -0.0259678730
6 2 2 6  0.2333216143
6 2 4 6  0.0026563477
6 2 6 6  -0.0267197940
6 3 1 6  -0.0259678730
6 3 3 6  0.2333216143
6 3 5 6  0.0026563477
6 3 7 6  -0.0267197940
6 4 0 6  -0.0259678730
6 4 2 6  0.0026563477
6 4 4 6  0.2333216143
6 4 6 6  0.0267197940
6 5 1 6  -0.0259678730
6 5 3 6  0.0026563477
6 5 5 6  0.2333216143
6 5 7 6  0.0267197940
6 6 2 6  -0.0267197940
6 6 4 6  0.0267197940
6 6 6 6  0.2738599565
6 7 3 6  -0.0267197940
6 7 5 6  0.0267197940
6 7 7 6  0.2738599565
7 0 2 1  -0.0140419436
7 0 4 1  0.0140419436
7 0 6 1  0.0481412858
7 1 3 1  -0.0140419436
7 1 5 1  0.0140419436
7 1 7 1  0.0481412858
7 2 0 1  -0.0140419436
7 2 2 1  0.0309773418
7 2 6 1  -0.0157085580
7 3 1 1  -0.0140419436
7 3 3 1  0.0309773418
7 3 7 1  -0.0157085580
7 4 0 1  0.0140419436
7 4 4 1  -0.0309773418
7 4 6 1  -0.0157085580
7 5 1 1  0.0140419436
7 5 5 1  -0.0309773418
7 5 7 1  -0.0157085580
7 6 0 1  0.0481412858
7 6 2 1  -0.0157085580
7 6 4 1  -0.0157085580
7 7 1 1  0.0481412858
7 7 3 1  -0.0157085580
7 7 5 1  -0.0157085580
7 0 0 3  -0.0223292344
7 0 2 3  0.0605873059
7 0 4 3  -0.0083088473
7 0 6 3  -0.0157085580
7 1 1 3  -0.0223292344
7 1 3 3  0.0605873059
7 1 5 3  -0.0083088473
7 1 7 3  -0.0157085580
7 2 0 3  0.0605873059
7 2 2 3  0.0308874162
7 2 4 3  -0.0011679010
7 2 6 3  0.0656063929
7 3 1 3  0.0605873059
7 3 3 3  0.0308874162
7 3 5 3  -0.0011679010
7 3 7 3  0.0656063929
7 4 0 3  -0.0083088473
7 4 2 3  -0.0011679010
7 4 4 3  -0.0208664533
7 4 6 3  0.0100663222
7 5 1 3  -0.0083088473
7 5 3 3  -0.0011679010
7 5 5 3  -0.0208664533
7 5 7 3  0.0100663222
7 6 0 3  -0.0157085580
7 6 2 3  0.0656063929
7 6 4 3  0.0100663222
7 6 6 3  -0.0267197940
7 7 1 3  -0.0157085580
7 7 3 3  0.0656063929
7 7 5 3  0.0100663222
7 7 7 3  -0.0267197940
7 0 0 5  0.0223292344
7 0 2 5  0.0083088473
7 0 4 5  -0.0605873059
7 0 6 5  -0.0157085580
7 1 1 5  0.0223292344
7 1 3 5  0.0083088473
7 1 5 5  -0.0605873059
7 1 7 5  -0.0157085580
7 2 0 5  0.0083088473
7 2 2 5  0.0208664533
7 2 4 5  0.0011679010
7 2 6 5  0.0100663222
7 3 1 5  0.0083088473
7 3 3 5  0.0208664533
7 3 5 5  0.0011679010
7 3 7 5  0.0100663222
7 4 0 5  -0.0605873059
7 4 2 5  0.0011679010
7 4 4 5  -0.0308874162
7 4 6 5  0.0656063929
7 5 1 5  -0.0605873059
7 5 3 5  0.0011679010
7 5 5 5  -0.0308874162
7 5 7 5  0.0656063929
7 6 0 5  -0.0157085580
7 6 2 5  0.0100663222
7 6 4 5  0.0656063929
7 6 6 5  0.0267197940
7 7 1 5  -0.0157085580
7 7 3 5  0.0100663222
7 7 5 5  0.0656063929
7 7 7 5  0.0267197940
7 0 0 7  0.2538823830
7 0 2 7  -0.0259678730
7 0 4 7  -0.0259678730
7 1 1 7  0.2538823830
7 1 3 7  -0.0259678730
7 1 5 7  -0.0259678730
7 2 0 7  -0.0259678730
7 2 2 7  0.2333216143
7 2 4 7  0.0026563477
7 2 6 7  -0.0267197940
7 3 1 7  -0.0259678730
7 3 3 7  0.2333216143
7 3 5 7  0.0026563477
7 3 7 7  -0.0267197940
7 4 0 7  -0.0259678730
7 4 2 7  0.0026563477
7 4 4 7  0.2333216143
7 4 6 7  0.0267197940
7 5 1 7  -0.0259678730
7 5 3 7  0.0026563477
7 5 5 7  0.2333216143
7 5 7 7  0.0267197940
7 6 2 7  -0.0267197940
7 6 4 7  0.0267197940
7 6 6 7  0.2738599565
7 7 3 7  -0.0267197940
7 7 5 7  0.0267197940
7 7 7 7  0.2738599565

 E(FCI) = -2.0987308637

 E(HF)  = -1.6249982287
