 MO Integrals

2.666702233
0 0  -2.0300805828
0 4  0.0066764381
1 1  -2.0300805828
1 5  0.0066764381
2 2  -1.5834257443
2 6  -0.0060953354
3 3  -1.5834257443
3 7  -0.0060953354
4 0  0.0066764381
4 4  -1.5582153232
5 1  0.0066764381
5 5  -1.5582153232
6 2  -0.0060953354
6 6  -1.0718308761
7 3  -0.0060953354
7 7  -1.0718308761
0 0 0 0  0.2576164144
0 0 4 0  -0.0041673461
0 1 1 0  0.2576164144
0 1 5 0  -0.0041673461
0 2 2 0  0.2505282534
0 2 6 0  0.0041397676
0 3 3 0  0.2505282534
0 3 7 0  0.0041397676
0 4 0 0  -0.0041673461
0 4 4 0  0.2501850788
0 5 1 0  -0.0041673461
0 5 5 0  0.2501850788
0 6 2 0  0.0041397676
0 6 6 0  0.2529129141
0 7 3 0  0.0041397676
0 7 7 0  0.2529129141
0 0 2 2  0.0688456541
0 0 6 2  0.0026818861
0 1 3 2  0.0688456541
0 1 7 2  0.0026818861
0 2 0 2  0.0688456541
0 2 4 2  0.0042518869
0 3 1 2  0.0688456541
0 3 5 2  0.0042518869
0 4 2 2  0.0042518869
0 4 6 2  -0.0682903051
0 5 3 2  0.0042518869
0 5 7 2  -0.0682903051
0 6 0 2  0.0026818861
0 6 4 2  -0.0682903051
0 7 1 2  0.0026818861
0 7 5 2  -0.0682903051
0 0 0 4  -0.0041673461
0 0 4 4  0.0670392649
0 1 1 4  -0.0041673461
0 1 5 4  0.0670392649
0 2 2 4  0.0025405440
0 2 6 4  -0.0666177662
0 3 3 4  0.0025405440
0 3 7 4  -0.0666177662
0 4 0 4  0.0670392649
0 4 4 4  0.0008284705
0 5 1 4  0.0670392649
0 5 5 4  0.0008284705
0 6 2 4  -0.0666177662
0 6 6 4  -0.0050651342
0 7 3 4  -0.0666177662
0 7 7 4  -0.0050651342
0 0 2 6  0.0026818861
0 0 6 6  0.0398033334
0 1 3 6  0.0026818861
0 1 7 6  0.0398033334
0 2 0 6  0.0026818861
0 2 4 6  -0.0398916448
0 3 1 6  0.0026818861
0 3 5 6  -0.0398916448
0 4 2 6  -0.0398916448
0 4 6 6  -0.0031394760
0 5 3 6  -0.0398916448
0 5 7 6  -0.0031394760
0 6 0 6  0.0398033334
0 6 4 6  -0.0031394760
0 7 1 6  0.0398033334
0 7 5 6  -0.0031394760
1 0 0 1  0.2576164144
1 0 4 1  -0.0041673461
1 1 1 1  0.2576164144
1 1 5 1  -0.0041673461
1 2 2 1  0.2505282534
1 2 6 1  0.0041397676
1 3 3 1  0.2505282534
1 3 7 1  0.0041397676
1 4 0 1  -0.0041673461
1 4 4 1  0.2501850788
1 5 1 1  -0.0041673461
1 5 5 1  0.2501850788
1 6 2 1  0.0041397676
1 6 6 1  0.2529129141
1 7 3 1  0.0041397676
1 7 7 1  0.2529129141
1 0 2 3  0.0688456541
1 0 6 3  0.0026818861
1 1 3 3  0.0688456541
1 1 7 3  0.0026818861
1 2 0 3  0.0688456541
1 2 4 3  0.0042518869
1 3 1 3  0.0688456541
1 3 5 3  0.0042518869
1 4 2 3  0.0042518869
1 4 6 3  -0.0682903051
1 5 3 3  0.0042518869
1 5 7 3  -0.0682903051
1 6 0 3  0.0026818861
1 6 4 3  -0.0682903051
1 7 1 3  0.0026818861
1 7 5 3  -0.0682903051
1 0 0 5  -0.0041673461
1 0 4 5  0.0670392649
1 1 1 5  -0.0041673461
1 1 5 5  0.0670392649
1 2 2 5  0.0025405440
1 2 6 5  -0.0666177662
1 3 3 5  0.0025405440
1 3 7 5  -0.0666177662
1 4 0 5  0.0670392649
1 4 4 5  0.0008284705
1 5 1 5  0.0670392649
1 5 5 5  0.0008284705
1 6 2 5  -0.0666177662
1 6 6 5  -0.0050651342
1 7 3 5  -0.0666177662
1 7 7 5  -0.0050651342
1 0 2 7  0.0026818861
1 0 6 7  0.0398033334
1 1 3 7  0.0026818861
1 1 7 7  0.0398033334
1 2 0 7  0.0026818861
1 2 4 7  -0.0398916448
1 3 1 7  0.0026818861
1 3 5 7  -0.0398916448
1 4 2 7  -0.0398916448
1 4 6 7  -0.0031394760
1 5 3 7  -0.0398916448
1 5 7 7  -0.0031394760
1 6 0 7  0.0398033334
1 6 4 7  -0.0031394760
1 7 1 7  0.0398033334
1 7 5 7  -0.0031394760
2 0 2 0  0.0688456541
2 0 6 0  0.0026818861
2 1 3 0  0.0688456541
2 1 7 0  0.0026818861
2 2 0 0  0.0688456541
2 2 4 0  0.0042518869
2 3 1 0  0.0688456541
2 3 5 0  0.0042518869
2 4 2 0  0.0042518869
2 4 6 0  -0.0682903051
2 5 3 0  0.0042518869
2 5 7 0  -0.0682903051
2 6 0 0  0.0026818861
2 6 4 0  -0.0682903051
2 7 1 0  0.0026818861
2 7 5 0  -0.0682903051
2 0 0 2  0.2505282534
2 0 4 2  0.0025405440
2 1 1 2  0.2505282534
2 1 5 2  0.0025405440
2 2 2 2  0.2552267592
2 2 6 2  -0.0025494582
2 3 3 2  0.2552267592
2 3 7 2  -0.0025494582
2 4 0 2  0.0025405440
2 4 4 2  0.2453422277
2 5 1 2  0.0025405440
2 5 5 2  0.2453422277
2 6 2 2  -0.0025494582
2 6 6 2  0.2562094706
2 7 3 2  -0.0025494582
2 7 7 2  0.2562094706
2 0 2 4  0.0042518869
2 0 6 4  -0.0398916448
2 1 3 4  0.0042518869
2 1 7 4  -0.0398916448
2 2 0 4  0.0042518869
2 2 4 4  0.0407186352
2 3 1 4  0.0042518869
2 3 5 4  0.0407186352
2 4 2 4  0.0407186352
2 4 6 4  -0.0040420761
2 5 3 4  0.0407186352
2 5 7 4  -0.0040420761
2 6 0 4  -0.0398916448
2 6 4 4  -0.0040420761
2 7 1 4  -0.0398916448
2 7 5 4  -0.0040420761
2 0 0 6  0.0041397676
2 0 4 6  -0.0666177662
2 1 1 6  0.0041397676
2 1 5 6  -0.0666177662
2 2 2 6  -0.0025494582
2 2 6 6  0.0731508939
2 3 3 6  -0.0025494582
2 3 7 6  0.0731508939
2 4 0 6  -0.0666177662
2 4 4 6  -0.0015606557
2 5 1 6  -0.0666177662
2 5 5 6  -0.0015606557
2 6 2 6  0.0731508939
2 6 6 6  0.0052080283
2 7 3 6  0.0731508939
2 7 7 6  0.0052080283
3 0 2 1  0.0688456541
3 0 6 1  0.0026818861
3 1 3 1  0.0688456541
3 1 7 1  0.0026818861
3 2 0 1  0.0688456541
3 2 4 1  0.0042518869
3 3 1 1  0.0688456541
3 3 5 1  0.0042518869
3 4 2 1  0.0042518869
3 4 6 1  -0.0682903051
3 5 3 1  0.0042518869
3 5 7 1  -0.0682903051
3 6 0 1  0.0026818861
3 6 4 1  -0.0682903051
3 7 1 1  0.0026818861
3 7 5 1  -0.0682903051
3 0 0 3  0.2505282534
3 0 4 3  0.0025405440
3 1 1 3  0.2505282534
3 1 5 3  0.0025405440
3 2 2 3  0.2552267592
3 2 6 3  -0.0025494582
3 3 3 3  0.2552267592
3 3 7 3  -0.0025494582
3 4 0 3  0.0025405440
3 4 4 3  0.2453422277
3 5 1 3  0.0025405440
3 5 5 3  0.2453422277
3 6 2 3  -0.0025494582
3 6 6 3  0.2562094706
3 7 3 3  -0.0025494582
3 7 7 3  0.2562094706
3 0 2 5  0.0042518869
3 0 6 5  -0.0398916448
3 1 3 5  0.0042518869
3 1 7 5  -0.0398916448
3 2 0 5  0.0042518869
3 2 4 5  0.0407186352
3 3 1 5  0.0042518869
3 3 5 5  0.0407186352
3 4 2 5  0.0407186352
3 4 6 5  -0.0040420761
3 5 3 5  0.0407186352
3 5 7 5  -0.0040420761
3 6 0 5  -0.0398916448
3 6 4 5  -0.0040420761
3 7 1 5  -0.0398916448
3 7 5 5  -0.0040420761
3 0 0 7  0.0041397676
3 0 4 7  -0.0666177662
3 1 1 7  0.0041397676
3 1 5 7  -0.0666177662
3 2 2 7  -0.0025494582
3 2 6 7  0.0731508939
3 3 3 7  -0.0025494582
3 3 7 7  0.0731508939
3 4 0 7  -0.0666177662
3 4 4 7  -0.0015606557
3 5 1 7  -0.0666177662
3 5 5 7  -0.0015606557
3 6 2 7  0.0731508939
3 6 6 7  0.0052080283
3 7 3 7  0.0731508939
3 7 7 7  0.0052080283
4 0 0 0  -0.0041673461
4 0 4 0  0.0670392649
4 1 1 0  -0.0041673461
4 1 5 0  0.0670392649
4 2 2 0  0.0025405440
4 2 6 0  -0.0666177662
4 3 3 0  0.0025405440
4 3 7 0  -0.0666177662
4 4 0 0  0.0670392649
4 4 4 0  0.0008284705
4 5 1 0  0.0670392649
4 5 5 0  0.0008284705
4 6 2 0  -0.0666177662
4 6 6 0  -0.0050651342
4 7 3 0  -0.0666177662
4 7 7 0  -0.0050651342
4 0 2 2  0.0042518869
4 0 6 2  -0.0398916448
4 1 3 2  0.0042518869
4 1 7 2  -0.0398916448
4 2 0 2  0.0042518869
4 2 4 2  0.0407186352
4 3 1 2  0.0042518869
4 3 5 2  0.0407186352
4 4 2 2  0.0407186352
4 4 6 2  -0.0040420761
4 5 3 2  0.0407186352
4 5 7 2  -0.0040420761
4 6 0 2  -0.0398916448
4 6 4 2  -0.0040420761
4 7 1 2  -0.0398916448
4 7 5 2  -0.0040420761
4 0 0 4  0.2501850788
4 0 4 4  0.0008284705
4 1 1 4  0.2501850788
4 1 5 4  0.0008284705
4 2 2 4  0.2453422277
4 2 6 4  -0.0015606557
4 3 3 4  0.2453422277
4 3 7 4  -0.0015606557
4 4 0 4  0.0008284705
4 4 4 4  0.2545115752
4 5 1 4  0.0008284705
4 5 5 4  0.2545115752
4 6 2 4  -0.0015606557
4 6 6 4  0.2562159182
4 7 3 4  -0.0015606557
4 7 7 4  0.2562159182
4 0 2 6  -0.0682903051
4 0 6 6  -0.0031394760
4 1 3 6  -0.0682903051
4 1 7 6  -0.0031394760
4 2 0 6  -0.0682903051
4 2 4 6  -0.0040420761
4 3 1 6  -0.0682903051
4 3 5 6  -0.0040420761
4 4 2 6  -0.0040420761
4 4 6 6  0.0750541210
4 5 3 6  -0.0040420761
4 5 7 6  0.0750541210
4 6 0 6  -0.0031394760
4 6 4 6  0.0750541210
4 7 1 6  -0.0031394760
4 7 5 6  0.0750541210
5 0 0 1  -0.0041673461
5 0 4 1  0.0670392649
5 1 1 1  -0.0041673461
5 1 5 1  0.0670392649
5 2 2 1  0.0025405440
5 2 6 1  -0.0666177662
5 3 3 1  0.0025405440
5 3 7 1  -0.0666177662
5 4 0 1  0.0670392649
5 4 4 1  0.0008284705
5 5 1 1  0.0670392649
5 5 5 1  0.0008284705
5 6 2 1  -0.0666177662
5 6 6 1  -0.0050651342
5 7 3 1  -0.0666177662
5 7 7 1  -0.0050651342
5 0 2 3  0.0042518869
5 0 6 3  -0.0398916448
5 1 3 3  0.0042518869
5 1 7 3  -0.0398916448
5 2 0 3  0.0042518869
5 2 4 3  0.0407186352
5 3 1 3  0.0042518869
5 3 5 3  0.0407186352
5 4 2 3  0.0407186352
5 4 6 3  -0.0040420761
5 5 3 3  0.0407186352
5 5 7 3  -0.0040420761
5 6 0 3  -0.0398916448
5 6 4 3  -0.0040420761
5 7 1 3  -0.0398916448
5 7 5 3  -0.0040420761
5 0 0 5  0.2501850788
5 0 4 5  0.0008284705
5 1 1 5  0.2501850788
5 1 5 5  0.0008284705
5 2 2 5  0.2453422277
5 2 6 5  -0.0015606557
5 3 3 5  0.2453422277
5 3 7 5  -0.0015606557
5 4 0 5  0.0008284705
5 4 4 5  0.2545115752
5 5 1 5  0.0008284705
5 5 5 5  0.2545115752
5 6 2 5  -0.0015606557
5 6 6 5  0.2562159182
5 7 3 5  -0.0015606557
5 7 7 5  0.2562159182
5 0 2 7  -0.0682903051
5 0 6 7  -0.0031394760
5 1 3 7  -0.0682903051
5 1 7 7  -0.0031394760
5 2 0 7  -0.0682903051
5 2 4 7  -0.0040420761
5 3 1 7  -0.0682903051
5 3 5 7  -0.0040420761
5 4 2 7  -0.0040420761
5 4 6 7  0.0750541210
5 5 3 7  -0.0040420761
5 5 7 7  0.0750541210
5 6 0 7  -0.0031394760
5 6 4 7  0.0750541210
5 7 1 7  -0.0031394760
5 7 5 7  0.0750541210
6 0 2 0  0.0026818861
6 0 6 0  0.0398033334
6 1 3 0  0.0026818861
6 1 7 0  0.0398033334
6 2 0 0  0.0026818861
6 2 4 0  -0.0398916448
6 3 1 0  0.0026818861
6 3 5 0  -0.0398916448
6 4 2 0  -0.0398916448
6 4 6 0  -0.0031394760
6 5 3 0  -0.0398916448
6 5 7 0  -0.0031394760
6 6 0 0  0.0398033334
6 6 4 0  -0.0031394760
6 7 1 0  0.0398033334
6 7 5 0  -0.0031394760
6 0 0 2  0.0041397676
6 0 4 2  -0.0666177662
6 1 1 2  0.0041397676
6 1 5 2  -0.0666177662
6 2 2 2  -0.0025494582
6 2 6 2  0.0731508939
6 3 3 2  -0.0025494582
6 3 7 2  0.0731508939
6 4 0 2  -0.0666177662
6 4 4 2  -0.0015606557
6 5 1 2  -0.0666177662
6 5 5 2  -0.0015606557
6 6 2 2  0.0731508939
6 6 6 2  0.0052080283
6 7 3 2  0.0731508939
6 7 7 2  0.0052080283
6 0 2 4  -0.0682903051
6 0 6 4  -0.0031394760
6 1 3 4  -0.0682903051
6 1 7 4  -0.0031394760
6 2 0 4  -0.0682903051
6 2 4 4  -0.0040420761
6 3 1 4  -0.0682903051
6 3 5 4  -0.0040420761
6 4 2 4  -0.0040420761
6 4 6 4  0.0750541210
6 5 3 4  -0.0040420761
6 5 7 4  0.0750541210
6 6 0 4  -0.0031394760
6 6 4 4  0.0750541210
6 7 1 4  -0.0031394760
6 7 5 4  0.0750541210
6 0 0 6  0.2529129141
6 0 4 6  -0.0050651342
6 1 1 6  0.2529129141
6 1 5 6  -0.0050651342
6 2 2 6  0.2562094706
6 2 6 6  0.0052080283
6 3 3 6  0.2562094706
6 3 7 6  0.0052080283
6 4 0 6  -0.0050651342
6 4 4 6  0.2562159182
6 5 1 6  -0.0050651342
6 5 5 6  0.2562159182
6 6 2 6  0.0052080283
6 6 6 6  0.2678228070
6 7 3 6  0.0052080283
6 7 7 6  0.2678228070
7 0 2 1  0.0026818861
7 0 6 1  0.0398033334
7 1 3 1  0.0026818861
7 1 7 1  0.0398033334
7 2 0 1  0.0026818861
7 2 4 1  -0.0398916448
7 3 1 1  0.0026818861
7 3 5 1  -0.0398916448
7 4 2 1  -0.0398916448
7 4 6 1  -0.0031394760
7 5 3 1  -0.0398916448
7 5 7 1  -0.0031394760
7 6 0 1  0.0398033334
7 6 4 1  -0.0031394760
7 7 1 1  0.0398033334
7 7 5 1  -0.0031394760
7 0 0 3  0.0041397676
7 0 4 3  -0.0666177662
7 1 1 3  0.0041397676
7 1 5 3  -0.0666177662
7 2 2 3  -0.0025494582
7 2 6 3  0.0731508939
7 3 3 3  -0.0025494582
7 3 7 3  0.0731508939
7 4 0 3  -0.0666177662
7 4 4 3  -0.0015606557
7 5 1 3  -0.0666177662
7 5 5 3  -0.0015606557
7 6 2 3  0.0731508939
7 6 6 3  0.0052080283
7 7 3 3  0.0731508939
7 7 7 3  0.0052080283
7 0 2 5  -0.0682903051
7 0 6 5  -0.0031394760
7 1 3 5  -0.0682903051
7 1 7 5  -0.0031394760
7 2 0 5  -0.0682903051
7 2 4 5  -0.0040420761
7 3 1 5  -0.0682903051
7 3 5 5  -0.0040420761
7 4 2 5  -0.0040420761
7 4 6 5  0.0750541210
7 5 3 5  -0.0040420761
7 5 7 5  0.0750541210
7 6 0 5  -0.0031394760
7 6 4 5  0.0750541210
7 7 1 5  -0.0031394760
7 7 5 5  0.0750541210
7 0 0 7  0.2529129141
7 0 4 7  -0.0050651342
7 1 1 7  0.2529129141
7 1 5 7  -0.0050651342
7 2 2 7  0.2562094706
7 2 6 7  0.0052080283
7 3 3 7  0.2562094706
7 3 7 7  0.0052080283
7 4 0 7  -0.0050651342
7 4 4 7  0.2562159182
7 5 1 7  -0.0050651342
7 5 5 7  0.2562159182
7 6 2 7  0.0052080283
7 6 6 7  0.2678228070
7 7 3 7  0.0052080283
7 7 7 7  0.2678228070

 E(FCI) = -1.9478855679

 E(HF)  = -1.8057806632
