 MO Integrals

2.7071067814
0 0  -2.0499328923
1 1  -2.0499328923
2 2  -1.5809028864
3 3  -1.5809028864
4 4  -1.5809028864
5 5  -1.5809028864
6 6  -1.0672861848
7 7  -1.0672861848
0 0 0 0  0.2593868869
0 1 1 0  0.2593868869
0 2 2 0  0.2522722298
0 3 3 0  0.2522722298
0 4 4 0  0.2522722298
0 5 5 0  0.2522722298
0 6 6 0  0.2544481761
0 7 7 0  0.2544481761
0 0 2 2  0.0681322188
0 1 3 2  0.0681322188
0 2 0 2  0.0681322188
0 2 6 2  -0.0675218511
0 3 1 2  0.0681322188
0 3 7 2  -0.0675218511
0 4 6 2  0.0003001710
0 5 7 2  0.0003001710
0 6 2 2  -0.0675218511
0 6 4 2  0.0003001710
0 7 3 2  -0.0675218511
0 7 5 2  0.0003001710
0 0 4 4  0.0681322188
0 1 5 4  0.0681322188
0 2 6 4  0.0003001710
0 3 7 4  0.0003001710
0 4 0 4  0.0681322188
0 4 6 4  0.0675218511
0 5 1 4  0.0681322188
0 5 7 4  0.0675218511
0 6 2 4  0.0003001710
0 6 4 4  0.0675218511
0 7 3 4  0.0003001710
0 7 5 4  0.0675218511
0 0 6 6  0.0394812190
0 1 7 6  0.0394812190
0 2 2 6  -0.0398037728
0 2 4 6  0.0001769492
0 3 3 6  -0.0398037728
0 3 5 6  0.0001769492
0 4 2 6  0.0001769492
0 4 4 6  0.0398037728
0 5 3 6  0.0001769492
0 5 5 6  0.0398037728
0 6 0 6  0.0394812190
0 7 1 6  0.0394812190
1 0 0 1  0.2593868869
1 1 1 1  0.2593868869
1 2 2 1  0.2522722298
1 3 3 1  0.2522722298
1 4 4 1  0.2522722298
1 5 5 1  0.2522722298
1 6 6 1  0.2544481761
1 7 7 1  0.2544481761
1 0 2 3  0.0681322188
1 1 3 3  0.0681322188
1 2 0 3  0.0681322188
1 2 6 3  -0.0675218511
1 3 1 3  0.0681322188
1 3 7 3  -0.0675218511
1 4 6 3  0.0003001710
1 5 7 3  0.0003001710
1 6 2 3  -0.0675218511
1 6 4 3  0.0003001710
1 7 3 3  -0.0675218511
1 7 5 3  0.0003001710
1 0 4 5  0.0681322188
1 1 5 5  0.0681322188
1 2 6 5  0.0003001710
1 3 7 5  0.0003001710
1 4 0 5  0.0681322188
1 4 6 5  0.0675218511
1 5 1 5  0.0681322188
1 5 7 5  0.0675218511
1 6 2 5  0.0003001710
1 6 4 5  0.0675218511
1 7 3 5  0.0003001710
1 7 5 5  0.0675218511
1 0 6 7  0.0394812190
1 1 7 7  0.0394812190
1 2 2 7  -0.0398037728
1 2 4 7  0.0001769492
1 3 3 7  -0.0398037728
1 3 5 7  0.0001769492
1 4 2 7  0.0001769492
1 4 4 7  0.0398037728
1 5 3 7  0.0001769492
1 5 5 7  0.0398037728
1 6 0 7  0.0394812190
1 7 1 7  0.0394812190
2 0 2 0  0.0681322188
2 1 3 0  0.0681322188
2 2 0 0  0.0681322188
2 2 6 0  -0.0675218511
2 3 1 0  0.0681322188
2 3 7 0  -0.0675218511
2 4 6 0  0.0003001710
2 5 7 0  0.0003001710
2 6 2 0  -0.0675218511
2 6 4 0  0.0003001710
2 7 3 0  -0.0675218511
2 7 5 0  0.0003001710
2 0 0 2  0.2522722298
2 0 6 2  -0.0398037728
2 1 1 2  0.2522722298
2 1 7 2  -0.0398037728
2 2 2 2  0.2919021446
2 2 4 2  -0.0001565533
2 3 3 2  0.2919021446
2 3 5 2  -0.0001565533
2 4 2 2  -0.0001565533
2 4 4 2  0.2115963113
2 5 3 2  -0.0001565533
2 5 5 2  0.2115963113
2 6 0 2  -0.0398037728
2 6 6 2  0.2581451201
2 7 1 2  -0.0398037728
2 7 7 2  0.2581451201
2 0 6 4  0.0001769492
2 1 7 4  0.0001769492
2 2 2 4  -0.0001565533
2 2 4 4  0.0049377987
2 3 3 4  -0.0001565533
2 3 5 4  0.0049377987
2 4 2 4  0.0049377987
2 4 4 4  0.0001565533
2 5 3 4  0.0049377987
2 5 5 4  0.0001565533
2 6 0 4  0.0001769492
2 7 1 4  0.0001769492
2 0 2 6  -0.0675218511
2 0 4 6  0.0003001710
2 1 3 6  -0.0675218511
2 1 5 6  0.0003001710
2 2 0 6  -0.0675218511
2 2 6 6  0.0741886140
2 3 1 6  -0.0675218511
2 3 7 6  0.0741886140
2 4 0 6  0.0003001710
2 5 1 6  0.0003001710
2 6 2 6  0.0741886140
2 7 3 6  0.0741886140
3 0 2 1  0.0681322188
3 1 3 1  0.0681322188
3 2 0 1  0.0681322188
3 2 6 1  -0.0675218511
3 3 1 1  0.0681322188
3 3 7 1  -0.0675218511
3 4 6 1  0.0003001710
3 5 7 1  0.0003001710
3 6 2 1  -0.0675218511
3 6 4 1  0.0003001710
3 7 3 1  -0.0675218511
3 7 5 1  0.0003001710
3 0 0 3  0.2522722298
3 0 6 3  -0.0398037728
3 1 1 3  0.2522722298
3 1 7 3  -0.0398037728
3 2 2 3  0.2919021446
3 2 4 3  -0.0001565533
3 3 3 3  0.2919021446
3 3 5 3  -0.0001565533
3 4 2 3  -0.0001565533
3 4 4 3  0.2115963113
3 5 3 3  -0.0001565533
3 5 5 3  0.2115963113
3 6 0 3  -0.0398037728
3 6 6 3  0.2581451201
3 7 1 3  -0.0398037728
3 7 7 3  0.2581451201
3 0 6 5  0.0001769492
3 1 7 5  0.0001769492
3 2 2 5  -0.0001565533
3 2 4 5  0.0049377987
3 3 3 5  -0.0001565533
3 3 5 5  0.0049377987
3 4 2 5  0.0049377987
3 4 4 5  0.0001565533
3 5 3 5  0.0049377987
3 5 5 5  0.0001565533
3 6 0 5  0.0001769492
3 7 1 5  0.0001769492
3 0 2 7  -0.0675218511
3 0 4 7  0.0003001710
3 1 3 7  -0.0675218511
3 1 5 7  0.0003001710
3 2 0 7  -0.0675218511
3 2 6 7  0.0741886140
3 3 1 7  -0.0675218511
3 3 7 7  0.0741886140
3 4 0 7  0.0003001710
3 5 1 7  0.0003001710
3 6 2 7  0.0741886140
3 7 3 7  0.0741886140
4 0 4 0  0.0681322188
4 1 5 0  0.0681322188
4 2 6 0  0.0003001710
4 3 7 0  0.0003001710
4 4 0 0  0.0681322188
4 4 6 0  0.0675218511
4 5 1 0  0.0681322188
4 5 7 0  0.0675218511
4 6 2 0  0.0003001710
4 6 4 0  0.0675218511
4 7 3 0  0.0003001710
4 7 5 0  0.0675218511
4 0 6 2  0.0001769492
4 1 7 2  0.0001769492
4 2 2 2  -0.0001565533
4 2 4 2  0.0049377987
4 3 3 2  -0.0001565533
4 3 5 2  0.0049377987
4 4 2 2  0.0049377987
4 4 4 2  0.0001565533
4 5 3 2  0.0049377987
4 5 5 2  0.0001565533
4 6 0 2  0.0001769492
4 7 1 2  0.0001769492
4 0 0 4  0.2522722298
4 0 6 4  0.0398037728
4 1 1 4  0.2522722298
4 1 7 4  0.0398037728
4 2 2 4  0.2115963113
4 2 4 4  0.0001565533
4 3 3 4  0.2115963113
4 3 5 4  0.0001565533
4 4 2 4  0.0001565533
4 4 4 4  0.2919021446
4 5 3 4  0.0001565533
4 5 5 4  0.2919021446
4 6 0 4  0.0398037728
4 6 6 4  0.2581451201
4 7 1 4  0.0398037728
4 7 7 4  0.2581451201
4 0 2 6  0.0003001710
4 0 4 6  0.0675218511
4 1 3 6  0.0003001710
4 1 5 6  0.0675218511
4 2 0 6  0.0003001710
4 3 1 6  0.0003001710
4 4 0 6  0.0675218511
4 4 6 6  0.0741886140
4 5 1 6  0.0675218511
4 5 7 6  0.0741886140
4 6 4 6  0.0741886140
4 7 5 6  0.0741886140
5 0 4 1  0.0681322188
5 1 5 1  0.0681322188
5 2 6 1  0.0003001710
5 3 7 1  0.0003001710
5 4 0 1  0.0681322188
5 4 6 1  0.0675218511
5 5 1 1  0.0681322188
5 5 7 1  0.0675218511
5 6 2 1  0.0003001710
5 6 4 1  0.0675218511
5 7 3 1  0.0003001710
5 7 5 1  0.0675218511
5 0 6 3  0.0001769492
5 1 7 3  0.0001769492
5 2 2 3  -0.0001565533
5 2 4 3  0.0049377987
5 3 3 3  -0.0001565533
5 3 5 3  0.0049377987
5 4 2 3  0.0049377987
5 4 4 3  0.0001565533
5 5 3 3  0.0049377987
5 5 5 3  0.0001565533
5 6 0 3  0.0001769492
5 7 1 3  0.0001769492
5 0 0 5  0.2522722298
5 0 6 5  0.0398037728
5 1 1 5  0.2522722298
5 1 7 5  0.0398037728
5 2 2 5  0.2115963113
5 2 4 5  0.0001565533
5 3 3 5  0.2115963113
5 3 5 5  0.0001565533
5 4 2 5  0.0001565533
5 4 4 5  0.2919021446
5 5 3 5  0.0001565533
5 5 5 5  0.2919021446
5 6 0 5  0.0398037728
5 6 6 5  0.2581451201
5 7 1 5  0.0398037728
5 7 7 5  0.2581451201
5 0 2 7  0.0003001710
5 0 4 7  0.0675218511
5 1 3 7  0.0003001710
5 1 5 7  0.0675218511
5 2 0 7  0.0003001710
5 3 1 7  0.0003001710
5 4 0 7  0.0675218511
5 4 6 7  0.0741886140
5 5 1 7  0.0675218511
5 5 7 7  0.0741886140
5 6 4 7  0.0741886140
5 7 5 7  0.0741886140
6 0 6 0  0.0394812190
6 1 7 0  0.0394812190
6 2 2 0  -0.0398037728
6 2 4 0  0.0001769492
6 3 3 0  -0.0398037728
6 3 5 0  0.0001769492
6 4 2 0  0.0001769492
6 4 4 0  0.0398037728
6 5 3 0  0.0001769492
6 5 5 0  0.0398037728
6 6 0 0  0.0394812190
6 7 1 0  0.0394812190
6 0 2 2  -0.0675218511
6 0 4 2  0.0003001710
6 1 3 2  -0.0675218511
6 1 5 2  0.0003001710
6 2 0 2  -0.0675218511
6 2 6 2  0.0741886140
6 3 1 2  -0.0675218511
6 3 7 2  0.0741886140
6 4 0 2  0.0003001710
6 5 1 2  0.0003001710
6 6 2 2  0.0741886140
6 7 3 2  0.0741886140
6 0 2 4  0.0003001710
6 0 4 4  0.0675218511
6 1 3 4  0.0003001710
6 1 5 4  0.0675218511
6 2 0 4  0.0003001710
6 3 1 4  0.0003001710
6 4 0 4  0.0675218511
6 4 6 4  0.0741886140
6 5 1 4  0.0675218511
6 5 7 4  0.0741886140
6 6 4 4  0.0741886140
6 7 5 4  0.0741886140
6 0 0 6  0.2544481761
6 1 1 6  0.2544481761
6 2 2 6  0.2581451201
6 3 3 6  0.2581451201
6 4 4 6  0.2581451201
6 5 5 6  0.2581451201
6 6 6 6  0.2694278614
6 7 7 6  0.2694278614
7 0 6 1  0.0394812190
7 1 7 1  0.0394812190
7 2 2 1  -0.0398037728
7 2 4 1  0.0001769492
7 3 3 1  -0.0398037728
7 3 5 1  0.0001769492
7 4 2 1  0.0001769492
7 4 4 1  0.0398037728
7 5 3 1  0.0001769492
7 5 5 1  0.0398037728
7 6 0 1  0.0394812190
7 7 1 1  0.0394812190
7 0 2 3  -0.0675218511
7 0 4 3  0.0003001710
7 1 3 3  -0.0675218511
7 1 5 3  0.0003001710
7 2 0 3  -0.0675218511
7 2 6 3  0.0741886140
7 3 1 3  -0.0675218511
7 3 7 3  0.0741886140
7 4 0 3  0.0003001710
7 5 1 3  0.0003001710
7 6 2 3  0.0741886140
7 7 3 3  0.0741886140
7 0 2 5  0.0003001710
7 0 4 5  0.0675218511
7 1 3 5  0.0003001710
7 1 5 5  0.0675218511
7 2 0 5  0.0003001710
7 3 1 5  0.0003001710
7 4 0 5  0.0675218511
7 4 6 5  0.0741886140
7 5 1 5  0.0675218511
7 5 7 5  0.0741886140
7 6 4 5  0.0741886140
7 7 5 5  0.0741886140
7 0 0 7  0.2544481761
7 1 1 7  0.2544481761
7 2 2 7  0.2581451201
7 3 3 7  0.2581451201
7 4 4 7  0.2581451201
7 5 5 7  0.2581451201
7 6 6 7  0.2694278614
7 7 7 7  0.2694278614

 E(FCI) = -1.9394307219

 E(HF)  = -1.7063377501
