 MO Integrals

2.2909878931
0 0  -1.8398293144
0 4  0.1123538567
1 1  -1.8398293144
1 5  0.1123538567
2 2  -1.5473224457
2 6  -0.0863153326
3 3  -1.5473224457
3 7  -0.0863153326
4 0  0.1123538567
4 4  -1.2864607950
5 1  0.1123538567
5 5  -1.2864607950
6 2  -0.0863153326
6 6  -1.0137944205
7 3  -0.0863153326
7 7  -1.0137944205
0 0 0 0  0.2478712729
0 0 4 0  -0.0340551265
0 1 1 0  0.2478712729
0 1 5 0  -0.0340551265
0 2 2 0  0.2217900652
0 2 6 0  0.0339329449
0 3 3 0  0.2217900652
0 3 7 0  0.0339329449
0 4 0 0  -0.0340551265
0 4 4 0  0.2246311190
0 5 1 0  -0.0340551265
0 5 5 0  0.2246311190
0 6 2 0  0.0339329449
0 6 6 0  0.2525446018
0 7 3 0  0.0339329449
0 7 7 0  0.2525446018
0 0 2 2  0.0732328989
0 0 6 2  0.0194483785
0 1 3 2  0.0732328989
0 1 7 2  0.0194483785
0 2 0 2  0.0732328989
0 2 4 2  0.0404300917
0 3 1 2  0.0732328989
0 3 5 2  0.0404300917
0 4 2 2  0.0404300917
0 4 6 2  -0.0715249883
0 5 3 2  0.0404300917
0 5 7 2  -0.0715249883
0 6 0 2  0.0194483785
0 6 4 2  -0.0715249883
0 7 1 2  0.0194483785
0 7 5 2  -0.0715249883
0 0 0 4  -0.0340551265
0 0 4 4  0.0547474132
0 1 1 4  -0.0340551265
0 1 5 4  0.0547474132
0 2 2 4  0.0091541437
0 2 6 4  -0.0516248914
0 3 3 4  0.0091541437
0 3 7 4  -0.0516248914
0 4 0 4  0.0547474132
0 4 4 4  -0.0005376705
0 5 1 4  0.0547474132
0 5 5 4  -0.0005376705
0 6 2 4  -0.0516248914
0 6 6 4  -0.0384130067
0 7 3 4  -0.0516248914
0 7 7 4  -0.0384130067
0 0 2 6  0.0194483785
0 0 6 6  0.0480534947
0 1 3 6  0.0194483785
0 1 7 6  0.0480534947
0 2 0 6  0.0194483785
0 2 4 6  -0.0308729462
0 3 1 6  0.0194483785
0 3 5 6  -0.0308729462
0 4 2 6  -0.0308729462
0 4 6 6  -0.0212113372
0 5 3 6  -0.0308729462
0 5 7 6  -0.0212113372
0 6 0 6  0.0480534947
0 6 4 6  -0.0212113372
0 7 1 6  0.0480534947
0 7 5 6  -0.0212113372
1 0 0 1  0.2478712729
1 0 4 1  -0.0340551265
1 1 1 1  0.2478712729
1 1 5 1  -0.0340551265
1 2 2 1  0.2217900652
1 2 6 1  0.0339329449
1 3 3 1  0.2217900652
1 3 7 1  0.0339329449
1 4 0 1  -0.0340551265
1 4 4 1  0.2246311190
1 5 1 1  -0.0340551265
1 5 5 1  0.2246311190
1 6 2 1  0.0339329449
1 6 6 1  0.2525446018
1 7 3 1  0.0339329449
1 7 7 1  0.2525446018
1 0 2 3  0.0732328989
1 0 6 3  0.0194483785
1 1 3 3  0.0732328989
1 1 7 3  0.0194483785
1 2 0 3  0.0732328989
1 2 4 3  0.0404300917
1 3 1 3  0.0732328989
1 3 5 3  0.0404300917
1 4 2 3  0.0404300917
1 4 6 3  -0.0715249883
1 5 3 3  0.0404300917
1 5 7 3  -0.0715249883
1 6 0 3  0.0194483785
1 6 4 3  -0.0715249883
1 7 1 3  0.0194483785
1 7 5 3  -0.0715249883
1 0 0 5  -0.0340551265
1 0 4 5  0.0547474132
1 1 1 5  -0.0340551265
1 1 5 5  0.0547474132
1 2 2 5  0.0091541437
1 2 6 5  -0.0516248914
1 3 3 5  0.0091541437
1 3 7 5  -0.0516248914
1 4 0 5  0.0547474132
1 4 4 5  -0.0005376705
1 5 1 5  0.0547474132
1 5 5 5  -0.0005376705
1 6 2 5  -0.0516248914
1 6 6 5  -0.0384130067
1 7 3 5  -0.0516248914
1 7 7 5  -0.0384130067
1 0 2 7  0.0194483785
1 0 6 7  0.0480534947
1 1 3 7  0.0194483785
1 1 7 7  0.0480534947
1 2 0 7  0.0194483785
1 2 4 7  -0.0308729462
1 3 1 7  0.0194483785
1 3 5 7  -0.0308729462
1 4 2 7  -0.0308729462
1 4 6 7  -0.0212113372
1 5 3 7  -0.0308729462
1 5 7 7  -0.0212113372
1 6 0 7  0.0480534947
1 6 4 7  -0.0212113372
1 7 1 7  0.0480534947
1 7 5 7  -0.0212113372
2 0 2 0  0.0732328989
2 0 6 0  0.0194483785
2 1 3 0  0.0732328989
2 1 7 0  0.0194483785
2 2 0 0  0.0732328989
2 2 4 0  0.0404300917
2 3 1 0  0.0732328989
2 3 5 0  0.0404300917
2 4 2 0  0.0404300917
2 4 6 0  -0.0715249883
2 5 3 0  0.0404300917
2 5 7 0  -0.0715249883
2 6 0 0  0.0194483785
2 6 4 0  -0.0715249883
2 7 1 0  0.0194483785
2 7 5 0  -0.0715249883
2 0 0 2  0.2217900652
2 0 4 2  0.0091541437
2 1 1 2  0.2217900652
2 1 5 2  0.0091541437
2 2 2 2  0.2327158725
2 2 6 2  -0.0052597357
2 3 3 2  0.2327158725
2 3 7 2  -0.0052597357
2 4 0 2  0.0091541437
2 4 4 2  0.2270555011
2 5 1 2  0.0091541437
2 5 5 2  0.2270555011
2 6 2 2  -0.0052597357
2 6 6 2  0.2284866966
2 7 3 2  -0.0052597357
2 7 7 2  0.2284866966
2 0 2 4  0.0404300917
2 0 6 4  -0.0308729462
2 1 3 4  0.0404300917
2 1 7 4  -0.0308729462
2 2 0 4  0.0404300917
2 2 4 4  0.0634797310
2 3 1 4  0.0404300917
2 3 5 4  0.0634797310
2 4 2 4  0.0634797310
2 4 6 4  -0.0397785250
2 5 3 4  0.0634797310
2 5 7 4  -0.0397785250
2 6 0 4  -0.0308729462
2 6 4 4  -0.0397785250
2 7 1 4  -0.0308729462
2 7 5 4  -0.0397785250
2 0 0 6  0.0339329449
2 0 4 6  -0.0516248914
2 1 1 6  0.0339329449
2 1 5 6  -0.0516248914
2 2 2 6  -0.0052597357
2 2 6 6  0.0546218033
2 3 3 6  -0.0052597357
2 3 7 6  0.0546218033
2 4 0 6  -0.0516248914
2 4 4 6  -0.0028975285
2 5 1 6  -0.0516248914
2 5 5 6  -0.0028975285
2 6 2 6  0.0546218033
2 6 6 6  0.0401518829
2 7 3 6  0.0546218033
2 7 7 6  0.0401518829
3 0 2 1  0.0732328989
3 0 6 1  0.0194483785
3 1 3 1  0.0732328989
3 1 7 1  0.0194483785
3 2 0 1  0.0732328989
3 2 4 1  0.0404300917
3 3 1 1  0.0732328989
3 3 5 1  0.0404300917
3 4 2 1  0.0404300917
3 4 6 1  -0.0715249883
3 5 3 1  0.0404300917
3 5 7 1  -0.0715249883
3 6 0 1  0.0194483785
3 6 4 1  -0.0715249883
3 7 1 1  0.0194483785
3 7 5 1  -0.0715249883
3 0 0 3  0.2217900652
3 0 4 3  0.0091541437
3 1 1 3  0.2217900652
3 1 5 3  0.0091541437
3 2 2 3  0.2327158725
3 2 6 3  -0.0052597357
3 3 3 3  0.2327158725
3 3 7 3  -0.0052597357
3 4 0 3  0.0091541437
3 4 4 3  0.2270555011
3 5 1 3  0.0091541437
3 5 5 3  0.2270555011
3 6 2 3  -0.0052597357
3 6 6 3  0.2284866966
3 7 3 3  -0.0052597357
3 7 7 3  0.2284866966
3 0 2 5  0.0404300917
3 0 6 5  -0.0308729462
3 1 3 5  0.0404300917
3 1 7 5  -0.0308729462
3 2 0 5  0.0404300917
3 2 4 5  0.0634797310
3 3 1 5  0.0404300917
3 3 5 5  0.0634797310
3 4 2 5  0.0634797310
3 4 6 5  -0.0397785250
3 5 3 5  0.0634797310
3 5 7 5  -0.0397785250
3 6 0 5  -0.0308729462
3 6 4 5  -0.0397785250
3 7 1 5  -0.0308729462
3 7 5 5  -0.0397785250
3 0 0 7  0.0339329449
3 0 4 7  -0.0516248914
3 1 1 7  0.0339329449
3 1 5 7  -0.0516248914
3 2 2 7  -0.0052597357
3 2 6 7  0.0546218033
3 3 3 7  -0.0052597357
3 3 7 7  0.0546218033
3 4 0 7  -0.0516248914
3 4 4 7  -0.0028975285
3 5 1 7  -0.0516248914
3 5 5 7  -0.0028975285
3 6 2 7  0.0546218033
3 6 6 7  0.0401518829
3 7 3 7  0.0546218033
3 7 7 7  0.0401518829
4 0 0 0  -0.0340551265
4 0 4 0  0.0547474132
4 1 1 0  -0.0340551265
4 1 5 0  0.0547474132
4 2 2 0  0.0091541437
4 2 6 0  -0.0516248914
4 3 3 0  0.0091541437
4 3 7 0  -0.0516248914
4 4 0 0  0.0547474132
4 4 4 0  -0.0005376705
4 5 1 0  0.0547474132
4 5 5 0  -0.0005376705
4 6 2 0  -0.0516248914
4 6 6 0  -0.0384130067
4 7 3 0  -0.0516248914
4 7 7 0  -0.0384130067
4 0 2 2  0.0404300917
4 0 6 2  -0.0308729462
4 1 3 2  0.0404300917
4 1 7 2  -0.0308729462
4 2 0 2  0.0404300917
4 2 4 2  0.0634797310
4 3 1 2  0.0404300917
4 3 5 2  0.0634797310
4 4 2 2  0.0634797310
4 4 6 2  -0.0397785250
4 5 3 2  0.0634797310
4 5 7 2  -0.0397785250
4 6 0 2  -0.0308729462
4 6 4 2  -0.0397785250
4 7 1 2  -0.0308729462
4 7 5 2  -0.0397785250
4 0 0 4  0.2246311190
4 0 4 4  -0.0005376705
4 1 1 4  0.2246311190
4 1 5 4  -0.0005376705
4 2 2 4  0.2270555011
4 2 6 4  -0.0028975285
4 3 3 4  0.2270555011
4 3 7 4  -0.0028975285
4 4 0 4  -0.0005376705
4 4 4 4  0.2330682810
4 5 1 4  -0.0005376705
4 5 5 4  0.2330682810
4 6 2 4  -0.0028975285
4 6 6 4  0.2347423298
4 7 3 4  -0.0028975285
4 7 7 4  0.2347423298
4 0 2 6  -0.0715249883
4 0 6 6  -0.0212113372
4 1 3 6  -0.0715249883
4 1 7 6  -0.0212113372
4 2 0 6  -0.0715249883
4 2 4 6  -0.0397785250
4 3 1 6  -0.0715249883
4 3 5 6  -0.0397785250
4 4 2 6  -0.0397785250
4 4 6 6  0.0780624537
4 5 3 6  -0.0397785250
4 5 7 6  0.0780624537
4 6 0 6  -0.0212113372
4 6 4 6  0.0780624537
4 7 1 6  -0.0212113372
4 7 5 6  0.0780624537
5 0 0 1  -0.0340551265
5 0 4 1  0.0547474132
5 1 1 1  -0.0340551265
5 1 5 1  0.0547474132
5 2 2 1  0.0091541437
5 2 6 1  -0.0516248914
5 3 3 1  0.0091541437
5 3 7 1  -0.0516248914
5 4 0 1  0.0547474132
5 4 4 1  -0.0005376705
5 5 1 1  0.0547474132
5 5 5 1  -0.0005376705
5 6 2 1  -0.0516248914
5 6 6 1  -0.0384130067
5 7 3 1  -0.0516248914
5 7 7 1  -0.0384130067
5 0 2 3  0.0404300917
5 0 6 3  -0.0308729462
5 1 3 3  0.0404300917
5 1 7 3  -0.0308729462
5 2 0 3  0.0404300917
5 2 4 3  0.0634797310
5 3 1 3  0.0404300917
5 3 5 3  0.0634797310
5 4 2 3  0.0634797310
5 4 6 3  -0.0397785250
5 5 3 3  0.0634797310
5 5 7 3  -0.0397785250
5 6 0 3  -0.0308729462
5 6 4 3  -0.0397785250
5 7 1 3  -0.0308729462
5 7 5 3  -0.0397785250
5 0 0 5  0.2246311190
5 0 4 5  -0.0005376705
5 1 1 5  0.2246311190
5 1 5 5  -0.0005376705
5 2 2 5  0.2270555011
5 2 6 5  -0.0028975285
5 3 3 5  0.2270555011
5 3 7 5  -0.0028975285
5 4 0 5  -0.0005376705
5 4 4 5  0.2330682810
5 5 1 5  -0.0005376705
5 5 5 5  0.2330682810
5 6 2 5  -0.0028975285
5 6 6 5  0.2347423298
5 7 3 5  -0.0028975285
5 7 7 5  0.2347423298
5 0 2 7  -0.0715249883
5 0 6 7  -0.0212113372
5 1 3 7  -0.0715249883
5 1 7 7  -0.0212113372
5 2 0 7  -0.0715249883
5 2 4 7  -0.0397785250
5 3 1 7  -0.0715249883
5 3 5 7  -0.0397785250
5 4 2 7  -0.0397785250
5 4 6 7  0.0780624537
5 5 3 7  -0.0397785250
5 5 7 7  0.0780624537
5 6 0 7  -0.0212113372
5 6 4 7  0.0780624537
5 7 1 7  -0.0212113372
5 7 5 7  0.0780624537
6 0 2 0  0.0194483785
6 0 6 0  0.0480534947
6 1 3 0  0.0194483785
6 1 7 0  0.0480534947
6 2 0 0  0.0194483785
6 2 4 0  -0.0308729462
6 3 1 0  0.0194483785
6 3 5 0  -0.0308729462
6 4 2 0  -0.0308729462
6 4 6 0  -0.0212113372
6 5 3 0  -0.0308729462
6 5 7 0  -0.0212113372
6 6 0 0  0.0480534947
6 6 4 0  -0.0212113372
6 7 1 0  0.0480534947
6 7 5 0  -0.0212113372
6 0 0 2  0.0339329449
6 0 4 2  -0.0516248914
6 1 1 2  0.0339329449
6 1 5 2  -0.0516248914
6 2 2 2  -0.0052597357
6 2 6 2  0.0546218033
6 3 3 2  -0.0052597357
6 3 7 2  0.0546218033
6 4 0 2  -0.0516248914
6 4 4 2  -0.0028975285
6 5 1 2  -0.0516248914
6 5 5 2  -0.0028975285
6 6 2 2  0.0546218033
6 6 6 2  0.0401518829
6 7 3 2  0.0546218033
6 7 7 2  0.0401518829
6 0 2 4  -0.0715249883
6 0 6 4  -0.0212113372
6 1 3 4  -0.0715249883
6 1 7 4  -0.0212113372
6 2 0 4  -0.0715249883
6 2 4 4  -0.0397785250
6 3 1 4  -0.0715249883
6 3 5 4  -0.0397785250
6 4 2 4  -0.0397785250
6 4 6 4  0.0780624537
6 5 3 4  -0.0397785250
6 5 7 4  0.0780624537
6 6 0 4  -0.0212113372
6 6 4 4  0.0780624537
6 7 1 4  -0.0212113372
6 7 5 4  0.0780624537
6 0 0 6  0.2525446018
6 0 4 6  -0.0384130067
6 1 1 6  0.2525446018
6 1 5 6  -0.0384130067
6 2 2 6  0.2284866966
6 2 6 6  0.0401518829
6 3 3 6  0.2284866966
6 3 7 6  0.0401518829
6 4 0 6  -0.0384130067
6 4 4 6  0.2347423298
6 5 1 6  -0.0384130067
6 5 5 6  0.2347423298
6 6 2 6  0.0401518829
6 6 6 6  0.2740893671
6 7 3 6  0.0401518829
6 7 7 6  0.2740893671
7 0 2 1  0.0194483785
7 0 6 1  0.0480534947
7 1 3 1  0.0194483785
7 1 7 1  0.0480534947
7 2 0 1  0.0194483785
7 2 4 1  -0.0308729462
7 3 1 1  0.0194483785
7 3 5 1  -0.0308729462
7 4 2 1  -0.0308729462
7 4 6 1  -0.0212113372
7 5 3 1  -0.0308729462
7 5 7 1  -0.0212113372
7 6 0 1  0.0480534947
7 6 4 1  -0.0212113372
7 7 1 1  0.0480534947
7 7 5 1  -0.0212113372
7 0 0 3  0.0339329449
7 0 4 3  -0.0516248914
7 1 1 3  0.0339329449
7 1 5 3  -0.0516248914
7 2 2 3  -0.0052597357
7 2 6 3  0.0546218033
7 3 3 3  -0.0052597357
7 3 7 3  0.0546218033
7 4 0 3  -0.0516248914
7 4 4 3  -0.0028975285
7 5 1 3  -0.0516248914
7 5 5 3  -0.0028975285
7 6 2 3  0.0546218033
7 6 6 3  0.0401518829
7 7 3 3  0.0546218033
7 7 7 3  0.0401518829
7 0 2 5  -0.0715249883
7 0 6 5  -0.0212113372
7 1 3 5  -0.0715249883
7 1 7 5  -0.0212113372
7 2 0 5  -0.0715249883
7 2 4 5  -0.0397785250
7 3 1 5  -0.0715249883
7 3 5 5  -0.0397785250
7 4 2 5  -0.0397785250
7 4 6 5  0.0780624537
7 5 3 5  -0.0397785250
7 5 7 5  0.0780624537
7 6 0 5  -0.0212113372
7 6 4 5  0.0780624537
7 7 1 5  -0.0212113372
7 7 5 5  0.0780624537
7 0 0 7  0.2525446018
7 0 4 7  -0.0384130067
7 1 1 7  0.2525446018
7 1 5 7  -0.0384130067
7 2 2 7  0.2284866966
7 2 6 7  0.0401518829
7 3 3 7  0.2284866966
7 3 7 7  0.0401518829
7 4 0 7  -0.0384130067
7 4 4 7  0.2347423298
7 5 1 7  -0.0384130067
7 5 5 7  0.2347423298
7 6 2 7  0.0401518829
7 6 6 7  0.2740893671
7 7 3 7  0.0401518829
7 7 7 7  0.2740893671

 E(FCI) = -2.1200591305

 E(HF)  = -2.0407524103
