 MO Integrals

2.2167141177
0 0  -1.7986537872
0 4  0.1377715235
1 1  -1.7986537872
1 5  0.1377715235
2 2  -1.5237845279
2 6  -0.1078431641
3 3  -1.5237845279
3 7  -0.1078431641
4 0  0.1377715235
4 4  -1.2462491070
5 1  0.1377715235
5 5  -1.2462491070
6 2  -0.1078431641
6 6  -0.9720669666
7 3  -0.1078431641
7 7  -0.9720669666
0 0 0 0  0.2446492411
0 0 4 0  -0.0376766989
0 1 1 0  0.2446492411
0 1 5 0  -0.0376766989
0 2 2 0  0.2159586889
0 2 6 0  0.0381570401
0 3 3 0  0.2159586889
0 3 7 0  0.0381570401
0 4 0 0  -0.0376766989
0 4 4 0  0.2198281607
0 5 1 0  -0.0376766989
0 5 5 0  0.2198281607
0 6 2 0  0.0381570401
0 6 6 0  0.2532209772
0 7 3 0  0.0381570401
0 7 7 0  0.2532209772
0 0 2 2  0.0761660191
0 0 6 2  0.0205684947
0 1 3 2  0.0761660191
0 1 7 2  0.0205684947
0 2 0 2  0.0761660191
0 2 4 2  0.0453754665
0 3 1 2  0.0761660191
0 3 5 2  0.0453754665
0 4 2 2  0.0453754665
0 4 6 2  -0.0738085160
0 5 3 2  0.0453754665
0 5 7 2  -0.0738085160
0 6 0 2  0.0205684947
0 6 4 2  -0.0738085160
0 7 1 2  0.0205684947
0 7 5 2  -0.0738085160
0 0 0 4  -0.0376766989
0 0 4 4  0.0540686014
0 1 1 4  -0.0376766989
0 1 5 4  0.0540686014
0 2 2 4  0.0070832223
0 2 6 4  -0.0502665885
0 3 3 4  0.0070832223
0 3 7 4  -0.0502665885
0 4 0 4  0.0540686014
0 4 4 4  -0.0012223214
0 5 1 4  0.0540686014
0 5 5 4  -0.0012223214
0 6 2 4  -0.0502665885
0 6 6 4  -0.0408806755
0 7 3 4  -0.0502665885
0 7 7 4  -0.0408806755
0 0 2 6  0.0205684947
0 0 6 6  0.0488852013
0 1 3 6  0.0205684947
0 1 7 6  0.0488852013
0 2 0 6  0.0205684947
0 2 4 6  -0.0290919097
0 3 1 6  0.0205684947
0 3 5 6  -0.0290919097
0 4 2 6  -0.0290919097
0 4 6 6  -0.0209905883
0 5 3 6  -0.0290919097
0 5 7 6  -0.0209905883
0 6 0 6  0.0488852013
0 6 4 6  -0.0209905883
0 7 1 6  0.0488852013
0 7 5 6  -0.0209905883
1 0 0 1  0.2446492411
1 0 4 1  -0.0376766989
1 1 1 1  0.2446492411
1 1 5 1  -0.0376766989
1 2 2 1  0.2159586889
1 2 6 1  0.0381570401
1 3 3 1  0.2159586889
1 3 7 1  0.0381570401
1 4 0 1  -0.0376766989
1 4 4 1  0.2198281607
1 5 1 1  -0.0376766989
1 5 5 1  0.2198281607
1 6 2 1  0.0381570401
1 6 6 1  0.2532209772
1 7 3 1  0.0381570401
1 7 7 1  0.2532209772
1 0 2 3  0.0761660191
1 0 6 3  0.0205684947
1 1 3 3  0.0761660191
1 1 7 3  0.0205684947
1 2 0 3  0.0761660191
1 2 4 3  0.0453754665
1 3 1 3  0.0761660191
1 3 5 3  0.0453754665
1 4 2 3  0.0453754665
1 4 6 3  -0.0738085160
1 5 3 3  0.0453754665
1 5 7 3  -0.0738085160
1 6 0 3  0.0205684947
1 6 4 3  -0.0738085160
1 7 1 3  0.0205684947
1 7 5 3  -0.0738085160
1 0 0 5  -0.0376766989
1 0 4 5  0.0540686014
1 1 1 5  -0.0376766989
1 1 5 5  0.0540686014
1 2 2 5  0.0070832223
1 2 6 5  -0.0502665885
1 3 3 5  0.0070832223
1 3 7 5  -0.0502665885
1 4 0 5  0.0540686014
1 4 4 5  -0.0012223214
1 5 1 5  0.0540686014
1 5 5 5  -0.0012223214
1 6 2 5  -0.0502665885
1 6 6 5  -0.0408806755
1 7 3 5  -0.0502665885
1 7 7 5  -0.0408806755
1 0 2 7  0.0205684947
1 0 6 7  0.0488852013
1 1 3 7  0.0205684947
1 1 7 7  0.0488852013
1 2 0 7  0.0205684947
1 2 4 7  -0.0290919097
1 3 1 7  0.0205684947
1 3 5 7  -0.0290919097
1 4 2 7  -0.0290919097
1 4 6 7  -0.0209905883
1 5 3 7  -0.0290919097
1 5 7 7  -0.0209905883
1 6 0 7  0.0488852013
1 6 4 7  -0.0209905883
1 7 1 7  0.0488852013
1 7 5 7  -0.0209905883
2 0 2 0  0.0761660191
2 0 6 0  0.0205684947
2 1 3 0  0.0761660191
2 1 7 0  0.0205684947
2 2 0 0  0.0761660191
2 2 4 0  0.0453754665
2 3 1 0  0.0761660191
2 3 5 0  0.0453754665
2 4 2 0  0.0453754665
2 4 6 0  -0.0738085160
2 5 3 0  0.0453754665
2 5 7 0  -0.0738085160
2 6 0 0  0.0205684947
2 6 4 0  -0.0738085160
2 7 1 0  0.0205684947
2 7 5 0  -0.0738085160
2 0 0 2  0.2159586889
2 0 4 2  0.0070832223
2 1 1 2  0.2159586889
2 1 5 2  0.0070832223
2 2 2 2  0.2257595657
2 2 6 2  -0.0018240018
2 3 3 2  0.2257595657
2 3 7 2  -0.0018240018
2 4 0 2  0.0070832223
2 4 4 2  0.2220908808
2 5 1 2  0.0070832223
2 5 5 2  0.2220908808
2 6 2 2  -0.0018240018
2 6 6 2  0.2257642443
2 7 3 2  -0.0018240018
2 7 7 2  0.2257642443
2 0 2 4  0.0453754665
2 0 6 4  -0.0290919097
2 1 3 4  0.0453754665
2 1 7 4  -0.0290919097
2 2 0 4  0.0453754665
2 2 4 4  0.0672965382
2 3 1 4  0.0453754665
2 3 5 4  0.0672965382
2 4 2 4  0.0672965382
2 4 6 4  -0.0455019231
2 5 3 4  0.0672965382
2 5 7 4  -0.0455019231
2 6 0 4  -0.0290919097
2 6 4 4  -0.0455019231
2 7 1 4  -0.0290919097
2 7 5 4  -0.0455019231
2 0 0 6  0.0381570401
2 0 4 6  -0.0502665885
2 1 1 6  0.0381570401
2 1 5 6  -0.0502665885
2 2 2 6  -0.0018240018
2 2 6 6  0.0530719777
2 3 3 6  -0.0018240018
2 3 7 6  0.0530719777
2 4 0 6  -0.0502665885
2 4 4 6  -0.0013305313
2 5 1 6  -0.0502665885
2 5 5 6  -0.0013305313
2 6 2 6  0.0530719777
2 6 6 6  0.0435540407
2 7 3 6  0.0530719777
2 7 7 6  0.0435540407
3 0 2 1  0.0761660191
3 0 6 1  0.0205684947
3 1 3 1  0.0761660191
3 1 7 1  0.0205684947
3 2 0 1  0.0761660191
3 2 4 1  0.0453754665
3 3 1 1  0.0761660191
3 3 5 1  0.0453754665
3 4 2 1  0.0453754665
3 4 6 1  -0.0738085160
3 5 3 1  0.0453754665
3 5 7 1  -0.0738085160
3 6 0 1  0.0205684947
3 6 4 1  -0.0738085160
3 7 1 1  0.0205684947
3 7 5 1  -0.0738085160
3 0 0 3  0.2159586889
3 0 4 3  0.0070832223
3 1 1 3  0.2159586889
3 1 5 3  0.0070832223
3 2 2 3  0.2257595657
3 2 6 3  -0.0018240018
3 3 3 3  0.2257595657
3 3 7 3  -0.0018240018
3 4 0 3  0.0070832223
3 4 4 3  0.2220908808
3 5 1 3  0.0070832223
3 5 5 3  0.2220908808
3 6 2 3  -0.0018240018
3 6 6 3  0.2257642443
3 7 3 3  -0.0018240018
3 7 7 3  0.2257642443
3 0 2 5  0.0453754665
3 0 6 5  -0.0290919097
3 1 3 5  0.0453754665
3 1 7 5  -0.0290919097
3 2 0 5  0.0453754665
3 2 4 5  0.0672965382
3 3 1 5  0.0453754665
3 3 5 5  0.0672965382
3 4 2 5  0.0672965382
3 4 6 5  -0.0455019231
3 5 3 5  0.0672965382
3 5 7 5  -0.0455019231
3 6 0 5  -0.0290919097
3 6 4 5  -0.0455019231
3 7 1 5  -0.0290919097
3 7 5 5  -0.0455019231
3 0 0 7  0.0381570401
3 0 4 7  -0.0502665885
3 1 1 7  0.0381570401
3 1 5 7  -0.0502665885
3 2 2 7  -0.0018240018
3 2 6 7  0.0530719777
3 3 3 7  -0.0018240018
3 3 7 7  0.0530719777
3 4 0 7  -0.0502665885
3 4 4 7  -0.0013305313
3 5 1 7  -0.0502665885
3 5 5 7  -0.0013305313
3 6 2 7  0.0530719777
3 6 6 7  0.0435540407
3 7 3 7  0.0530719777
3 7 7 7  0.0435540407
4 0 0 0  -0.0376766989
4 0 4 0  0.0540686014
4 1 1 0  -0.0376766989
4 1 5 0  0.0540686014
4 2 2 0  0.0070832223
4 2 6 0  -0.0502665885
4 3 3 0  0.0070832223
4 3 7 0  -0.0502665885
4 4 0 0  0.0540686014
4 4 4 0  -0.0012223214
4 5 1 0  0.0540686014
4 5 5 0  -0.0012223214
4 6 2 0  -0.0502665885
4 6 6 0  -0.0408806755
4 7 3 0  -0.0502665885
4 7 7 0  -0.0408806755
4 0 2 2  0.0453754665
4 0 6 2  -0.0290919097
4 1 3 2  0.0453754665
4 1 7 2  -0.0290919097
4 2 0 2  0.0453754665
4 2 4 2  0.0672965382
4 3 1 2  0.0453754665
4 3 5 2  0.0672965382
4 4 2 2  0.0672965382
4 4 6 2  -0.0455019231
4 5 3 2  0.0672965382
4 5 7 2  -0.0455019231
4 6 0 2  -0.0290919097
4 6 4 2  -0.0455019231
4 7 1 2  -0.0290919097
4 7 5 2  -0.0455019231
4 0 0 4  0.2198281607
4 0 4 4  -0.0012223214
4 1 1 4  0.2198281607
4 1 5 4  -0.0012223214
4 2 2 4  0.2220908808
4 2 6 4  -0.0013305313
4 3 3 4  0.2220908808
4 3 7 4  -0.0013305313
4 4 0 4  -0.0012223214
4 4 4 4  0.2300542754
4 5 1 4  -0.0012223214
4 5 5 4  0.2300542754
4 6 2 4  -0.0013305313
4 6 6 4  0.2329142816
4 7 3 4  -0.0013305313
4 7 7 4  0.2329142816
4 0 2 6  -0.0738085160
4 0 6 6  -0.0209905883
4 1 3 6  -0.0738085160
4 1 7 6  -0.0209905883
4 2 0 6  -0.0738085160
4 2 4 6  -0.0455019231
4 3 1 6  -0.0738085160
4 3 5 6  -0.0455019231
4 4 2 6  -0.0455019231
4 4 6 6  0.0799137160
4 5 3 6  -0.0455019231
4 5 7 6  0.0799137160
4 6 0 6  -0.0209905883
4 6 4 6  0.0799137160
4 7 1 6  -0.0209905883
4 7 5 6  0.0799137160
5 0 0 1  -0.0376766989
5 0 4 1  0.0540686014
5 1 1 1  -0.0376766989
5 1 5 1  0.0540686014
5 2 2 1  0.0070832223
5 2 6 1  -0.0502665885
5 3 3 1  0.0070832223
5 3 7 1  -0.0502665885
5 4 0 1  0.0540686014
5 4 4 1  -0.0012223214
5 5 1 1  0.0540686014
5 5 5 1  -0.0012223214
5 6 2 1  -0.0502665885
5 6 6 1  -0.0408806755
5 7 3 1  -0.0502665885
5 7 7 1  -0.0408806755
5 0 2 3  0.0453754665
5 0 6 3  -0.0290919097
5 1 3 3  0.0453754665
5 1 7 3  -0.0290919097
5 2 0 3  0.0453754665
5 2 4 3  0.0672965382
5 3 1 3  0.0453754665
5 3 5 3  0.0672965382
5 4 2 3  0.0672965382
5 4 6 3  -0.0455019231
5 5 3 3  0.0672965382
5 5 7 3  -0.0455019231
5 6 0 3  -0.0290919097
5 6 4 3  -0.0455019231
5 7 1 3  -0.0290919097
5 7 5 3  -0.0455019231
5 0 0 5  0.2198281607
5 0 4 5  -0.0012223214
5 1 1 5  0.2198281607
5 1 5 5  -0.0012223214
5 2 2 5  0.2220908808
5 2 6 5  -0.0013305313
5 3 3 5  0.2220908808
5 3 7 5  -0.0013305313
5 4 0 5  -0.0012223214
5 4 4 5  0.2300542754
5 5 1 5  -0.0012223214
5 5 5 5  0.2300542754
5 6 2 5  -0.0013305313
5 6 6 5  0.2329142816
5 7 3 5  -0.0013305313
5 7 7 5  0.2329142816
5 0 2 7  -0.0738085160
5 0 6 7  -0.0209905883
5 1 3 7  -0.0738085160
5 1 7 7  -0.0209905883
5 2 0 7  -0.0738085160
5 2 4 7  -0.0455019231
5 3 1 7  -0.0738085160
5 3 5 7  -0.0455019231
5 4 2 7  -0.0455019231
5 4 6 7  0.0799137160
5 5 3 7  -0.0455019231
5 5 7 7  0.0799137160
5 6 0 7  -0.0209905883
5 6 4 7  0.0799137160
5 7 1 7  -0.0209905883
5 7 5 7  0.0799137160
6 0 2 0  0.0205684947
6 0 6 0  0.0488852013
6 1 3 0  0.0205684947
6 1 7 0  0.0488852013
6 2 0 0  0.0205684947
6 2 4 0  -0.0290919097
6 3 1 0  0.0205684947
6 3 5 0  -0.0290919097
6 4 2 0  -0.0290919097
6 4 6 0  -0.0209905883
6 5 3 0  -0.0290919097
6 5 7 0  -0.0209905883
6 6 0 0  0.0488852013
6 6 4 0  -0.0209905883
6 7 1 0  0.0488852013
6 7 5 0  -0.0209905883
6 0 0 2  0.0381570401
6 0 4 2  -0.0502665885
6 1 1 2  0.0381570401
6 1 5 2  -0.0502665885
6 2 2 2  -0.0018240018
6 2 6 2  0.0530719777
6 3 3 2  -0.0018240018
6 3 7 2  0.0530719777
6 4 0 2  -0.0502665885
6 4 4 2  -0.0013305313
6 5 1 2  -0.0502665885
6 5 5 2  -0.0013305313
6 6 2 2  0.0530719777
6 6 6 2  0.0435540407
6 7 3 2  0.0530719777
6 7 7 2  0.0435540407
6 0 2 4  -0.0738085160
6 0 6 4  -0.0209905883
6 1 3 4  -0.0738085160
6 1 7 4  -0.0209905883
6 2 0 4  -0.0738085160
6 2 4 4  -0.0455019231
6 3 1 4  -0.0738085160
6 3 5 4  -0.0455019231
6 4 2 4  -0.0455019231
6 4 6 4  0.0799137160
6 5 3 4  -0.0455019231
6 5 7 4  0.0799137160
6 6 0 4  -0.0209905883
6 6 4 4  0.0799137160
6 7 1 4  -0.0209905883
6 7 5 4  0.0799137160
6 0 0 6  0.2532209772
6 0 4 6  -0.0408806755
6 1 1 6  0.2532209772
6 1 5 6  -0.0408806755
6 2 2 6  0.2257642443
6 2 6 6  0.0435540407
6 3 3 6  0.2257642443
6 3 7 6  0.0435540407
6 4 0 6  -0.0408806755
6 4 4 6  0.2329142816
6 5 1 6  -0.0408806755
6 5 5 6  0.2329142816
6 6 2 6  0.0435540407
6 6 6 6  0.2775719255
6 7 3 6  0.0435540407
6 7 7 6  0.2775719255
7 0 2 1  0.0205684947
7 0 6 1  0.0488852013
7 1 3 1  0.0205684947
7 1 7 1  0.0488852013
7 2 0 1  0.0205684947
7 2 4 1  -0.0290919097
7 3 1 1  0.0205684947
7 3 5 1  -0.0290919097
7 4 2 1  -0.0290919097
7 4 6 1  -0.0209905883
7 5 3 1  -0.0290919097
7 5 7 1  -0.0209905883
7 6 0 1  0.0488852013
7 6 4 1  -0.0209905883
7 7 1 1  0.0488852013
7 7 5 1  -0.0209905883
7 0 0 3  0.0381570401
7 0 4 3  -0.0502665885
7 1 1 3  0.0381570401
7 1 5 3  -0.0502665885
7 2 2 3  -0.0018240018
7 2 6 3  0.0530719777
7 3 3 3  -0.0018240018
7 3 7 3  0.0530719777
7 4 0 3  -0.0502665885
7 4 4 3  -0.0013305313
7 5 1 3  -0.0502665885
7 5 5 3  -0.0013305313
7 6 2 3  0.0530719777
7 6 6 3  0.0435540407
7 7 3 3  0.0530719777
7 7 7 3  0.0435540407
7 0 2 5  -0.0738085160
7 0 6 5  -0.0209905883
7 1 3 5  -0.0738085160
7 1 7 5  -0.0209905883
7 2 0 5  -0.0738085160
7 2 4 5  -0.0455019231
7 3 1 5  -0.0738085160
7 3 5 5  -0.0455019231
7 4 2 5  -0.0455019231
7 4 6 5  0.0799137160
7 5 3 5  -0.0455019231
7 5 7 5  0.0799137160
7 6 0 5  -0.0209905883
7 6 4 5  0.0799137160
7 7 1 5  -0.0209905883
7 7 5 5  0.0799137160
7 0 0 7  0.2532209772
7 0 4 7  -0.0408806755
7 1 1 7  0.2532209772
7 1 5 7  -0.0408806755
7 2 2 7  0.2257642443
7 2 6 7  0.0435540407
7 3 3 7  0.2257642443
7 3 7 7  0.0435540407
7 4 0 7  -0.0408806755
7 4 4 7  0.2329142816
7 5 1 7  -0.0408806755
7 5 5 7  0.2329142816
7 6 2 7  0.0435540407
7 6 6 7  0.2775719255
7 7 3 7  0.0435540407
7 7 7 7  0.2775719255

 E(FCI) = -2.1409629873

 E(HF)  = -2.0643394638
