 MO Integrals

2.6863890758
0 0  -2.0397878225
0 2  0.0004407043
0 4  0.0004407043
1 1  -2.0397878225
1 3  0.0004407043
1 5  0.0004407043
2 0  0.0004407043
2 2  -1.5758673269
2 4  0.0063568545
2 6  -0.0042826787
3 1  0.0004407043
3 3  -1.5758673269
3 5  0.0063568545
3 7  -0.0042826787
4 0  0.0004407043
4 2  0.0063568545
4 4  -1.5758673269
4 6  0.0042826787
5 1  0.0004407043
5 3  0.0063568545
5 5  -1.5758673269
5 7  0.0042826787
6 2  -0.0042826787
6 4  0.0042826787
6 6  -1.0698577472
7 3  -0.0042826787
7 5  0.0042826787
7 7  -1.0698577472
0 0 0 0  0.2584958368
0 0 2 0  -0.0020332707
0 0 4 0  -0.0020332707
0 1 1 0  0.2584958368
0 1 3 0  -0.0020332707
0 1 5 0  -0.0020332707
0 2 0 0  -0.0020332707
0 2 2 0  0.2512922172
0 2 4 0  -0.0000919421
0 2 6 0  0.0020376985
0 3 1 0  -0.0020332707
0 3 3 0  0.2512922172
0 3 5 0  -0.0000919421
0 3 7 0  0.0020376985
0 4 0 0  -0.0020332707
0 4 2 0  -0.0000919421
0 4 4 0  0.2512922172
0 4 6 0  -0.0020376985
0 5 1 0  -0.0020332707
0 5 3 0  -0.0000919421
0 5 5 0  0.2512922172
0 5 7 0  -0.0020376985
0 6 2 0  0.0020376985
0 6 4 0  -0.0020376985
0 6 6 0  0.2536656416
0 7 3 0  0.0020376985
0 7 5 0  -0.0020376985
0 7 7 0  0.2536656416
0 0 0 2  -0.0020332707
0 0 2 2  0.0680190699
0 0 4 2  -0.0004566636
0 0 6 2  0.0015295972
0 1 1 2  -0.0020332707
0 1 3 2  0.0680190699
0 1 5 2  -0.0004566636
0 1 7 2  0.0015295972
0 2 0 2  0.0680190699
0 2 2 2  0.0032715203
0 2 4 2  -0.0003326150
0 2 6 2  -0.0674747265
0 3 1 2  0.0680190699
0 3 3 2  0.0032715203
0 3 5 2  -0.0003326150
0 3 7 2  -0.0674747265
0 4 0 2  -0.0004566636
0 4 2 2  -0.0003326150
0 4 4 2  -0.0009086454
0 4 6 2  -0.0004208484
0 5 1 2  -0.0004566636
0 5 3 2  -0.0003326150
0 5 5 2  -0.0009086454
0 5 7 2  -0.0004208484
0 6 0 2  0.0015295972
0 6 2 2  -0.0674747265
0 6 4 2  -0.0004208484
0 6 6 2  -0.0024105633
0 7 1 2  0.0015295972
0 7 3 2  -0.0674747265
0 7 5 2  -0.0004208484
0 7 7 2  -0.0024105633
0 0 0 4  -0.0020332707
0 0 2 4  -0.0004566636
0 0 4 4  0.0680190699
0 0 6 4  -0.0015295972
0 1 1 4  -0.0020332707
0 1 3 4  -0.0004566636
0 1 5 4  0.0680190699
0 1 7 4  -0.0015295972
0 2 0 4  -0.0004566636
0 2 2 4  -0.0009086454
0 2 4 4  -0.0003326150
0 2 6 4  0.0004208484
0 3 1 4  -0.0004566636
0 3 3 4  -0.0009086454
0 3 5 4  -0.0003326150
0 3 7 4  0.0004208484
0 4 0 4  0.0680190699
0 4 2 4  -0.0003326150
0 4 4 4  0.0032715203
0 4 6 4  0.0674747265
0 5 1 4  0.0680190699
0 5 3 4  -0.0003326150
0 5 5 4  0.0032715203
0 5 7 4  0.0674747265
0 6 0 4  -0.0015295972
0 6 2 4  0.0004208484
0 6 4 4  0.0674747265
0 6 6 4  -0.0024105633
0 7 1 4  -0.0015295972
0 7 3 4  0.0004208484
0 7 5 4  0.0674747265
0 7 7 4  -0.0024105633
0 0 2 6  0.0015295972
0 0 4 6  -0.0015295972
0 0 6 6  0.0396583649
0 1 3 6  0.0015295972
0 1 5 6  -0.0015295972
0 1 7 6  0.0396583649
0 2 0 6  0.0015295972
0 2 2 6  -0.0398392551
0 2 6 6  -0.0017266792
0 3 1 6  0.0015295972
0 3 3 6  -0.0398392551
0 3 7 6  -0.0017266792
0 4 0 6  -0.0015295972
0 4 4 6  0.0398392551
0 4 6 6  -0.0017266792
0 5 1 6  -0.0015295972
0 5 5 6  0.0398392551
0 5 7 6  -0.0017266792
0 6 0 6  0.0396583649
0 6 2 6  -0.0017266792
0 6 4 6  -0.0017266792
0 7 1 6  0.0396583649
0 7 3 6  -0.0017266792
0 7 5 6  -0.0017266792
1 0 0 1  0.2584958368
1 0 2 1  -0.0020332707
1 0 4 1  -0.0020332707
1 1 1 1  0.2584958368
1 1 3 1  -0.0020332707
1 1 5 1  -0.0020332707
1 2 0 1  -0.0020332707
1 2 2 1  0.2512922172
1 2 4 1  -0.0000919421
1 2 6 1  0.0020376985
1 3 1 1  -0.0020332707
1 3 3 1  0.2512922172
1 3 5 1  -0.0000919421
1 3 7 1  0.0020376985
1 4 0 1  -0.0020332707
1 4 2 1  -0.0000919421
1 4 4 1  0.2512922172
1 4 6 1  -0.0020376985
1 5 1 1  -0.0020332707
1 5 3 1  -0.0000919421
1 5 5 1  0.2512922172
1 5 7 1  -0.0020376985
1 6 2 1  0.0020376985
1 6 4 1  -0.0020376985
1 6 6 1  0.2536656416
1 7 3 1  0.0020376985
1 7 5 1  -0.0020376985
1 7 7 1  0.2536656416
1 0 0 3  -0.0020332707
1 0 2 3  0.0680190699
1 0 4 3  -0.0004566636
1 0 6 3  0.0015295972
1 1 1 3  -0.0020332707
1 1 3 3  0.0680190699
1 1 5 3  -0.0004566636
1 1 7 3  0.0015295972
1 2 0 3  0.0680190699
1 2 2 3  0.0032715203
1 2 4 3  -0.0003326150
1 2 6 3  -0.0674747265
1 3 1 3  0.0680190699
1 3 3 3  0.0032715203
1 3 5 3  -0.0003326150
1 3 7 3  -0.0674747265
1 4 0 3  -0.0004566636
1 4 2 3  -0.0003326150
1 4 4 3  -0.0009086454
1 4 6 3  -0.0004208484
1 5 1 3  -0.0004566636
1 5 3 3  -0.0003326150
1 5 5 3  -0.0009086454
1 5 7 3  -0.0004208484
1 6 0 3  0.0015295972
1 6 2 3  -0.0674747265
1 6 4 3  -0.0004208484
1 6 6 3  -0.0024105633
1 7 1 3  0.0015295972
1 7 3 3  -0.0674747265
1 7 5 3  -0.0004208484
1 7 7 3  -0.0024105633
1 0 0 5  -0.0020332707
1 0 2 5  -0.0004566636
1 0 4 5  0.0680190699
1 0 6 5  -0.0015295972
1 1 1 5  -0.0020332707
1 1 3 5  -0.0004566636
1 1 5 5  0.0680190699
1 1 7 5  -0.0015295972
1 2 0 5  -0.0004566636
1 2 2 5  -0.0009086454
1 2 4 5  -0.0003326150
1 2 6 5  0.0004208484
1 3 1 5  -0.0004566636
1 3 3 5  -0.0009086454
1 3 5 5  -0.0003326150
1 3 7 5  0.0004208484
1 4 0 5  0.0680190699
1 4 2 5  -0.0003326150
1 4 4 5  0.0032715203
1 4 6 5  0.0674747265
1 5 1 5  0.0680190699
1 5 3 5  -0.0003326150
1 5 5 5  0.0032715203
1 5 7 5  0.0674747265
1 6 0 5  -0.0015295972
1 6 2 5  0.0004208484
1 6 4 5  0.0674747265
1 6 6 5  -0.0024105633
1 7 1 5  -0.0015295972
1 7 3 5  0.0004208484
1 7 5 5  0.0674747265
1 7 7 5  -0.0024105633
1 0 2 7  0.0015295972
1 0 4 7  -0.0015295972
1 0 6 7  0.0396583649
1 1 3 7  0.0015295972
1 1 5 7  -0.0015295972
1 1 7 7  0.0396583649
1 2 0 7  0.0015295972
1 2 2 7  -0.0398392551
1 2 6 7  -0.0017266792
1 3 1 7  0.0015295972
1 3 3 7  -0.0398392551
1 3 7 7  -0.0017266792
1 4 0 7  -0.0015295972
1 4 4 7  0.0398392551
1 4 6 7  -0.0017266792
1 5 1 7  -0.0015295972
1 5 5 7  0.0398392551
1 5 7 7  -0.0017266792
1 6 0 7  0.0396583649
1 6 2 7  -0.0017266792
1 6 4 7  -0.0017266792
1 7 1 7  0.0396583649
1 7 3 7  -0.0017266792
1 7 5 7  -0.0017266792
2 0 0 0  -0.0020332707
2 0 2 0  0.0680190699
2 0 4 0  -0.0004566636
2 0 6 0  0.0015295972
2 1 1 0  -0.0020332707
2 1 3 0  0.0680190699
2 1 5 0  -0.0004566636
2 1 7 0  0.0015295972
2 2 0 0  0.0680190699
2 2 2 0  0.0032715203
2 2 4 0  -0.0003326150
2 2 6 0  -0.0674747265
2 3 1 0  0.0680190699
2 3 3 0  0.0032715203
2 3 5 0  -0.0003326150
2 3 7 0  -0.0674747265
2 4 0 0  -0.0004566636
2 4 2 0  -0.0003326150
2 4 4 0  -0.0009086454
2 4 6 0  -0.0004208484
2 5 1 0  -0.0004566636
2 5 3 0  -0.0003326150
2 5 5 0  -0.0009086454
2 5 7 0  -0.0004208484
2 6 0 0  0.0015295972
2 6 2 0  -0.0674747265
2 6 4 0  -0.0004208484
2 6 6 0  -0.0024105633
2 7 1 0  0.0015295972
2 7 3 0  -0.0674747265
2 7 5 0  -0.0004208484
2 7 7 0  -0.0024105633
2 0 0 2  0.2512922172
2 0 2 2  0.0032715203
2 0 4 2  -0.0009086454
2 0 6 2  -0.0398392551
2 1 1 2  0.2512922172
2 1 3 2  0.0032715203
2 1 5 2  -0.0009086454
2 1 7 2  -0.0398392551
2 2 0 2  0.0032715203
2 2 2 2  0.2913800753
2 2 4 2  -0.0000918334
2 2 6 2  -0.0033996446
2 3 1 2  0.0032715203
2 3 3 2  0.2913800753
2 3 5 2  -0.0000918334
2 3 7 2  -0.0033996446
2 4 0 2  -0.0009086454
2 4 2 2  -0.0000918334
2 4 4 2  0.2105044372
2 4 6 2  -0.0006651220
2 5 1 2  -0.0009086454
2 5 3 2  -0.0000918334
2 5 5 2  0.2105044372
2 5 7 2  -0.0006651220
2 6 0 2  -0.0398392551
2 6 2 2  -0.0033996446
2 6 4 2  -0.0006651220
2 6 6 2  0.2571533666
2 7 1 2  -0.0398392551
2 7 3 2  -0.0033996446
2 7 5 2  -0.0006651220
2 7 7 2  0.2571533666
2 0 0 4  -0.0000919421
2 0 2 4  -0.0003326150
2 0 4 4  -0.0003326150
2 1 1 4  -0.0000919421
2 1 3 4  -0.0003326150
2 1 5 4  -0.0003326150
2 2 0 4  -0.0003326150
2 2 2 4  -0.0000918334
2 2 4 4  0.0048497683
2 2 6 4  0.0001937511
2 3 1 4  -0.0003326150
2 3 3 4  -0.0000918334
2 3 5 4  0.0048497683
2 3 7 4  0.0001937511
2 4 0 4  -0.0003326150
2 4 2 4  0.0048497683
2 4 4 4  -0.0000918334
2 4 6 4  -0.0001937511
2 5 1 4  -0.0003326150
2 5 3 4  0.0048497683
2 5 5 4  -0.0000918334
2 5 7 4  -0.0001937511
2 6 2 4  0.0001937511
2 6 4 4  -0.0001937511
2 6 6 4  -0.0000064589
2 7 3 4  0.0001937511
2 7 5 4  -0.0001937511
2 7 7 4  -0.0000064589
2 0 0 6  0.0020376985
2 0 2 6  -0.0674747265
2 0 4 6  0.0004208484
2 0 6 6  -0.0017266792
2 1 1 6  0.0020376985
2 1 3 6  -0.0674747265
2 1 5 6  0.0004208484
2 1 7 6  -0.0017266792
2 2 0 6  -0.0674747265
2 2 2 6  -0.0033996446
2 2 4 6  0.0001937511
2 2 6 6  0.0741353174
2 3 1 6  -0.0674747265
2 3 3 6  -0.0033996446
2 3 5 6  0.0001937511
2 3 7 6  0.0741353174
2 4 0 6  0.0004208484
2 4 2 6  0.0001937511
2 4 4 6  0.0006651220
2 4 6 6  0.0004763389
2 5 1 6  0.0004208484
2 5 3 6  0.0001937511
2 5 5 6  0.0006651220
2 5 7 6  0.0004763389
2 6 0 6  -0.0017266792
2 6 2 6  0.0741353174
2 6 4 6  0.0004763389
2 6 6 6  0.0024532413
2 7 1 6  -0.0017266792
2 7 3 6  0.0741353174
2 7 5 6  0.0004763389
2 7 7 6  0.0024532413
3 0 0 1  -0.0020332707
3 0 2 1  0.0680190699
3 0 4 1  -0.0004566636
3 0 6 1  0.0015295972
3 1 1 1  -0.0020332707
3 1 3 1  0.0680190699
3 1 5 1  -0.0004566636
3 1 7 1  0.0015295972
3 2 0 1  0.0680190699
3 2 2 1  0.0032715203
3 2 4 1  -0.0003326150
3 2 6 1  -0.0674747265
3 3 1 1  0.0680190699
3 3 3 1  0.0032715203
3 3 5 1  -0.0003326150
3 3 7 1  -0.0674747265
3 4 0 1  -0.0004566636
3 4 2 1  -0.0003326150
3 4 4 1  -0.0009086454
3 4 6 1  -0.0004208484
3 5 1 1  -0.0004566636
3 5 3 1  -0.0003326150
3 5 5 1  -0.0009086454
3 5 7 1  -0.0004208484
3 6 0 1  0.0015295972
3 6 2 1  -0.0674747265
3 6 4 1  -0.0004208484
3 6 6 1  -0.0024105633
3 7 1 1  0.0015295972
3 7 3 1  -0.0674747265
3 7 5 1  -0.0004208484
3 7 7 1  -0.0024105633
3 0 0 3  0.2512922172
3 0 2 3  0.0032715203
3 0 4 3  -0.0009086454
3 0 6 3  -0.0398392551
3 1 1 3  0.2512922172
3 1 3 3  0.0032715203
3 1 5 3  -0.0009086454
3 1 7 3  -0.0398392551
3 2 0 3  0.0032715203
3 2 2 3  0.2913800753
3 2 4 3  -0.0000918334
3 2 6 3  -0.0033996446
3 3 1 3  0.0032715203
3 3 3 3  0.2913800753
3 3 5 3  -0.0000918334
3 3 7 3  -0.0033996446
3 4 0 3  -0.0009086454
3 4 2 3  -0.0000918334
3 4 4 3  0.2105044372
3 4 6 3  -0.0006651220
3 5 1 3  -0.0009086454
3 5 3 3  -0.0000918334
3 5 5 3  0.2105044372
3 5 7 3  -0.0006651220
3 6 0 3  -0.0398392551
3 6 2 3  -0.0033996446
3 6 4 3  -0.0006651220
3 6 6 3  0.2571533666
3 7 1 3  -0.0398392551
3 7 3 3  -0.0033996446
3 7 5 3  -0.0006651220
3 7 7 3  0.2571533666
3 0 0 5  -0.0000919421
3 0 2 5  -0.0003326150
3 0 4 5  -0.0003326150
3 1 1 5  -0.0000919421
3 1 3 5  -0.0003326150
3 1 5 5  -0.0003326150
3 2 0 5  -0.0003326150
3 2 2 5  -0.0000918334
3 2 4 5  0.0048497683
3 2 6 5  0.0001937511
3 3 1 5  -0.0003326150
3 3 3 5  -0.0000918334
3 3 5 5  0.0048497683
3 3 7 5  0.0001937511
3 4 0 5  -0.0003326150
3 4 2 5  0.0048497683
3 4 4 5  -0.0000918334
3 4 6 5  -0.0001937511
3 5 1 5  -0.0003326150
3 5 3 5  0.0048497683
3 5 5 5  -0.0000918334
3 5 7 5  -0.0001937511
3 6 2 5  0.0001937511
3 6 4 5  -0.0001937511
3 6 6 5  -0.0000064589
3 7 3 5  0.0001937511
3 7 5 5  -0.0001937511
3 7 7 5  -0.0000064589
3 0 0 7  0.0020376985
3 0 2 7  -0.0674747265
3 0 4 7  0.0004208484
3 0 6 7  -0.0017266792
3 1 1 7  0.0020376985
3 1 3 7  -0.0674747265
3 1 5 7  0.0004208484
3 1 7 7  -0.0017266792
3 2 0 7  -0.0674747265
3 2 2 7  -0.0033996446
3 2 4 7  0.0001937511
3 2 6 7  0.0741353174
3 3 1 7  -0.0674747265
3 3 3 7  -0.0033996446
3 3 5 7  0.0001937511
3 3 7 7  0.0741353174
3 4 0 7  0.0004208484
3 4 2 7  0.0001937511
3 4 4 7  0.0006651220
3 4 6 7  0.0004763389
3 5 1 7  0.0004208484
3 5 3 7  0.0001937511
3 5 5 7  0.0006651220
3 5 7 7  0.0004763389
3 6 0 7  -0.0017266792
3 6 2 7  0.0741353174
3 6 4 7  0.0004763389
3 6 6 7  0.0024532413
3 7 1 7  -0.0017266792
3 7 3 7  0.0741353174
3 7 5 7  0.0004763389
3 7 7 7  0.0024532413
4 0 0 0  -0.0020332707
4 0 2 0  -0.0004566636
4 0 4 0  0.0680190699
4 0 6 0  -0.0015295972
4 1 1 0  -0.0020332707
4 1 3 0  -0.0004566636
4 1 5 0  0.0680190699
4 1 7 0  -0.0015295972
4 2 0 0  -0.0004566636
4 2 2 0  -0.0009086454
4 2 4 0  -0.0003326150
4 2 6 0  0.0004208484
4 3 1 0  -0.0004566636
4 3 3 0  -0.0009086454
4 3 5 0  -0.0003326150
4 3 7 0  0.0004208484
4 4 0 0  0.0680190699
4 4 2 0  -0.0003326150
4 4 4 0  0.0032715203
4 4 6 0  0.0674747265
4 5 1 0  0.0680190699
4 5 3 0  -0.0003326150
4 5 5 0  0.0032715203
4 5 7 0  0.0674747265
4 6 0 0  -0.0015295972
4 6 2 0  0.0004208484
4 6 4 0  0.0674747265
4 6 6 0  -0.0024105633
4 7 1 0  -0.0015295972
4 7 3 0  0.0004208484
4 7 5 0  0.0674747265
4 7 7 0  -0.0024105633
4 0 0 2  -0.0000919421
4 0 2 2  -0.0003326150
4 0 4 2  -0.0003326150
4 1 1 2  -0.0000919421
4 1 3 2  -0.0003326150
4 1 5 2  -0.0003326150
4 2 0 2  -0.0003326150
4 2 2 2  -0.0000918334
4 2 4 2  0.0048497683
4 2 6 2  0.0001937511
4 3 1 2  -0.0003326150
4 3 3 2  -0.0000918334
4 3 5 2  0.0048497683
4 3 7 2  0.0001937511
4 4 0 2  -0.0003326150
4 4 2 2  0.0048497683
4 4 4 2  -0.0000918334
4 4 6 2  -0.0001937511
4 5 1 2  -0.0003326150
4 5 3 2  0.0048497683
4 5 5 2  -0.0000918334
4 5 7 2  -0.0001937511
4 6 2 2  0.0001937511
4 6 4 2  -0.0001937511
4 6 6 2  -0.0000064589
4 7 3 2  0.0001937511
4 7 5 2  -0.0001937511
4 7 7 2  -0.0000064589
4 0 0 4  0.2512922172
4 0 2 4  -0.0009086454
4 0 4 4  0.0032715203
4 0 6 4  0.0398392551
4 1 1 4  0.2512922172
4 1 3 4  -0.0009086454
4 1 5 4  0.0032715203
4 1 7 4  0.0398392551
4 2 0 4  -0.0009086454
4 2 2 4  0.2105044372
4 2 4 4  -0.0000918334
4 2 6 4  0.0006651220
4 3 1 4  -0.0009086454
4 3 3 4  0.2105044372
4 3 5 4  -0.0000918334
4 3 7 4  0.0006651220
4 4 0 4  0.0032715203
4 4 2 4  -0.0000918334
4 4 4 4  0.2913800753
4 4 6 4  0.0033996446
4 5 1 4  0.0032715203
4 5 3 4  -0.0000918334
4 5 5 4  0.2913800753
4 5 7 4  0.0033996446
4 6 0 4  0.0398392551
4 6 2 4  0.0006651220
4 6 4 4  0.0033996446
4 6 6 4  0.2571533666
4 7 1 4  0.0398392551
4 7 3 4  0.0006651220
4 7 5 4  0.0033996446
4 7 7 4  0.2571533666
4 0 0 6  -0.0020376985
4 0 2 6  -0.0004208484
4 0 4 6  0.0674747265
4 0 6 6  -0.0017266792
4 1 1 6  -0.0020376985
4 1 3 6  -0.0004208484
4 1 5 6  0.0674747265
4 1 7 6  -0.0017266792
4 2 0 6  -0.0004208484
4 2 2 6  -0.0006651220
4 2 4 6  -0.0001937511
4 2 6 6  0.0004763389
4 3 1 6  -0.0004208484
4 3 3 6  -0.0006651220
4 3 5 6  -0.0001937511
4 3 7 6  0.0004763389
4 4 0 6  0.0674747265
4 4 2 6  -0.0001937511
4 4 4 6  0.0033996446
4 4 6 6  0.0741353174
4 5 1 6  0.0674747265
4 5 3 6  -0.0001937511
4 5 5 6  0.0033996446
4 5 7 6  0.0741353174
4 6 0 6  -0.0017266792
4 6 2 6  0.0004763389
4 6 4 6  0.0741353174
4 6 6 6  -0.0024532413
4 7 1 6  -0.0017266792
4 7 3 6  0.0004763389
4 7 5 6  0.0741353174
4 7 7 6  -0.0024532413
5 0 0 1  -0.0020332707
5 0 2 1  -0.0004566636
5 0 4 1  0.0680190699
5 0 6 1  -0.0015295972
5 1 1 1  -0.0020332707
5 1 3 1  -0.0004566636
5 1 5 1  0.0680190699
5 1 7 1  -0.0015295972
5 2 0 1  -0.0004566636
5 2 2 1  -0.0009086454
5 2 4 1  -0.0003326150
5 2 6 1  0.0004208484
5 3 1 1  -0.0004566636
5 3 3 1  -0.0009086454
5 3 5 1  -0.0003326150
5 3 7 1  0.0004208484
5 4 0 1  0.0680190699
5 4 2 1  -0.0003326150
5 4 4 1  0.0032715203
5 4 6 1  0.0674747265
5 5 1 1  0.0680190699
5 5 3 1  -0.0003326150
5 5 5 1  0.0032715203
5 5 7 1  0.0674747265
5 6 0 1  -0.0015295972
5 6 2 1  0.0004208484
5 6 4 1  0.0674747265
5 6 6 1  -0.0024105633
5 7 1 1  -0.0015295972
5 7 3 1  0.0004208484
5 7 5 1  0.0674747265
5 7 7 1  -0.0024105633
5 0 0 3  -0.0000919421
5 0 2 3  -0.0003326150
5 0 4 3  -0.0003326150
5 1 1 3  -0.0000919421
5 1 3 3  -0.0003326150
5 1 5 3  -0.0003326150
5 2 0 3  -0.0003326150
5 2 2 3  -0.0000918334
5 2 4 3  0.0048497683
5 2 6 3  0.0001937511
5 3 1 3  -0.0003326150
5 3 3 3  -0.0000918334
5 3 5 3  0.0048497683
5 3 7 3  0.0001937511
5 4 0 3  -0.0003326150
5 4 2 3  0.0048497683
5 4 4 3  -0.0000918334
5 4 6 3  -0.0001937511
5 5 1 3  -0.0003326150
5 5 3 3  0.0048497683
5 5 5 3  -0.0000918334
5 5 7 3  -0.0001937511
5 6 2 3  0.0001937511
5 6 4 3  -0.0001937511
5 6 6 3  -0.0000064589
5 7 3 3  0.0001937511
5 7 5 3  -0.0001937511
5 7 7 3  -0.0000064589
5 0 0 5  0.2512922172
5 0 2 5  -0.0009086454
5 0 4 5  0.0032715203
5 0 6 5  0.0398392551
5 1 1 5  0.2512922172
5 1 3 5  -0.0009086454
5 1 5 5  0.0032715203
5 1 7 5  0.0398392551
5 2 0 5  -0.0009086454
5 2 2 5  0.2105044372
5 2 4 5  -0.0000918334
5 2 6 5  0.0006651220
5 3 1 5  -0.0009086454
5 3 3 5  0.2105044372
5 3 5 5  -0.0000918334
5 3 7 5  0.0006651220
5 4 0 5  0.0032715203
5 4 2 5  -0.0000918334
5 4 4 5  0.2913800753
5 4 6 5  0.0033996446
5 5 1 5  0.0032715203
5 5 3 5  -0.0000918334
5 5 5 5  0.2913800753
5 5 7 5  0.0033996446
5 6 0 5  0.0398392551
5 6 2 5  0.0006651220
5 6 4 5  0.0033996446
5 6 6 5  0.2571533666
5 7 1 5  0.0398392551
5 7 3 5  0.0006651220
5 7 5 5  0.0033996446
5 7 7 5  0.2571533666
5 0 0 7  -0.0020376985
5 0 2 7  -0.0004208484
5 0 4 7  0.0674747265
5 0 6 7  -0.0017266792
5 1 1 7  -0.0020376985
5 1 3 7  -0.0004208484
5 1 5 7  0.0674747265
5 1 7 7  -0.0017266792
5 2 0 7  -0.0004208484
5 2 2 7  -0.0006651220
5 2 4 7  -0.0001937511
5 2 6 7  0.0004763389
5 3 1 7  -0.0004208484
5 3 3 7  -0.0006651220
5 3 5 7  -0.0001937511
5 3 7 7  0.0004763389
5 4 0 7  0.0674747265
5 4 2 7  -0.0001937511
5 4 4 7  0.0033996446
5 4 6 7  0.0741353174
5 5 1 7  0.0674747265
5 5 3 7  -0.0001937511
5 5 5 7  0.0033996446
5 5 7 7  0.0741353174
5 6 0 7  -0.0017266792
5 6 2 7  0.0004763389
5 6 4 7  0.0741353174
5 6 6 7  -0.0024532413
5 7 1 7  -0.0017266792
5 7 3 7  0.0004763389
5 7 5 7  0.0741353174
5 7 7 7  -0.0024532413
6 0 2 0  0.0015295972
6 0 4 0  -0.0015295972
6 0 6 0  0.0396583649
6 1 3 0  0.0015295972
6 1 5 0  -0.0015295972
6 1 7 0  0.0396583649
6 2 0 0  0.0015295972
6 2 2 0  -0.0398392551
6 2 6 0  -0.0017266792
6 3 1 0  0.0015295972
6 3 3 0  -0.0398392551
6 3 7 0  -0.0017266792
6 4 0 0  -0.0015295972
6 4 4 0  0.0398392551
6 4 6 0  -0.0017266792
6 5 1 0  -0.0015295972
6 5 5 0  0.0398392551
6 5 7 0  -0.0017266792
6 6 0 0  0.0396583649
6 6 2 0  -0.0017266792
6 6 4 0  -0.0017266792
6 7 1 0  0.0396583649
6 7 3 0  -0.0017266792
6 7 5 0  -0.0017266792
6 0 0 2  0.0020376985
6 0 2 2  -0.0674747265
6 0 4 2  0.0004208484
6 0 6 2  -0.0017266792
6 1 1 2  0.0020376985
6 1 3 2  -0.0674747265
6 1 5 2  0.0004208484
6 1 7 2  -0.0017266792
6 2 0 2  -0.0674747265
6 2 2 2  -0.0033996446
6 2 4 2  0.0001937511
6 2 6 2  0.0741353174
6 3 1 2  -0.0674747265
6 3 3 2  -0.0033996446
6 3 5 2  0.0001937511
6 3 7 2  0.0741353174
6 4 0 2  0.0004208484
6 4 2 2  0.0001937511
6 4 4 2  0.0006651220
6 4 6 2  0.0004763389
6 5 1 2  0.0004208484
6 5 3 2  0.0001937511
6 5 5 2  0.0006651220
6 5 7 2  0.0004763389
6 6 0 2  -0.0017266792
6 6 2 2  0.0741353174
6 6 4 2  0.0004763389
6 6 6 2  0.0024532413
6 7 1 2  -0.0017266792
6 7 3 2  0.0741353174
6 7 5 2  0.0004763389
6 7 7 2  0.0024532413
6 0 0 4  -0.0020376985
6 0 2 4  -0.0004208484
6 0 4 4  0.0674747265
6 0 6 4  -0.0017266792
6 1 1 4  -0.0020376985
6 1 3 4  -0.0004208484
6 1 5 4  0.0674747265
6 1 7 4  -0.0017266792
6 2 0 4  -0.0004208484
6 2 2 4  -0.0006651220
6 2 4 4  -0.0001937511
6 2 6 4  0.0004763389
6 3 1 4  -0.0004208484
6 3 3 4  -0.0006651220
6 3 5 4  -0.0001937511
6 3 7 4  0.0004763389
6 4 0 4  0.0674747265
6 4 2 4  -0.0001937511
6 4 4 4  0.0033996446
6 4 6 4  0.0741353174
6 5 1 4  0.0674747265
6 5 3 4  -0.0001937511
6 5 5 4  0.0033996446
6 5 7 4  0.0741353174
6 6 0 4  -0.0017266792
6 6 2 4  0.0004763389
6 6 4 4  0.0741353174
6 6 6 4  -0.0024532413
6 7 1 4  -0.0017266792
6 7 3 4  0.0004763389
6 7 5 4  0.0741353174
6 7 7 4  -0.0024532413
6 0 0 6  0.2536656416
6 0 2 6  -0.0024105633
6 0 4 6  -0.0024105633
6 1 1 6  0.2536656416
6 1 3 6  -0.0024105633
6 1 5 6  -0.0024105633
6 2 0 6  -0.0024105633
6 2 2 6  0.2571533666
6 2 4 6  -0.0000064589
6 2 6 6  0.0024532413
6 3 1 6  -0.0024105633
6 3 3 6  0.2571533666
6 3 5 6  -0.0000064589
6 3 7 6  0.0024532413
6 4 0 6  -0.0024105633
6 4 2 6  -0.0000064589
6 4 4 6  0.2571533666
6 4 6 6  -0.0024532413
6 5 1 6  -0.0024105633
6 5 3 6  -0.0000064589
6 5 5 6  0.2571533666
6 5 7 6  -0.0024532413
6 6 2 6  0.0024532413
6 6 4 6  -0.0024532413
6 6 6 6  0.2685970533
6 7 3 6  0.0024532413
6 7 5 6  -0.0024532413
6 7 7 6  0.2685970533
7 0 2 1  0.0015295972
7 0 4 1  -0.0015295972
7 0 6 1  0.0396583649
7 1 3 1  0.0015295972
7 1 5 1  -0.0015295972
7 1 7 1  0.0396583649
7 2 0 1  0.0015295972
7 2 2 1  -0.0398392551
7 2 6 1  -0.0017266792
7 3 1 1  0.0015295972
7 3 3 1  -0.0398392551
7 3 7 1  -0.0017266792
7 4 0 1  -0.0015295972
7 4 4 1  0.0398392551
7 4 6 1  -0.0017266792
7 5 1 1  -0.0015295972
7 5 5 1  0.0398392551
7 5 7 1  -0.0017266792
7 6 0 1  0.0396583649
7 6 2 1  -0.0017266792
7 6 4 1  -0.0017266792
7 7 1 1  0.0396583649
7 7 3 1  -0.0017266792
7 7 5 1  -0.0017266792
7 0 0 3  0.0020376985
7 0 2 3  -0.0674747265
7 0 4 3  0.0004208484
7 0 6 3  -0.0017266792
7 1 1 3  0.0020376985
7 1 3 3  -0.0674747265
7 1 5 3  0.0004208484
7 1 7 3  -0.0017266792
7 2 0 3  -0.0674747265
7 2 2 3  -0.0033996446
7 2 4 3  0.0001937511
7 2 6 3  0.0741353174
7 3 1 3  -0.0674747265
7 3 3 3  -0.0033996446
7 3 5 3  0.0001937511
7 3 7 3  0.0741353174
7 4 0 3  0.0004208484
7 4 2 3  0.0001937511
7 4 4 3  0.0006651220
7 4 6 3  0.0004763389
7 5 1 3  0.0004208484
7 5 3 3  0.0001937511
7 5 5 3  0.0006651220
7 5 7 3  0.0004763389
7 6 0 3  -0.0017266792
7 6 2 3  0.0741353174
7 6 4 3  0.0004763389
7 6 6 3  0.0024532413
7 7 1 3  -0.0017266792
7 7 3 3  0.0741353174
7 7 5 3  0.0004763389
7 7 7 3  0.0024532413
7 0 0 5  -0.0020376985
7 0 2 5  -0.0004208484
7 0 4 5  0.0674747265
7 0 6 5  -0.0017266792
7 1 1 5  -0.0020376985
7 1 3 5  -0.0004208484
7 1 5 5  0.0674747265
7 1 7 5  -0.0017266792
7 2 0 5  -0.0004208484
7 2 2 5  -0.0006651220
7 2 4 5  -0.0001937511
7 2 6 5  0.0004763389
7 3 1 5  -0.0004208484
7 3 3 5  -0.0006651220
7 3 5 5  -0.0001937511
7 3 7 5  0.0004763389
7 4 0 5  0.0674747265
7 4 2 5  -0.0001937511
7 4 4 5  0.0033996446
7 4 6 5  0.0741353174
7 5 1 5  0.0674747265
7 5 3 5  -0.0001937511
7 5 5 5  0.0033996446
7 5 7 5  0.0741353174
7 6 0 5  -0.0017266792
7 6 2 5  0.0004763389
7 6 4 5  0.0741353174
7 6 6 5  -0.0024532413
7 7 1 5  -0.0017266792
7 7 3 5  0.0004763389
7 7 5 5  0.0741353174
7 7 7 5  -0.0024532413
7 0 0 7  0.2536656416
7 0 2 7  -0.0024105633
7 0 4 7  -0.0024105633
7 1 1 7  0.2536656416
7 1 3 7  -0.0024105633
7 1 5 7  -0.0024105633
7 2 0 7  -0.0024105633
7 2 2 7  0.2571533666
7 2 4 7  -0.0000064589
7 2 6 7  0.0024532413
7 3 1 7  -0.0024105633
7 3 3 7  0.2571533666
7 3 5 7  -0.0000064589
7 3 7 7  0.0024532413
7 4 0 7  -0.0024105633
7 4 2 7  -0.0000064589
7 4 4 7  0.2571533666
7 4 6 7  -0.0024532413
7 5 1 7  -0.0024105633
7 5 3 7  -0.0000064589
7 5 5 7  0.2571533666
7 5 7 7  -0.0024532413
7 6 2 7  0.0024532413
7 6 4 7  -0.0024532413
7 6 6 7  0.2685970533
7 7 3 7  0.0024532413
7 7 5 7  -0.0024532413
7 7 7 7  0.2685970533

 E(FCI) = -1.9429943491

 E(HF)  = -1.7069079407
