 MO Integrals

2.1785208212
0 0  -1.7782693616
0 2  0.1040563528
0 4  0.1040563528
1 1  -1.7782693616
1 3  0.1040563528
1 5  0.1040563528
2 0  0.1040563528
2 2  -1.3690979687
2 4  0.1398135912
2 6  0.0864875981
3 1  0.1040563528
3 3  -1.3690979687
3 5  0.1398135912
3 7  0.0864875981
4 0  0.1040563528
4 2  0.1398135912
4 4  -1.3690979687
4 6  -0.0864875981
5 1  0.1040563528
5 3  0.1398135912
5 5  -1.3690979687
5 7  -0.0864875981
6 2  0.0864875981
6 4  -0.0864875981
6 6  -0.9469038416
7 3  0.0864875981
7 5  -0.0864875981
7 7  -0.9469038416
0 0 0 0  0.2434425258
0 0 2 0  -0.0280667070
0 0 4 0  -0.0280667070
0 1 1 0  0.2434425258
0 1 3 0  -0.0280667070
0 1 5 0  -0.0280667070
0 2 0 0  -0.0280667070
0 2 2 0  0.2148468567
0 2 4 0  0.0021774080
0 2 6 0  -0.0287513812
0 3 1 0  -0.0280667070
0 3 3 0  0.2148468567
0 3 5 0  0.0021774080
0 3 7 0  -0.0287513812
0 4 0 0  -0.0280667070
0 4 2 0  0.0021774080
0 4 4 0  0.2148468567
0 4 6 0  0.0287513812
0 5 1 0  -0.0280667070
0 5 3 0  0.0021774080
0 5 5 0  0.2148468567
0 5 7 0  0.0287513812
0 6 2 0  -0.0287513812
0 6 4 0  0.0287513812
0 6 6 0  0.2545012327
0 7 3 0  -0.0287513812
0 7 5 0  0.0287513812
0 7 7 0  0.2545012327
0 0 0 2  -0.0280667070
0 0 2 2  0.0655434380
0 0 4 2  -0.0118645248
0 0 6 2  -0.0152879140
0 1 1 2  -0.0280667070
0 1 3 2  0.0655434380
0 1 5 2  -0.0118645248
0 1 7 2  -0.0152879140
0 2 0 2  0.0655434380
0 2 2 2  0.0357714006
0 2 4 2  -0.0026279948
0 2 6 2  0.0621629528
0 3 1 2  0.0655434380
0 3 3 2  0.0357714006
0 3 5 2  -0.0026279948
0 3 7 2  0.0621629528
0 4 0 2  -0.0118645248
0 4 2 2  -0.0026279948
0 4 4 2  -0.0321377856
0 4 6 2  0.0125561905
0 5 1 2  -0.0118645248
0 5 3 2  -0.0026279948
0 5 5 2  -0.0321377856
0 5 7 2  0.0125561905
0 6 0 2  -0.0152879140
0 6 2 2  0.0621629528
0 6 4 2  0.0125561905
0 6 6 2  -0.0296215051
0 7 1 2  -0.0152879140
0 7 3 2  0.0621629528
0 7 5 2  0.0125561905
0 7 7 2  -0.0296215051
0 0 0 4  -0.0280667070
0 0 2 4  -0.0118645248
0 0 4 4  0.0655434380
0 0 6 4  0.0152879140
0 1 1 4  -0.0280667070
0 1 3 4  -0.0118645248
0 1 5 4  0.0655434380
0 1 7 4  0.0152879140
0 2 0 4  -0.0118645248
0 2 2 4  -0.0321377856
0 2 4 4  -0.0026279948
0 2 6 4  -0.0125561905
0 3 1 4  -0.0118645248
0 3 3 4  -0.0321377856
0 3 5 4  -0.0026279948
0 3 7 4  -0.0125561905
0 4 0 4  0.0655434380
0 4 2 4  -0.0026279948
0 4 4 4  0.0357714006
0 4 6 4  -0.0621629528
0 5 1 4  0.0655434380
0 5 3 4  -0.0026279948
0 5 5 4  0.0357714006
0 5 7 4  -0.0621629528
0 6 0 4  0.0152879140
0 6 2 4  -0.0125561905
0 6 4 4  -0.0621629528
0 6 6 4  -0.0296215051
0 7 1 4  0.0152879140
0 7 3 4  -0.0125561905
0 7 5 4  -0.0621629528
0 7 7 4  -0.0296215051
0 0 2 6  -0.0152879140
0 0 4 6  0.0152879140
0 0 6 6  0.0495205069
0 1 3 6  -0.0152879140
0 1 5 6  0.0152879140
0 1 7 6  0.0495205069
0 2 0 6  -0.0152879140
0 2 2 6  0.0276595558
0 2 6 6  -0.0148439340
0 3 1 6  -0.0152879140
0 3 3 6  0.0276595558
0 3 7 6  -0.0148439340
0 4 0 6  0.0152879140
0 4 4 6  -0.0276595558
0 4 6 6  -0.0148439340
0 5 1 6  0.0152879140
0 5 5 6  -0.0276595558
0 5 7 6  -0.0148439340
0 6 0 6  0.0495205069
0 6 2 6  -0.0148439340
0 6 4 6  -0.0148439340
0 7 1 6  0.0495205069
0 7 3 6  -0.0148439340
0 7 5 6  -0.0148439340
1 0 0 1  0.2434425258
1 0 2 1  -0.0280667070
1 0 4 1  -0.0280667070
1 1 1 1  0.2434425258
1 1 3 1  -0.0280667070
1 1 5 1  -0.0280667070
1 2 0 1  -0.0280667070
1 2 2 1  0.2148468567
1 2 4 1  0.0021774080
1 2 6 1  -0.0287513812
1 3 1 1  -0.0280667070
1 3 3 1  0.2148468567
1 3 5 1  0.0021774080
1 3 7 1  -0.0287513812
1 4 0 1  -0.0280667070
1 4 2 1  0.0021774080
1 4 4 1  0.2148468567
1 4 6 1  0.0287513812
1 5 1 1  -0.0280667070
1 5 3 1  0.0021774080
1 5 5 1  0.2148468567
1 5 7 1  0.0287513812
1 6 2 1  -0.0287513812
1 6 4 1  0.0287513812
1 6 6 1  0.2545012327
1 7 3 1  -0.0287513812
1 7 5 1  0.0287513812
1 7 7 1  0.2545012327
1 0 0 3  -0.0280667070
1 0 2 3  0.0655434380
1 0 4 3  -0.0118645248
1 0 6 3  -0.0152879140
1 1 1 3  -0.0280667070
1 1 3 3  0.0655434380
1 1 5 3  -0.0118645248
1 1 7 3  -0.0152879140
1 2 0 3  0.0655434380
1 2 2 3  0.0357714006
1 2 4 3  -0.0026279948
1 2 6 3  0.0621629528
1 3 1 3  0.0655434380
1 3 3 3  0.0357714006
1 3 5 3  -0.0026279948
1 3 7 3  0.0621629528
1 4 0 3  -0.0118645248
1 4 2 3  -0.0026279948
1 4 4 3  -0.0321377856
1 4 6 3  0.0125561905
1 5 1 3  -0.0118645248
1 5 3 3  -0.0026279948
1 5 5 3  -0.0321377856
1 5 7 3  0.0125561905
1 6 0 3  -0.0152879140
1 6 2 3  0.0621629528
1 6 4 3  0.0125561905
1 6 6 3  -0.0296215051
1 7 1 3  -0.0152879140
1 7 3 3  0.0621629528
1 7 5 3  0.0125561905
1 7 7 3  -0.0296215051
1 0 0 5  -0.0280667070
1 0 2 5  -0.0118645248
1 0 4 5  0.0655434380
1 0 6 5  0.0152879140
1 1 1 5  -0.0280667070
1 1 3 5  -0.0118645248
1 1 5 5  0.0655434380
1 1 7 5  0.0152879140
1 2 0 5  -0.0118645248
1 2 2 5  -0.0321377856
1 2 4 5  -0.0026279948
1 2 6 5  -0.0125561905
1 3 1 5  -0.0118645248
1 3 3 5  -0.0321377856
1 3 5 5  -0.0026279948
1 3 7 5  -0.0125561905
1 4 0 5  0.0655434380
1 4 2 5  -0.0026279948
1 4 4 5  0.0357714006
1 4 6 5  -0.0621629528
1 5 1 5  0.0655434380
1 5 3 5  -0.0026279948
1 5 5 5  0.0357714006
1 5 7 5  -0.0621629528
1 6 0 5  0.0152879140
1 6 2 5  -0.0125561905
1 6 4 5  -0.0621629528
1 6 6 5  -0.0296215051
1 7 1 5  0.0152879140
1 7 3 5  -0.0125561905
1 7 5 5  -0.0621629528
1 7 7 5  -0.0296215051
1 0 2 7  -0.0152879140
1 0 4 7  0.0152879140
1 0 6 7  0.0495205069
1 1 3 7  -0.0152879140
1 1 5 7  0.0152879140
1 1 7 7  0.0495205069
1 2 0 7  -0.0152879140
1 2 2 7  0.0276595558
1 2 6 7  -0.0148439340
1 3 1 7  -0.0152879140
1 3 3 7  0.0276595558
1 3 7 7  -0.0148439340
1 4 0 7  0.0152879140
1 4 4 7  -0.0276595558
1 4 6 7  -0.0148439340
1 5 1 7  0.0152879140
1 5 5 7  -0.0276595558
1 5 7 7  -0.0148439340
1 6 0 7  0.0495205069
1 6 2 7  -0.0148439340
1 6 4 7  -0.0148439340
1 7 1 7  0.0495205069
1 7 3 7  -0.0148439340
1 7 5 7  -0.0148439340
2 0 0 0  -0.0280667070
2 0 2 0  0.0655434380
2 0 4 0  -0.0118645248
2 0 6 0  -0.0152879140
2 1 1 0  -0.0280667070
2 1 3 0  0.0655434380
2 1 5 0  -0.0118645248
2 1 7 0  -0.0152879140
2 2 0 0  0.0655434380
2 2 2 0  0.0357714006
2 2 4 0  -0.0026279948
2 2 6 0  0.0621629528
2 3 1 0  0.0655434380
2 3 3 0  0.0357714006
2 3 5 0  -0.0026279948
2 3 7 0  0.0621629528
2 4 0 0  -0.0118645248
2 4 2 0  -0.0026279948
2 4 4 0  -0.0321377856
2 4 6 0  0.0125561905
2 5 1 0  -0.0118645248
2 5 3 0  -0.0026279948
2 5 5 0  -0.0321377856
2 5 7 0  0.0125561905
2 6 0 0  -0.0152879140
2 6 2 0  0.0621629528
2 6 4 0  0.0125561905
2 6 6 0  -0.0296215051
2 7 1 0  -0.0152879140
2 7 3 0  0.0621629528
2 7 5 0  0.0125561905
2 7 7 0  -0.0296215051
2 0 0 2  0.2148468567
2 0 2 2  0.0357714006
2 0 4 2  -0.0321377856
2 0 6 2  0.0276595558
2 1 1 2  0.2148468567
2 1 3 2  0.0357714006
2 1 5 2  -0.0321377856
2 1 7 2  0.0276595558
2 2 0 2  0.0357714006
2 2 2 2  0.2916928741
2 2 4 2  0.0015122176
2 2 6 2  0.0349781379
2 3 1 2  0.0357714006
2 3 3 2  0.2916928741
2 3 5 2  0.0015122176
2 3 7 2  0.0349781379
2 4 0 2  -0.0321377856
2 4 2 2  0.0015122176
2 4 4 2  0.1528820893
2 4 6 2  0.0340842562
2 5 1 2  -0.0321377856
2 5 3 2  0.0015122176
2 5 5 2  0.1528820893
2 5 7 2  0.0340842562
2 6 0 2  0.0276595558
2 6 2 2  0.0349781379
2 6 4 2  0.0340842562
2 6 6 2  0.2285395050
2 7 1 2  0.0276595558
2 7 3 2  0.0349781379
2 7 5 2  0.0340842562
2 7 7 2  0.2285395050
2 0 0 4  0.0021774080
2 0 2 4  -0.0026279948
2 0 4 4  -0.0026279948
2 1 1 4  0.0021774080
2 1 3 4  -0.0026279948
2 1 5 4  -0.0026279948
2 2 0 4  -0.0026279948
2 2 2 4  0.0015122176
2 2 4 4  0.0028877812
2 2 6 4  0.0002239149
2 3 1 4  -0.0026279948
2 3 3 4  0.0015122176
2 3 5 4  0.0028877812
2 3 7 4  0.0002239149
2 4 0 4  -0.0026279948
2 4 2 4  0.0028877812
2 4 4 4  0.0015122176
2 4 6 4  -0.0002239149
2 5 1 4  -0.0026279948
2 5 3 4  0.0028877812
2 5 5 4  0.0015122176
2 5 7 4  -0.0002239149
2 6 2 4  0.0002239149
2 6 4 4  -0.0002239149
2 6 6 4  0.0036553009
2 7 3 4  0.0002239149
2 7 5 4  -0.0002239149
2 7 7 4  0.0036553009
2 0 0 6  -0.0287513812
2 0 2 6  0.0621629528
2 0 4 6  -0.0125561905
2 0 6 6  -0.0148439340
2 1 1 6  -0.0287513812
2 1 3 6  0.0621629528
2 1 5 6  -0.0125561905
2 1 7 6  -0.0148439340
2 2 0 6  0.0621629528
2 2 2 6  0.0349781379
2 2 4 6  0.0002239149
2 2 6 6  0.0665542142
2 3 1 6  0.0621629528
2 3 3 6  0.0349781379
2 3 5 6  0.0002239149
2 3 7 6  0.0665542142
2 4 0 6  -0.0125561905
2 4 2 6  0.0002239149
2 4 4 6  -0.0340842562
2 4 6 6  0.0140603747
2 5 1 6  -0.0125561905
2 5 3 6  0.0002239149
2 5 5 6  -0.0340842562
2 5 7 6  0.0140603747
2 6 0 6  -0.0148439340
2 6 2 6  0.0665542142
2 6 4 6  0.0140603747
2 6 6 6  -0.0318985942
2 7 1 6  -0.0148439340
2 7 3 6  0.0665542142
2 7 5 6  0.0140603747
2 7 7 6  -0.0318985942
3 0 0 1  -0.0280667070
3 0 2 1  0.0655434380
3 0 4 1  -0.0118645248
3 0 6 1  -0.0152879140
3 1 1 1  -0.0280667070
3 1 3 1  0.0655434380
3 1 5 1  -0.0118645248
3 1 7 1  -0.0152879140
3 2 0 1  0.0655434380
3 2 2 1  0.0357714006
3 2 4 1  -0.0026279948
3 2 6 1  0.0621629528
3 3 1 1  0.0655434380
3 3 3 1  0.0357714006
3 3 5 1  -0.0026279948
3 3 7 1  0.0621629528
3 4 0 1  -0.0118645248
3 4 2 1  -0.0026279948
3 4 4 1  -0.0321377856
3 4 6 1  0.0125561905
3 5 1 1  -0.0118645248
3 5 3 1  -0.0026279948
3 5 5 1  -0.0321377856
3 5 7 1  0.0125561905
3 6 0 1  -0.0152879140
3 6 2 1  0.0621629528
3 6 4 1  0.0125561905
3 6 6 1  -0.0296215051
3 7 1 1  -0.0152879140
3 7 3 1  0.0621629528
3 7 5 1  0.0125561905
3 7 7 1  -0.0296215051
3 0 0 3  0.2148468567
3 0 2 3  0.0357714006
3 0 4 3  -0.0321377856
3 0 6 3  0.0276595558
3 1 1 3  0.2148468567
3 1 3 3  0.0357714006
3 1 5 3  -0.0321377856
3 1 7 3  0.0276595558
3 2 0 3  0.0357714006
3 2 2 3  0.2916928741
3 2 4 3  0.0015122176
3 2 6 3  0.0349781379
3 3 1 3  0.0357714006
3 3 3 3  0.2916928741
3 3 5 3  0.0015122176
3 3 7 3  0.0349781379
3 4 0 3  -0.0321377856
3 4 2 3  0.0015122176
3 4 4 3  0.1528820893
3 4 6 3  0.0340842562
3 5 1 3  -0.0321377856
3 5 3 3  0.0015122176
3 5 5 3  0.1528820893
3 5 7 3  0.0340842562
3 6 0 3  0.0276595558
3 6 2 3  0.0349781379
3 6 4 3  0.0340842562
3 6 6 3  0.2285395050
3 7 1 3  0.0276595558
3 7 3 3  0.0349781379
3 7 5 3  0.0340842562
3 7 7 3  0.2285395050
3 0 0 5  0.0021774080
3 0 2 5  -0.0026279948
3 0 4 5  -0.0026279948
3 1 1 5  0.0021774080
3 1 3 5  -0.0026279948
3 1 5 5  -0.0026279948
3 2 0 5  -0.0026279948
3 2 2 5  0.0015122176
3 2 4 5  0.0028877812
3 2 6 5  0.0002239149
3 3 1 5  -0.0026279948
3 3 3 5  0.0015122176
3 3 5 5  0.0028877812
3 3 7 5  0.0002239149
3 4 0 5  -0.0026279948
3 4 2 5  0.0028877812
3 4 4 5  0.0015122176
3 4 6 5  -0.0002239149
3 5 1 5  -0.0026279948
3 5 3 5  0.0028877812
3 5 5 5  0.0015122176
3 5 7 5  -0.0002239149
3 6 2 5  0.0002239149
3 6 4 5  -0.0002239149
3 6 6 5  0.0036553009
3 7 3 5  0.0002239149
3 7 5 5  -0.0002239149
3 7 7 5  0.0036553009
3 0 0 7  -0.0287513812
3 0 2 7  0.0621629528
3 0 4 7  -0.0125561905
3 0 6 7  -0.0148439340
3 1 1 7  -0.0287513812
3 1 3 7  0.0621629528
3 1 5 7  -0.0125561905
3 1 7 7  -0.0148439340
3 2 0 7  0.0621629528
3 2 2 7  0.0349781379
3 2 4 7  0.0002239149
3 2 6 7  0.0665542142
3 3 1 7  0.0621629528
3 3 3 7  0.0349781379
3 3 5 7  0.0002239149
3 3 7 7  0.0665542142
3 4 0 7  -0.0125561905
3 4 2 7  0.0002239149
3 4 4 7  -0.0340842562
3 4 6 7  0.0140603747
3 5 1 7  -0.0125561905
3 5 3 7  0.0002239149
3 5 5 7  -0.0340842562
3 5 7 7  0.0140603747
3 6 0 7  -0.0148439340
3 6 2 7  0.0665542142
3 6 4 7  0.0140603747
3 6 6 7  -0.0318985942
3 7 1 7  -0.0148439340
3 7 3 7  0.0665542142
3 7 5 7  0.0140603747
3 7 7 7  -0.0318985942
4 0 0 0  -0.0280667070
4 0 2 0  -0.0118645248
4 0 4 0  0.0655434380
4 0 6 0  0.0152879140
4 1 1 0  -0.0280667070
4 1 3 0  -0.0118645248
4 1 5 0  0.0655434380
4 1 7 0  0.0152879140
4 2 0 0  -0.0118645248
4 2 2 0  -0.0321377856
4 2 4 0  -0.0026279948
4 2 6 0  -0.0125561905
4 3 1 0  -0.0118645248
4 3 3 0  -0.0321377856
4 3 5 0  -0.0026279948
4 3 7 0  -0.0125561905
4 4 0 0  0.0655434380
4 4 2 0  -0.0026279948
4 4 4 0  0.0357714006
4 4 6 0  -0.0621629528
4 5 1 0  0.0655434380
4 5 3 0  -0.0026279948
4 5 5 0  0.0357714006
4 5 7 0  -0.0621629528
4 6 0 0  0.0152879140
4 6 2 0  -0.0125561905
4 6 4 0  -0.0621629528
4 6 6 0  -0.0296215051
4 7 1 0  0.0152879140
4 7 3 0  -0.0125561905
4 7 5 0  -0.0621629528
4 7 7 0  -0.0296215051
4 0 0 2  0.0021774080
4 0 2 2  -0.0026279948
4 0 4 2  -0.0026279948
4 1 1 2  0.0021774080
4 1 3 2  -0.0026279948
4 1 5 2  -0.0026279948
4 2 0 2  -0.0026279948
4 2 2 2  0.0015122176
4 2 4 2  0.0028877812
4 2 6 2  0.0002239149
4 3 1 2  -0.0026279948
4 3 3 2  0.0015122176
4 3 5 2  0.0028877812
4 3 7 2  0.0002239149
4 4 0 2  -0.0026279948
4 4 2 2  0.0028877812
4 4 4 2  0.0015122176
4 4 6 2  -0.0002239149
4 5 1 2  -0.0026279948
4 5 3 2  0.0028877812
4 5 5 2  0.0015122176
4 5 7 2  -0.0002239149
4 6 2 2  0.0002239149
4 6 4 2  -0.0002239149
4 6 6 2  0.0036553009
4 7 3 2  0.0002239149
4 7 5 2  -0.0002239149
4 7 7 2  0.0036553009
4 0 0 4  0.2148468567
4 0 2 4  -0.0321377856
4 0 4 4  0.0357714006
4 0 6 4  -0.0276595558
4 1 1 4  0.2148468567
4 1 3 4  -0.0321377856
4 1 5 4  0.0357714006
4 1 7 4  -0.0276595558
4 2 0 4  -0.0321377856
4 2 2 4  0.1528820893
4 2 4 4  0.0015122176
4 2 6 4  -0.0340842562
4 3 1 4  -0.0321377856
4 3 3 4  0.1528820893
4 3 5 4  0.0015122176
4 3 7 4  -0.0340842562
4 4 0 4  0.0357714006
4 4 2 4  0.0015122176
4 4 4 4  0.2916928741
4 4 6 4  -0.0349781379
4 5 1 4  0.0357714006
4 5 3 4  0.0015122176
4 5 5 4  0.2916928741
4 5 7 4  -0.0349781379
4 6 0 4  -0.0276595558
4 6 2 4  -0.0340842562
4 6 4 4  -0.0349781379
4 6 6 4  0.2285395050
4 7 1 4  -0.0276595558
4 7 3 4  -0.0340842562
4 7 5 4  -0.0349781379
4 7 7 4  0.2285395050
4 0 0 6  0.0287513812
4 0 2 6  0.0125561905
4 0 4 6  -0.0621629528
4 0 6 6  -0.0148439340
4 1 1 6  0.0287513812
4 1 3 6  0.0125561905
4 1 5 6  -0.0621629528
4 1 7 6  -0.0148439340
4 2 0 6  0.0125561905
4 2 2 6  0.0340842562
4 2 4 6  -0.0002239149
4 2 6 6  0.0140603747
4 3 1 6  0.0125561905
4 3 3 6  0.0340842562
4 3 5 6  -0.0002239149
4 3 7 6  0.0140603747
4 4 0 6  -0.0621629528
4 4 2 6  -0.0002239149
4 4 4 6  -0.0349781379
4 4 6 6  0.0665542142
4 5 1 6  -0.0621629528
4 5 3 6  -0.0002239149
4 5 5 6  -0.0349781379
4 5 7 6  0.0665542142
4 6 0 6  -0.0148439340
4 6 2 6  0.0140603747
4 6 4 6  0.0665542142
4 6 6 6  0.0318985942
4 7 1 6  -0.0148439340
4 7 3 6  0.0140603747
4 7 5 6  0.0665542142
4 7 7 6  0.0318985942
5 0 0 1  -0.0280667070
5 0 2 1  -0.0118645248
5 0 4 1  0.0655434380
5 0 6 1  0.0152879140
5 1 1 1  -0.0280667070
5 1 3 1  -0.0118645248
5 1 5 1  0.0655434380
5 1 7 1  0.0152879140
5 2 0 1  -0.0118645248
5 2 2 1  -0.0321377856
5 2 4 1  -0.0026279948
5 2 6 1  -0.0125561905
5 3 1 1  -0.0118645248
5 3 3 1  -0.0321377856
5 3 5 1  -0.0026279948
5 3 7 1  -0.0125561905
5 4 0 1  0.0655434380
5 4 2 1  -0.0026279948
5 4 4 1  0.0357714006
5 4 6 1  -0.0621629528
5 5 1 1  0.0655434380
5 5 3 1  -0.0026279948
5 5 5 1  0.0357714006
5 5 7 1  -0.0621629528
5 6 0 1  0.0152879140
5 6 2 1  -0.0125561905
5 6 4 1  -0.0621629528
5 6 6 1  -0.0296215051
5 7 1 1  0.0152879140
5 7 3 1  -0.0125561905
5 7 5 1  -0.0621629528
5 7 7 1  -0.0296215051
5 0 0 3  0.0021774080
5 0 2 3  -0.0026279948
5 0 4 3  -0.0026279948
5 1 1 3  0.0021774080
5 1 3 3  -0.0026279948
5 1 5 3  -0.0026279948
5 2 0 3  -0.0026279948
5 2 2 3  0.0015122176
5 2 4 3  0.0028877812
5 2 6 3  0.0002239149
5 3 1 3  -0.0026279948
5 3 3 3  0.0015122176
5 3 5 3  0.0028877812
5 3 7 3  0.0002239149
5 4 0 3  -0.0026279948
5 4 2 3  0.0028877812
5 4 4 3  0.0015122176
5 4 6 3  -0.0002239149
5 5 1 3  -0.0026279948
5 5 3 3  0.0028877812
5 5 5 3  0.0015122176
5 5 7 3  -0.0002239149
5 6 2 3  0.0002239149
5 6 4 3  -0.0002239149
5 6 6 3  0.0036553009
5 7 3 3  0.0002239149
5 7 5 3  -0.0002239149
5 7 7 3  0.0036553009
5 0 0 5  0.2148468567
5 0 2 5  -0.0321377856
5 0 4 5  0.0357714006
5 0 6 5  -0.0276595558
5 1 1 5  0.2148468567
5 1 3 5  -0.0321377856
5 1 5 5  0.0357714006
5 1 7 5  -0.0276595558
5 2 0 5  -0.0321377856
5 2 2 5  0.1528820893
5 2 4 5  0.0015122176
5 2 6 5  -0.0340842562
5 3 1 5  -0.0321377856
5 3 3 5  0.1528820893
5 3 5 5  0.0015122176
5 3 7 5  -0.0340842562
5 4 0 5  0.0357714006
5 4 2 5  0.0015122176
5 4 4 5  0.2916928741
5 4 6 5  -0.0349781379
5 5 1 5  0.0357714006
5 5 3 5  0.0015122176
5 5 5 5  0.2916928741
5 5 7 5  -0.0349781379
5 6 0 5  -0.0276595558
5 6 2 5  -0.0340842562
5 6 4 5  -0.0349781379
5 6 6 5  0.2285395050
5 7 1 5  -0.0276595558
5 7 3 5  -0.0340842562
5 7 5 5  -0.0349781379
5 7 7 5  0.2285395050
5 0 0 7  0.0287513812
5 0 2 7  0.0125561905
5 0 4 7  -0.0621629528
5 0 6 7  -0.0148439340
5 1 1 7  0.0287513812
5 1 3 7  0.0125561905
5 1 5 7  -0.0621629528
5 1 7 7  -0.0148439340
5 2 0 7  0.0125561905
5 2 2 7  0.0340842562
5 2 4 7  -0.0002239149
5 2 6 7  0.0140603747
5 3 1 7  0.0125561905
5 3 3 7  0.0340842562
5 3 5 7  -0.0002239149
5 3 7 7  0.0140603747
5 4 0 7  -0.0621629528
5 4 2 7  -0.0002239149
5 4 4 7  -0.0349781379
5 4 6 7  0.0665542142
5 5 1 7  -0.0621629528
5 5 3 7  -0.0002239149
5 5 5 7  -0.0349781379
5 5 7 7  0.0665542142
5 6 0 7  -0.0148439340
5 6 2 7  0.0140603747
5 6 4 7  0.0665542142
5 6 6 7  0.0318985942
5 7 1 7  -0.0148439340
5 7 3 7  0.0140603747
5 7 5 7  0.0665542142
5 7 7 7  0.0318985942
6 0 2 0  -0.0152879140
6 0 4 0  0.0152879140
6 0 6 0  0.0495205069
6 1 3 0  -0.0152879140
6 1 5 0  0.0152879140
6 1 7 0  0.0495205069
6 2 0 0  -0.0152879140
6 2 2 0  0.0276595558
6 2 6 0  -0.0148439340
6 3 1 0  -0.0152879140
6 3 3 0  0.0276595558
6 3 7 0  -0.0148439340
6 4 0 0  0.0152879140
6 4 4 0  -0.0276595558
6 4 6 0  -0.0148439340
6 5 1 0  0.0152879140
6 5 5 0  -0.0276595558
6 5 7 0  -0.0148439340
6 6 0 0  0.0495205069
6 6 2 0  -0.0148439340
6 6 4 0  -0.0148439340
6 7 1 0  0.0495205069
6 7 3 0  -0.0148439340
6 7 5 0  -0.0148439340
6 0 0 2  -0.0287513812
6 0 2 2  0.0621629528
6 0 4 2  -0.0125561905
6 0 6 2  -0.0148439340
6 1 1 2  -0.0287513812
6 1 3 2  0.0621629528
6 1 5 2  -0.0125561905
6 1 7 2  -0.0148439340
6 2 0 2  0.0621629528
6 2 2 2  0.0349781379
6 2 4 2  0.0002239149
6 2 6 2  0.0665542142
6 3 1 2  0.0621629528
6 3 3 2  0.0349781379
6 3 5 2  0.0002239149
6 3 7 2  0.0665542142
6 4 0 2  -0.0125561905
6 4 2 2  0.0002239149
6 4 4 2  -0.0340842562
6 4 6 2  0.0140603747
6 5 1 2  -0.0125561905
6 5 3 2  0.0002239149
6 5 5 2  -0.0340842562
6 5 7 2  0.0140603747
6 6 0 2  -0.0148439340
6 6 2 2  0.0665542142
6 6 4 2  0.0140603747
6 6 6 2  -0.0318985942
6 7 1 2  -0.0148439340
6 7 3 2  0.0665542142
6 7 5 2  0.0140603747
6 7 7 2  -0.0318985942
6 0 0 4  0.0287513812
6 0 2 4  0.0125561905
6 0 4 4  -0.0621629528
6 0 6 4  -0.0148439340
6 1 1 4  0.0287513812
6 1 3 4  0.0125561905
6 1 5 4  -0.0621629528
6 1 7 4  -0.0148439340
6 2 0 4  0.0125561905
6 2 2 4  0.0340842562
6 2 4 4  -0.0002239149
6 2 6 4  0.0140603747
6 3 1 4  0.0125561905
6 3 3 4  0.0340842562
6 3 5 4  -0.0002239149
6 3 7 4  0.0140603747
6 4 0 4  -0.0621629528
6 4 2 4  -0.0002239149
6 4 4 4  -0.0349781379
6 4 6 4  0.0665542142
6 5 1 4  -0.0621629528
6 5 3 4  -0.0002239149
6 5 5 4  -0.0349781379
6 5 7 4  0.0665542142
6 6 0 4  -0.0148439340
6 6 2 4  0.0140603747
6 6 4 4  0.0665542142
6 6 6 4  0.0318985942
6 7 1 4  -0.0148439340
6 7 3 4  0.0140603747
6 7 5 4  0.0665542142
6 7 7 4  0.0318985942
6 0 0 6  0.2545012327
6 0 2 6  -0.0296215051
6 0 4 6  -0.0296215051
6 1 1 6  0.2545012327
6 1 3 6  -0.0296215051
6 1 5 6  -0.0296215051
6 2 0 6  -0.0296215051
6 2 2 6  0.2285395050
6 2 4 6  0.0036553009
6 2 6 6  -0.0318985942
6 3 1 6  -0.0296215051
6 3 3 6  0.2285395050
6 3 5 6  0.0036553009
6 3 7 6  -0.0318985942
6 4 0 6  -0.0296215051
6 4 2 6  0.0036553009
6 4 4 6  0.2285395050
6 4 6 6  0.0318985942
6 5 1 6  -0.0296215051
6 5 3 6  0.0036553009
6 5 5 6  0.2285395050
6 5 7 6  0.0318985942
6 6 2 6  -0.0318985942
6 6 4 6  0.0318985942
6 6 6 6  0.2806378909
6 7 3 6  -0.0318985942
6 7 5 6  0.0318985942
6 7 7 6  0.2806378909
7 0 2 1  -0.0152879140
7 0 4 1  0.0152879140
7 0 6 1  0.0495205069
7 1 3 1  -0.0152879140
7 1 5 1  0.0152879140
7 1 7 1  0.0495205069
7 2 0 1  -0.0152879140
7 2 2 1  0.0276595558
7 2 6 1  -0.0148439340
7 3 1 1  -0.0152879140
7 3 3 1  0.0276595558
7 3 7 1  -0.0148439340
7 4 0 1  0.0152879140
7 4 4 1  -0.0276595558
7 4 6 1  -0.0148439340
7 5 1 1  0.0152879140
7 5 5 1  -0.0276595558
7 5 7 1  -0.0148439340
7 6 0 1  0.0495205069
7 6 2 1  -0.0148439340
7 6 4 1  -0.0148439340
7 7 1 1  0.0495205069
7 7 3 1  -0.0148439340
7 7 5 1  -0.0148439340
7 0 0 3  -0.0287513812
7 0 2 3  0.0621629528
7 0 4 3  -0.0125561905
7 0 6 3  -0.0148439340
7 1 1 3  -0.0287513812
7 1 3 3  0.0621629528
7 1 5 3  -0.0125561905
7 1 7 3  -0.0148439340
7 2 0 3  0.0621629528
7 2 2 3  0.0349781379
7 2 4 3  0.0002239149
7 2 6 3  0.0665542142
7 3 1 3  0.0621629528
7 3 3 3  0.0349781379
7 3 5 3  0.0002239149
7 3 7 3  0.0665542142
7 4 0 3  -0.0125561905
7 4 2 3  0.0002239149
7 4 4 3  -0.0340842562
7 4 6 3  0.0140603747
7 5 1 3  -0.0125561905
7 5 3 3  0.0002239149
7 5 5 3  -0.0340842562
7 5 7 3  0.0140603747
7 6 0 3  -0.0148439340
7 6 2 3  0.0665542142
7 6 4 3  0.0140603747
7 6 6 3  -0.0318985942
7 7 1 3  -0.0148439340
7 7 3 3  0.0665542142
7 7 5 3  0.0140603747
7 7 7 3  -0.0318985942
7 0 0 5  0.0287513812
7 0 2 5  0.0125561905
7 0 4 5  -0.0621629528
7 0 6 5  -0.0148439340
7 1 1 5  0.0287513812
7 1 3 5  0.0125561905
7 1 5 5  -0.0621629528
7 1 7 5  -0.0148439340
7 2 0 5  0.0125561905
7 2 2 5  0.0340842562
7 2 4 5  -0.0002239149
7 2 6 5  0.0140603747
7 3 1 5  0.0125561905
7 3 3 5  0.0340842562
7 3 5 5  -0.0002239149
7 3 7 5  0.0140603747
7 4 0 5  -0.0621629528
7 4 2 5  -0.0002239149
7 4 4 5  -0.0349781379
7 4 6 5  0.0665542142
7 5 1 5  -0.0621629528
7 5 3 5  -0.0002239149
7 5 5 5  -0.0349781379
7 5 7 5  0.0665542142
7 6 0 5  -0.0148439340
7 6 2 5  0.0140603747
7 6 4 5  0.0665542142
7 6 6 5  0.0318985942
7 7 1 5  -0.0148439340
7 7 3 5  0.0140603747
7 7 5 5  0.0665542142
7 7 7 5  0.0318985942
7 0 0 7  0.2545012327
7 0 2 7  -0.0296215051
7 0 4 7  -0.0296215051
7 1 1 7  0.2545012327
7 1 3 7  -0.0296215051
7 1 5 7  -0.0296215051
7 2 0 7  -0.0296215051
7 2 2 7  0.2285395050
7 2 4 7  0.0036553009
7 2 6 7  -0.0318985942
7 3 1 7  -0.0296215051
7 3 3 7  0.2285395050
7 3 5 7  0.0036553009
7 3 7 7  -0.0318985942
7 4 0 7  -0.0296215051
7 4 2 7  0.0036553009
7 4 4 7  0.2285395050
7 4 6 7  0.0318985942
7 5 1 7  -0.0296215051
7 5 3 7  0.0036553009
7 5 5 7  0.2285395050
7 5 7 7  0.0318985942
7 6 2 7  -0.0318985942
7 6 4 7  0.0318985942
7 6 6 7  0.2806378909
7 7 3 7  -0.0318985942
7 7 5 7  0.0318985942
7 7 7 7  0.2806378909

 E(FCI) = -2.1489029452

 E(HF)  = -1.5893419381
