 MO Integrals

2.3484709654
0 0  -1.8704244689
0 4  0.0923817566
1 1  -1.8704244689
1 5  0.0923817566
2 2  -1.5620251976
2 6  -0.0710395183
3 3  -1.5620251976
3 7  -0.0710395183
4 0  0.0923817566
4 4  -1.3256515691
5 1  0.0923817566
5 5  -1.3256515691
6 2  -0.0710395183
6 6  -1.0379045911
7 3  -0.0710395183
7 7  -1.0379045911
0 0 0 0  0.2497341037
0 0 4 0  -0.0307538180
0 1 1 0  0.2497341037
0 1 5 0  -0.0307538180
0 2 2 0  0.2265494182
0 2 6 0  0.0304871185
0 3 3 0  0.2265494182
0 3 7 0  0.0304871185
0 4 0 0  -0.0307538180
0 4 4 0  0.2285047654
0 5 1 0  -0.0307538180
0 5 5 0  0.2285047654
0 6 2 0  0.0304871185
0 6 6 0  0.2520478471
0 7 3 0  0.0304871185
0 7 7 0  0.2520478471
0 0 2 2  0.0717248101
0 0 6 2  0.0181450426
0 1 3 2  0.0717248101
0 1 7 2  0.0181450426
0 2 0 2  0.0717248101
0 2 4 2  0.0359436770
0 3 1 2  0.0717248101
0 3 5 2  0.0359436770
0 4 2 2  0.0359436770
0 4 6 2  -0.0704357984
0 5 3 2  0.0359436770
0 5 7 2  -0.0704357984
0 6 0 2  0.0181450426
0 6 4 2  -0.0704357984
0 7 1 2  0.0181450426
0 7 5 2  -0.0704357984
0 0 0 4  -0.0307538180
0 0 4 4  0.0559086431
0 1 1 4  -0.0307538180
0 1 5 4  0.0559086431
0 2 2 4  0.0102532359
0 2 6 4  -0.0534066699
0 3 3 4  0.0102532359
0 3 7 4  -0.0534066699
0 4 0 4  0.0559086431
0 4 4 4  0.0000785258
0 5 1 4  0.0559086431
0 5 5 4  0.0000785258
0 6 2 4  -0.0534066699
0 6 6 4  -0.0355212430
0 7 3 4  -0.0534066699
0 7 7 4  -0.0355212430
0 0 2 6  0.0181450426
0 0 6 6  0.0470395182
0 1 3 6  0.0181450426
0 1 7 6  0.0470395182
0 2 0 6  0.0181450426
0 2 4 6  -0.0325169870
0 3 1 6  0.0181450426
0 3 5 6  -0.0325169870
0 4 2 6  -0.0325169870
0 4 6 6  -0.0204462538
0 5 3 6  -0.0325169870
0 5 7 6  -0.0204462538
0 6 0 6  0.0470395182
0 6 4 6  -0.0204462538
0 7 1 6  0.0470395182
0 7 5 6  -0.0204462538
1 0 0 1  0.2497341037
1 0 4 1  -0.0307538180
1 1 1 1  0.2497341037
1 1 5 1  -0.0307538180
1 2 2 1  0.2265494182
1 2 6 1  0.0304871185
1 3 3 1  0.2265494182
1 3 7 1  0.0304871185
1 4 0 1  -0.0307538180
1 4 4 1  0.2285047654
1 5 1 1  -0.0307538180
1 5 5 1  0.2285047654
1 6 2 1  0.0304871185
1 6 6 1  0.2520478471
1 7 3 1  0.0304871185
1 7 7 1  0.2520478471
1 0 2 3  0.0717248101
1 0 6 3  0.0181450426
1 1 3 3  0.0717248101
1 1 7 3  0.0181450426
1 2 0 3  0.0717248101
1 2 4 3  0.0359436770
1 3 1 3  0.0717248101
1 3 5 3  0.0359436770
1 4 2 3  0.0359436770
1 4 6 3  -0.0704357984
1 5 3 3  0.0359436770
1 5 7 3  -0.0704357984
1 6 0 3  0.0181450426
1 6 4 3  -0.0704357984
1 7 1 3  0.0181450426
1 7 5 3  -0.0704357984
1 0 0 5  -0.0307538180
1 0 4 5  0.0559086431
1 1 1 5  -0.0307538180
1 1 5 5  0.0559086431
1 2 2 5  0.0102532359
1 2 6 5  -0.0534066699
1 3 3 5  0.0102532359
1 3 7 5  -0.0534066699
1 4 0 5  0.0559086431
1 4 4 5  0.0000785258
1 5 1 5  0.0559086431
1 5 5 5  0.0000785258
1 6 2 5  -0.0534066699
1 6 6 5  -0.0355212430
1 7 3 5  -0.0534066699
1 7 7 5  -0.0355212430
1 0 2 7  0.0181450426
1 0 6 7  0.0470395182
1 1 3 7  0.0181450426
1 1 7 7  0.0470395182
1 2 0 7  0.0181450426
1 2 4 7  -0.0325169870
1 3 1 7  0.0181450426
1 3 5 7  -0.0325169870
1 4 2 7  -0.0325169870
1 4 6 7  -0.0204462538
1 5 3 7  -0.0325169870
1 5 7 7  -0.0204462538
1 6 0 7  0.0470395182
1 6 4 7  -0.0204462538
1 7 1 7  0.0470395182
1 7 5 7  -0.0204462538
2 0 2 0  0.0717248101
2 0 6 0  0.0181450426
2 1 3 0  0.0717248101
2 1 7 0  0.0181450426
2 2 0 0  0.0717248101
2 2 4 0  0.0359436770
2 3 1 0  0.0717248101
2 3 5 0  0.0359436770
2 4 2 0  0.0359436770
2 4 6 0  -0.0704357984
2 5 3 0  0.0359436770
2 5 7 0  -0.0704357984
2 6 0 0  0.0181450426
2 6 4 0  -0.0704357984
2 7 1 0  0.0181450426
2 7 5 0  -0.0704357984
2 0 0 2  0.2265494182
2 0 4 2  0.0102532359
2 1 1 2  0.2265494182
2 1 5 2  0.0102532359
2 2 2 2  0.2377665746
2 2 6 2  -0.0073095708
2 3 3 2  0.2377665746
2 3 7 2  -0.0073095708
2 4 0 2  0.0102532359
2 4 4 2  0.2306013892
2 5 1 2  0.0102532359
2 5 5 2  0.2306013892
2 6 2 2  -0.0073095708
2 6 6 2  0.2318913237
2 7 3 2  -0.0073095708
2 7 7 2  0.2318913237
2 0 2 4  0.0359436770
2 0 6 4  -0.0325169870
2 1 3 4  0.0359436770
2 1 7 4  -0.0325169870
2 2 0 4  0.0359436770
2 2 4 4  0.0594989546
2 3 1 4  0.0359436770
2 3 5 4  0.0594989546
2 4 2 4  0.0594989546
2 4 6 4  -0.0349824305
2 5 3 4  0.0594989546
2 5 7 4  -0.0349824305
2 6 0 4  -0.0325169870
2 6 4 4  -0.0349824305
2 7 1 4  -0.0325169870
2 7 5 4  -0.0349824305
2 0 0 6  0.0304871185
2 0 4 6  -0.0534066699
2 1 1 6  0.0304871185
2 1 5 6  -0.0534066699
2 2 2 6  -0.0073095708
2 2 6 6  0.0567661275
2 3 3 6  -0.0073095708
2 3 7 6  0.0567661275
2 4 0 6  -0.0534066699
2 4 4 6  -0.0039007965
2 5 1 6  -0.0534066699
2 5 5 6  -0.0039007965
2 6 2 6  0.0567661275
2 6 6 6  0.0368309331
2 7 3 6  0.0567661275
2 7 7 6  0.0368309331
3 0 2 1  0.0717248101
3 0 6 1  0.0181450426
3 1 3 1  0.0717248101
3 1 7 1  0.0181450426
3 2 0 1  0.0717248101
3 2 4 1  0.0359436770
3 3 1 1  0.0717248101
3 3 5 1  0.0359436770
3 4 2 1  0.0359436770
3 4 6 1  -0.0704357984
3 5 3 1  0.0359436770
3 5 7 1  -0.0704357984
3 6 0 1  0.0181450426
3 6 4 1  -0.0704357984
3 7 1 1  0.0181450426
3 7 5 1  -0.0704357984
3 0 0 3  0.2265494182
3 0 4 3  0.0102532359
3 1 1 3  0.2265494182
3 1 5 3  0.0102532359
3 2 2 3  0.2377665746
3 2 6 3  -0.0073095708
3 3 3 3  0.2377665746
3 3 7 3  -0.0073095708
3 4 0 3  0.0102532359
3 4 4 3  0.2306013892
3 5 1 3  0.0102532359
3 5 5 3  0.2306013892
3 6 2 3  -0.0073095708
3 6 6 3  0.2318913237
3 7 3 3  -0.0073095708
3 7 7 3  0.2318913237
3 0 2 5  0.0359436770
3 0 6 5  -0.0325169870
3 1 3 5  0.0359436770
3 1 7 5  -0.0325169870
3 2 0 5  0.0359436770
3 2 4 5  0.0594989546
3 3 1 5  0.0359436770
3 3 5 5  0.0594989546
3 4 2 5  0.0594989546
3 4 6 5  -0.0349824305
3 5 3 5  0.0594989546
3 5 7 5  -0.0349824305
3 6 0 5  -0.0325169870
3 6 4 5  -0.0349824305
3 7 1 5  -0.0325169870
3 7 5 5  -0.0349824305
3 0 0 7  0.0304871185
3 0 4 7  -0.0534066699
3 1 1 7  0.0304871185
3 1 5 7  -0.0534066699
3 2 2 7  -0.0073095708
3 2 6 7  0.0567661275
3 3 3 7  -0.0073095708
3 3 7 7  0.0567661275
3 4 0 7  -0.0534066699
3 4 4 7  -0.0039007965
3 5 1 7  -0.0534066699
3 5 5 7  -0.0039007965
3 6 2 7  0.0567661275
3 6 6 7  0.0368309331
3 7 3 7  0.0567661275
3 7 7 7  0.0368309331
4 0 0 0  -0.0307538180
4 0 4 0  0.0559086431
4 1 1 0  -0.0307538180
4 1 5 0  0.0559086431
4 2 2 0  0.0102532359
4 2 6 0  -0.0534066699
4 3 3 0  0.0102532359
4 3 7 0  -0.0534066699
4 4 0 0  0.0559086431
4 4 4 0  0.0000785258
4 5 1 0  0.0559086431
4 5 5 0  0.0000785258
4 6 2 0  -0.0534066699
4 6 6 0  -0.0355212430
4 7 3 0  -0.0534066699
4 7 7 0  -0.0355212430
4 0 2 2  0.0359436770
4 0 6 2  -0.0325169870
4 1 3 2  0.0359436770
4 1 7 2  -0.0325169870
4 2 0 2  0.0359436770
4 2 4 2  0.0594989546
4 3 1 2  0.0359436770
4 3 5 2  0.0594989546
4 4 2 2  0.0594989546
4 4 6 2  -0.0349824305
4 5 3 2  0.0594989546
4 5 7 2  -0.0349824305
4 6 0 2  -0.0325169870
4 6 4 2  -0.0349824305
4 7 1 2  -0.0325169870
4 7 5 2  -0.0349824305
4 0 0 4  0.2285047654
4 0 4 4  0.0000785258
4 1 1 4  0.2285047654
4 1 5 4  0.0000785258
4 2 2 4  0.2306013892
4 2 6 4  -0.0039007965
4 3 3 4  0.2306013892
4 3 7 4  -0.0039007965
4 4 0 4  0.0000785258
4 4 4 4  0.2355664824
4 5 1 4  0.0000785258
4 5 5 4  0.2355664824
4 6 2 4  -0.0039007965
4 6 6 4  0.2370995629
4 7 3 4  -0.0039007965
4 7 7 4  0.2370995629
4 0 2 6  -0.0704357984
4 0 6 6  -0.0204462538
4 1 3 6  -0.0704357984
4 1 7 6  -0.0204462538
4 2 0 6  -0.0704357984
4 2 4 6  -0.0349824305
4 3 1 6  -0.0704357984
4 3 5 6  -0.0349824305
4 4 2 6  -0.0349824305
4 4 6 6  0.0772284239
4 5 3 6  -0.0349824305
4 5 7 6  0.0772284239
4 6 0 6  -0.0204462538
4 6 4 6  0.0772284239
4 7 1 6  -0.0204462538
4 7 5 6  0.0772284239
5 0 0 1  -0.0307538180
5 0 4 1  0.0559086431
5 1 1 1  -0.0307538180
5 1 5 1  0.0559086431
5 2 2 1  0.0102532359
5 2 6 1  -0.0534066699
5 3 3 1  0.0102532359
5 3 7 1  -0.0534066699
5 4 0 1  0.0559086431
5 4 4 1  0.0000785258
5 5 1 1  0.0559086431
5 5 5 1  0.0000785258
5 6 2 1  -0.0534066699
5 6 6 1  -0.0355212430
5 7 3 1  -0.0534066699
5 7 7 1  -0.0355212430
5 0 2 3  0.0359436770
5 0 6 3  -0.0325169870
5 1 3 3  0.0359436770
5 1 7 3  -0.0325169870
5 2 0 3  0.0359436770
5 2 4 3  0.0594989546
5 3 1 3  0.0359436770
5 3 5 3  0.0594989546
5 4 2 3  0.0594989546
5 4 6 3  -0.0349824305
5 5 3 3  0.0594989546
5 5 7 3  -0.0349824305
5 6 0 3  -0.0325169870
5 6 4 3  -0.0349824305
5 7 1 3  -0.0325169870
5 7 5 3  -0.0349824305
5 0 0 5  0.2285047654
5 0 4 5  0.0000785258
5 1 1 5  0.2285047654
5 1 5 5  0.0000785258
5 2 2 5  0.2306013892
5 2 6 5  -0.0039007965
5 3 3 5  0.2306013892
5 3 7 5  -0.0039007965
5 4 0 5  0.0000785258
5 4 4 5  0.2355664824
5 5 1 5  0.0000785258
5 5 5 5  0.2355664824
5 6 2 5  -0.0039007965
5 6 6 5  0.2370995629
5 7 3 5  -0.0039007965
5 7 7 5  0.2370995629
5 0 2 7  -0.0704357984
5 0 6 7  -0.0204462538
5 1 3 7  -0.0704357984
5 1 7 7  -0.0204462538
5 2 0 7  -0.0704357984
5 2 4 7  -0.0349824305
5 3 1 7  -0.0704357984
5 3 5 7  -0.0349824305
5 4 2 7  -0.0349824305
5 4 6 7  0.0772284239
5 5 3 7  -0.0349824305
5 5 7 7  0.0772284239
5 6 0 7  -0.0204462538
5 6 4 7  0.0772284239
5 7 1 7  -0.0204462538
5 7 5 7  0.0772284239
6 0 2 0  0.0181450426
6 0 6 0  0.0470395182
6 1 3 0  0.0181450426
6 1 7 0  0.0470395182
6 2 0 0  0.0181450426
6 2 4 0  -0.0325169870
6 3 1 0  0.0181450426
6 3 5 0  -0.0325169870
6 4 2 0  -0.0325169870
6 4 6 0  -0.0204462538
6 5 3 0  -0.0325169870
6 5 7 0  -0.0204462538
6 6 0 0  0.0470395182
6 6 4 0  -0.0204462538
6 7 1 0  0.0470395182
6 7 5 0  -0.0204462538
6 0 0 2  0.0304871185
6 0 4 2  -0.0534066699
6 1 1 2  0.0304871185
6 1 5 2  -0.0534066699
6 2 2 2  -0.0073095708
6 2 6 2  0.0567661275
6 3 3 2  -0.0073095708
6 3 7 2  0.0567661275
6 4 0 2  -0.0534066699
6 4 4 2  -0.0039007965
6 5 1 2  -0.0534066699
6 5 5 2  -0.0039007965
6 6 2 2  0.0567661275
6 6 6 2  0.0368309331
6 7 3 2  0.0567661275
6 7 7 2  0.0368309331
6 0 2 4  -0.0704357984
6 0 6 4  -0.0204462538
6 1 3 4  -0.0704357984
6 1 7 4  -0.0204462538
6 2 0 4  -0.0704357984
6 2 4 4  -0.0349824305
6 3 1 4  -0.0704357984
6 3 5 4  -0.0349824305
6 4 2 4  -0.0349824305
6 4 6 4  0.0772284239
6 5 3 4  -0.0349824305
6 5 7 4  0.0772284239
6 6 0 4  -0.0204462538
6 6 4 4  0.0772284239
6 7 1 4  -0.0204462538
6 7 5 4  0.0772284239
6 0 0 6  0.2520478471
6 0 4 6  -0.0355212430
6 1 1 6  0.2520478471
6 1 5 6  -0.0355212430
6 2 2 6  0.2318913237
6 2 6 6  0.0368309331
6 3 3 6  0.2318913237
6 3 7 6  0.0368309331
6 4 0 6  -0.0355212430
6 4 4 6  0.2370995629
6 5 1 6  -0.0355212430
6 5 5 6  0.2370995629
6 6 2 6  0.0368309331
6 6 6 6  0.2718419933
6 7 3 6  0.0368309331
6 7 7 6  0.2718419933
7 0 2 1  0.0181450426
7 0 6 1  0.0470395182
7 1 3 1  0.0181450426
7 1 7 1  0.0470395182
7 2 0 1  0.0181450426
7 2 4 1  -0.0325169870
7 3 1 1  0.0181450426
7 3 5 1  -0.0325169870
7 4 2 1  -0.0325169870
7 4 6 1  -0.0204462538
7 5 3 1  -0.0325169870
7 5 7 1  -0.0204462538
7 6 0 1  0.0470395182
7 6 4 1  -0.0204462538
7 7 1 1  0.0470395182
7 7 5 1  -0.0204462538
7 0 0 3  0.0304871185
7 0 4 3  -0.0534066699
7 1 1 3  0.0304871185
7 1 5 3  -0.0534066699
7 2 2 3  -0.0073095708
7 2 6 3  0.0567661275
7 3 3 3  -0.0073095708
7 3 7 3  0.0567661275
7 4 0 3  -0.0534066699
7 4 4 3  -0.0039007965
7 5 1 3  -0.0534066699
7 5 5 3  -0.0039007965
7 6 2 3  0.0567661275
7 6 6 3  0.0368309331
7 7 3 3  0.0567661275
7 7 7 3  0.0368309331
7 0 2 5  -0.0704357984
7 0 6 5  -0.0204462538
7 1 3 5  -0.0704357984
7 1 7 5  -0.0204462538
7 2 0 5  -0.0704357984
7 2 4 5  -0.0349824305
7 3 1 5  -0.0704357984
7 3 5 5  -0.0349824305
7 4 2 5  -0.0349824305
7 4 6 5  0.0772284239
7 5 3 5  -0.0349824305
7 5 7 5  0.0772284239
7 6 0 5  -0.0204462538
7 6 4 5  0.0772284239
7 7 1 5  -0.0204462538
7 7 5 5  0.0772284239
7 0 0 7  0.2520478471
7 0 4 7  -0.0355212430
7 1 1 7  0.2520478471
7 1 5 7  -0.0355212430
7 2 2 7  0.2318913237
7 2 6 7  0.0368309331
7 3 3 7  0.2318913237
7 3 7 7  0.0368309331
7 4 0 7  -0.0355212430
7 4 4 7  0.2370995629
7 5 1 7  -0.0355212430
7 5 5 7  0.2370995629
7 6 2 7  0.0368309331
7 6 6 7  0.2718419933
7 7 3 7  0.0368309331
7 7 7 7  0.2718419933

 E(FCI) = -2.0987308659

 E(HF)  = -2.0159309061
