 MO Integrals

2.2167141177
0 0  -1.8003635245
0 2  0.0949568454
0 4  0.0949568454
1 1  -1.8003635245
1 3  0.0949568454
1 5  0.0949568454
2 0  0.0949568454
2 2  -1.3835504786
2 4  0.1390111048
2 6  -0.0784326924
3 1  0.0949568454
3 3  -1.3835504786
3 5  0.1390111048
3 7  -0.0784326924
4 0  0.0949568454
4 2  0.1390111048
4 4  -1.3835504786
4 6  0.0784326924
5 1  0.0949568454
5 3  0.1390111048
5 5  -1.3835504786
5 7  0.0784326924
6 2  -0.0784326924
6 4  0.0784326924
6 6  -0.9732899202
7 3  -0.0784326924
7 5  0.0784326924
7 7  -0.9732899202
0 0 0 0  0.2456028477
0 0 2 0  -0.0270064791
0 0 4 0  -0.0270064791
0 1 1 0  0.2456028477
0 1 3 0  -0.0270064791
0 1 5 0  -0.0270064791
0 2 0 0  -0.0270064791
0 2 2 0  0.2174001578
0 2 4 0  0.0019627147
0 2 6 0  0.0272753412
0 3 1 0  -0.0270064791
0 3 3 0  0.2174001578
0 3 5 0  0.0019627147
0 3 7 0  0.0272753412
0 4 0 0  -0.0270064791
0 4 2 0  0.0019627147
0 4 4 0  0.2174001578
0 4 6 0  -0.0272753412
0 5 1 0  -0.0270064791
0 5 3 0  0.0019627147
0 5 5 0  0.2174001578
0 5 7 0  -0.0272753412
0 6 2 0  0.0272753412
0 6 4 0  -0.0272753412
0 6 6 0  0.2541664417
0 7 3 0  0.0272753412
0 7 5 0  -0.0272753412
0 7 7 0  0.2541664417
0 0 0 2  -0.0270064791
0 0 2 2  0.0644803525
0 0 4 2  -0.0108770396
0 0 6 2  0.0151031152
0 1 1 2  -0.0270064791
0 1 3 2  0.0644803525
0 1 5 2  -0.0108770396
0 1 7 2  0.0151031152
0 2 0 2  0.0644803525
0 2 2 2  0.0349956509
0 2 4 2  -0.0029037718
0 2 6 2  -0.0613789393
0 3 1 2  0.0644803525
0 3 3 2  0.0349956509
0 3 5 2  -0.0029037718
0 3 7 2  -0.0613789393
0 4 0 2  -0.0108770396
0 4 2 2  -0.0029037718
0 4 4 2  -0.0300526196
0 4 6 2  -0.0116347642
0 5 1 2  -0.0108770396
0 5 3 2  -0.0029037718
0 5 5 2  -0.0300526196
0 5 7 2  -0.0116347642
0 6 0 2  0.0151031152
0 6 2 2  -0.0613789393
0 6 4 2  -0.0116347642
0 6 6 2  -0.0292088234
0 7 1 2  0.0151031152
0 7 3 2  -0.0613789393
0 7 5 2  -0.0116347642
0 7 7 2  -0.0292088234
0 0 0 4  -0.0270064791
0 0 2 4  -0.0108770396
0 0 4 4  0.0644803525
0 0 6 4  -0.0151031152
0 1 1 4  -0.0270064791
0 1 3 4  -0.0108770396
0 1 5 4  0.0644803525
0 1 7 4  -0.0151031152
0 2 0 4  -0.0108770396
0 2 2 4  -0.0300526196
0 2 4 4  -0.0029037718
0 2 6 4  0.0116347642
0 3 1 4  -0.0108770396
0 3 3 4  -0.0300526196
0 3 5 4  -0.0029037718
0 3 7 4  0.0116347642
0 4 0 4  0.0644803525
0 4 2 4  -0.0029037718
0 4 4 4  0.0349956509
0 4 6 4  0.0613789393
0 5 1 4  0.0644803525
0 5 3 4  -0.0029037718
0 5 5 4  0.0349956509
0 5 7 4  0.0613789393
0 6 0 4  -0.0151031152
0 6 2 4  0.0116347642
0 6 4 4  0.0613789393
0 6 6 4  -0.0292088234
0 7 1 4  -0.0151031152
0 7 3 4  0.0116347642
0 7 5 4  0.0613789393
0 7 7 4  -0.0292088234
0 0 2 6  0.0151031152
0 0 4 6  -0.0151031152
0 0 6 6  0.0493882286
0 1 3 6  0.0151031152
0 1 5 6  -0.0151031152
0 1 7 6  0.0493882286
0 2 0 6  0.0151031152
0 2 2 6  -0.0282970971
0 2 6 6  -0.0153812493
0 3 1 6  0.0151031152
0 3 3 6  -0.0282970971
0 3 7 6  -0.0153812493
0 4 0 6  -0.0151031152
0 4 4 6  0.0282970971
0 4 6 6  -0.0153812493
0 5 1 6  -0.0151031152
0 5 5 6  0.0282970971
0 5 7 6  -0.0153812493
0 6 0 6  0.0493882286
0 6 2 6  -0.0153812493
0 6 4 6  -0.0153812493
0 7 1 6  0.0493882286
0 7 3 6  -0.0153812493
0 7 5 6  -0.0153812493
1 0 0 1  0.2456028477
1 0 2 1  -0.0270064791
1 0 4 1  -0.0270064791
1 1 1 1  0.2456028477
1 1 3 1  -0.0270064791
1 1 5 1  -0.0270064791
1 2 0 1  -0.0270064791
1 2 2 1  0.2174001578
1 2 4 1  0.0019627147
1 2 6 1  0.0272753412
1 3 1 1  -0.0270064791
1 3 3 1  0.2174001578
1 3 5 1  0.0019627147
1 3 7 1  0.0272753412
1 4 0 1  -0.0270064791
1 4 2 1  0.0019627147
1 4 4 1  0.2174001578
1 4 6 1  -0.0272753412
1 5 1 1  -0.0270064791
1 5 3 1  0.0019627147
1 5 5 1  0.2174001578
1 5 7 1  -0.0272753412
1 6 2 1  0.0272753412
1 6 4 1  -0.0272753412
1 6 6 1  0.2541664417
1 7 3 1  0.0272753412
1 7 5 1  -0.0272753412
1 7 7 1  0.2541664417
1 0 0 3  -0.0270064791
1 0 2 3  0.0644803525
1 0 4 3  -0.0108770396
1 0 6 3  0.0151031152
1 1 1 3  -0.0270064791
1 1 3 3  0.0644803525
1 1 5 3  -0.0108770396
1 1 7 3  0.0151031152
1 2 0 3  0.0644803525
1 2 2 3  0.0349956509
1 2 4 3  -0.0029037718
1 2 6 3  -0.0613789393
1 3 1 3  0.0644803525
1 3 3 3  0.0349956509
1 3 5 3  -0.0029037718
1 3 7 3  -0.0613789393
1 4 0 3  -0.0108770396
1 4 2 3  -0.0029037718
1 4 4 3  -0.0300526196
1 4 6 3  -0.0116347642
1 5 1 3  -0.0108770396
1 5 3 3  -0.0029037718
1 5 5 3  -0.0300526196
1 5 7 3  -0.0116347642
1 6 0 3  0.0151031152
1 6 2 3  -0.0613789393
1 6 4 3  -0.0116347642
1 6 6 3  -0.0292088234
1 7 1 3  0.0151031152
1 7 3 3  -0.0613789393
1 7 5 3  -0.0116347642
1 7 7 3  -0.0292088234
1 0 0 5  -0.0270064791
1 0 2 5  -0.0108770396
1 0 4 5  0.0644803525
1 0 6 5  -0.0151031152
1 1 1 5  -0.0270064791
1 1 3 5  -0.0108770396
1 1 5 5  0.0644803525
1 1 7 5  -0.0151031152
1 2 0 5  -0.0108770396
1 2 2 5  -0.0300526196
1 2 4 5  -0.0029037718
1 2 6 5  0.0116347642
1 3 1 5  -0.0108770396
1 3 3 5  -0.0300526196
1 3 5 5  -0.0029037718
1 3 7 5  0.0116347642
1 4 0 5  0.0644803525
1 4 2 5  -0.0029037718
1 4 4 5  0.0349956509
1 4 6 5  0.0613789393
1 5 1 5  0.0644803525
1 5 3 5  -0.0029037718
1 5 5 5  0.0349956509
1 5 7 5  0.0613789393
1 6 0 5  -0.0151031152
1 6 2 5  0.0116347642
1 6 4 5  0.0613789393
1 6 6 5  -0.0292088234
1 7 1 5  -0.0151031152
1 7 3 5  0.0116347642
1 7 5 5  0.0613789393
1 7 7 5  -0.0292088234
1 0 2 7  0.0151031152
1 0 4 7  -0.0151031152
1 0 6 7  0.0493882286
1 1 3 7  0.0151031152
1 1 5 7  -0.0151031152
1 1 7 7  0.0493882286
1 2 0 7  0.0151031152
1 2 2 7  -0.0282970971
1 2 6 7  -0.0153812493
1 3 1 7  0.0151031152
1 3 3 7  -0.0282970971
1 3 7 7  -0.0153812493
1 4 0 7  -0.0151031152
1 4 4 7  0.0282970971
1 4 6 7  -0.0153812493
1 5 1 7  -0.0151031152
1 5 5 7  0.0282970971
1 5 7 7  -0.0153812493
1 6 0 7  0.0493882286
1 6 2 7  -0.0153812493
1 6 4 7  -0.0153812493
1 7 1 7  0.0493882286
1 7 3 7  -0.0153812493
1 7 5 7  -0.0153812493
2 0 0 0  -0.0270064791
2 0 2 0  0.0644803525
2 0 4 0  -0.0108770396
2 0 6 0  0.0151031152
2 1 1 0  -0.0270064791
2 1 3 0  0.0644803525
2 1 5 0  -0.0108770396
2 1 7 0  0.0151031152
2 2 0 0  0.0644803525
2 2 2 0  0.0349956509
2 2 4 0  -0.0029037718
2 2 6 0  -0.0613789393
2 3 1 0  0.0644803525
2 3 3 0  0.0349956509
2 3 5 0  -0.0029037718
2 3 7 0  -0.0613789393
2 4 0 0  -0.0108770396
2 4 2 0  -0.0029037718
2 4 4 0  -0.0300526196
2 4 6 0  -0.0116347642
2 5 1 0  -0.0108770396
2 5 3 0  -0.0029037718
2 5 5 0  -0.0300526196
2 5 7 0  -0.0116347642
2 6 0 0  0.0151031152
2 6 2 0  -0.0613789393
2 6 4 0  -0.0116347642
2 6 6 0  -0.0292088234
2 7 1 0  0.0151031152
2 7 3 0  -0.0613789393
2 7 5 0  -0.0116347642
2 7 7 0  -0.0292088234
2 0 0 2  0.2174001578
2 0 2 2  0.0349956509
2 0 4 2  -0.0300526196
2 0 6 2  -0.0282970971
2 1 1 2  0.2174001578
2 1 3 2  0.0349956509
2 1 5 2  -0.0300526196
2 1 7 2  -0.0282970971
2 2 0 2  0.0349956509
2 2 2 2  0.2934439696
2 2 4 2  0.0010560733
2 2 6 2  -0.0342411495
2 3 1 2  0.0349956509
2 3 3 2  0.2934439696
2 3 5 2  0.0010560733
2 3 7 2  -0.0342411495
2 4 0 2  -0.0300526196
2 4 2 2  0.0010560733
2 4 4 2  0.1566770347
2 4 6 2  -0.0311081448
2 5 1 2  -0.0300526196
2 5 3 2  0.0010560733
2 5 5 2  0.1566770347
2 5 7 2  -0.0311081448
2 6 0 2  -0.0282970971
2 6 2 2  -0.0342411495
2 6 4 2  -0.0311081448
2 6 6 2  0.2288154867
2 7 1 2  -0.0282970971
2 7 3 2  -0.0342411495
2 7 5 2  -0.0311081448
2 7 7 2  0.2288154867
2 0 0 4  0.0019627147
2 0 2 4  -0.0029037718
2 0 4 4  -0.0029037718
2 1 1 4  0.0019627147
2 1 3 4  -0.0029037718
2 1 5 4  -0.0029037718
2 2 0 4  -0.0029037718
2 2 2 4  0.0010560733
2 2 4 4  0.0028585986
2 2 6 4  0.0001397360
2 3 1 4  -0.0029037718
2 3 3 4  0.0010560733
2 3 5 4  0.0028585986
2 3 7 4  0.0001397360
2 4 0 4  -0.0029037718
2 4 2 4  0.0028585986
2 4 4 4  0.0010560733
2 4 6 4  -0.0001397360
2 5 1 4  -0.0029037718
2 5 3 4  0.0028585986
2 5 5 4  0.0010560733
2 5 7 4  -0.0001397360
2 6 2 4  0.0001397360
2 6 4 4  -0.0001397360
2 6 6 4  0.0035635584
2 7 3 4  0.0001397360
2 7 5 4  -0.0001397360
2 7 7 4  0.0035635584
2 0 0 6  0.0272753412
2 0 2 6  -0.0613789393
2 0 4 6  0.0116347642
2 0 6 6  -0.0153812493
2 1 1 6  0.0272753412
2 1 3 6  -0.0613789393
2 1 5 6  0.0116347642
2 1 7 6  -0.0153812493
2 2 0 6  -0.0613789393
2 2 2 6  -0.0342411495
2 2 4 6  0.0001397360
2 2 6 6  0.0658460240
2 3 1 6  -0.0613789393
2 3 3 6  -0.0342411495
2 3 5 6  0.0001397360
2 3 7 6  0.0658460240
2 4 0 6  0.0116347642
2 4 2 6  0.0001397360
2 4 4 6  0.0311081448
2 4 6 6  0.0132863637
2 5 1 6  0.0116347642
2 5 3 6  0.0001397360
2 5 5 6  0.0311081448
2 5 7 6  0.0132863637
2 6 0 6  -0.0153812493
2 6 2 6  0.0658460240
2 6 4 6  0.0132863637
2 6 6 6  0.0310071855
2 7 1 6  -0.0153812493
2 7 3 6  0.0658460240
2 7 5 6  0.0132863637
2 7 7 6  0.0310071855
3 0 0 1  -0.0270064791
3 0 2 1  0.0644803525
3 0 4 1  -0.0108770396
3 0 6 1  0.0151031152
3 1 1 1  -0.0270064791
3 1 3 1  0.0644803525
3 1 5 1  -0.0108770396
3 1 7 1  0.0151031152
3 2 0 1  0.0644803525
3 2 2 1  0.0349956509
3 2 4 1  -0.0029037718
3 2 6 1  -0.0613789393
3 3 1 1  0.0644803525
3 3 3 1  0.0349956509
3 3 5 1  -0.0029037718
3 3 7 1  -0.0613789393
3 4 0 1  -0.0108770396
3 4 2 1  -0.0029037718
3 4 4 1  -0.0300526196
3 4 6 1  -0.0116347642
3 5 1 1  -0.0108770396
3 5 3 1  -0.0029037718
3 5 5 1  -0.0300526196
3 5 7 1  -0.0116347642
3 6 0 1  0.0151031152
3 6 2 1  -0.0613789393
3 6 4 1  -0.0116347642
3 6 6 1  -0.0292088234
3 7 1 1  0.0151031152
3 7 3 1  -0.0613789393
3 7 5 1  -0.0116347642
3 7 7 1  -0.0292088234
3 0 0 3  0.2174001578
3 0 2 3  0.0349956509
3 0 4 3  -0.0300526196
3 0 6 3  -0.0282970971
3 1 1 3  0.2174001578
3 1 3 3  0.0349956509
3 1 5 3  -0.0300526196
3 1 7 3  -0.0282970971
3 2 0 3  0.0349956509
3 2 2 3  0.2934439696
3 2 4 3  0.0010560733
3 2 6 3  -0.0342411495
3 3 1 3  0.0349956509
3 3 3 3  0.2934439696
3 3 5 3  0.0010560733
3 3 7 3  -0.0342411495
3 4 0 3  -0.0300526196
3 4 2 3  0.0010560733
3 4 4 3  0.1566770347
3 4 6 3  -0.0311081448
3 5 1 3  -0.0300526196
3 5 3 3  0.0010560733
3 5 5 3  0.1566770347
3 5 7 3  -0.0311081448
3 6 0 3  -0.0282970971
3 6 2 3  -0.0342411495
3 6 4 3  -0.0311081448
3 6 6 3  0.2288154867
3 7 1 3  -0.0282970971
3 7 3 3  -0.0342411495
3 7 5 3  -0.0311081448
3 7 7 3  0.2288154867
3 0 0 5  0.0019627147
3 0 2 5  -0.0029037718
3 0 4 5  -0.0029037718
3 1 1 5  0.0019627147
3 1 3 5  -0.0029037718
3 1 5 5  -0.0029037718
3 2 0 5  -0.0029037718
3 2 2 5  0.0010560733
3 2 4 5  0.0028585986
3 2 6 5  0.0001397360
3 3 1 5  -0.0029037718
3 3 3 5  0.0010560733
3 3 5 5  0.0028585986
3 3 7 5  0.0001397360
3 4 0 5  -0.0029037718
3 4 2 5  0.0028585986
3 4 4 5  0.0010560733
3 4 6 5  -0.0001397360
3 5 1 5  -0.0029037718
3 5 3 5  0.0028585986
3 5 5 5  0.0010560733
3 5 7 5  -0.0001397360
3 6 2 5  0.0001397360
3 6 4 5  -0.0001397360
3 6 6 5  0.0035635584
3 7 3 5  0.0001397360
3 7 5 5  -0.0001397360
3 7 7 5  0.0035635584
3 0 0 7  0.0272753412
3 0 2 7  -0.0613789393
3 0 4 7  0.0116347642
3 0 6 7  -0.0153812493
3 1 1 7  0.0272753412
3 1 3 7  -0.0613789393
3 1 5 7  0.0116347642
3 1 7 7  -0.0153812493
3 2 0 7  -0.0613789393
3 2 2 7  -0.0342411495
3 2 4 7  0.0001397360
3 2 6 7  0.0658460240
3 3 1 7  -0.0613789393
3 3 3 7  -0.0342411495
3 3 5 7  0.0001397360
3 3 7 7  0.0658460240
3 4 0 7  0.0116347642
3 4 2 7  0.0001397360
3 4 4 7  0.0311081448
3 4 6 7  0.0132863637
3 5 1 7  0.0116347642
3 5 3 7  0.0001397360
3 5 5 7  0.0311081448
3 5 7 7  0.0132863637
3 6 0 7  -0.0153812493
3 6 2 7  0.0658460240
3 6 4 7  0.0132863637
3 6 6 7  0.0310071855
3 7 1 7  -0.0153812493
3 7 3 7  0.0658460240
3 7 5 7  0.0132863637
3 7 7 7  0.0310071855
4 0 0 0  -0.0270064791
4 0 2 0  -0.0108770396
4 0 4 0  0.0644803525
4 0 6 0  -0.0151031152
4 1 1 0  -0.0270064791
4 1 3 0  -0.0108770396
4 1 5 0  0.0644803525
4 1 7 0  -0.0151031152
4 2 0 0  -0.0108770396
4 2 2 0  -0.0300526196
4 2 4 0  -0.0029037718
4 2 6 0  0.0116347642
4 3 1 0  -0.0108770396
4 3 3 0  -0.0300526196
4 3 5 0  -0.0029037718
4 3 7 0  0.0116347642
4 4 0 0  0.0644803525
4 4 2 0  -0.0029037718
4 4 4 0  0.0349956509
4 4 6 0  0.0613789393
4 5 1 0  0.0644803525
4 5 3 0  -0.0029037718
4 5 5 0  0.0349956509
4 5 7 0  0.0613789393
4 6 0 0  -0.0151031152
4 6 2 0  0.0116347642
4 6 4 0  0.0613789393
4 6 6 0  -0.0292088234
4 7 1 0  -0.0151031152
4 7 3 0  0.0116347642
4 7 5 0  0.0613789393
4 7 7 0  -0.0292088234
4 0 0 2  0.0019627147
4 0 2 2  -0.0029037718
4 0 4 2  -0.0029037718
4 1 1 2  0.0019627147
4 1 3 2  -0.0029037718
4 1 5 2  -0.0029037718
4 2 0 2  -0.0029037718
4 2 2 2  0.0010560733
4 2 4 2  0.0028585986
4 2 6 2  0.0001397360
4 3 1 2  -0.0029037718
4 3 3 2  0.0010560733
4 3 5 2  0.0028585986
4 3 7 2  0.0001397360
4 4 0 2  -0.0029037718
4 4 2 2  0.0028585986
4 4 4 2  0.0010560733
4 4 6 2  -0.0001397360
4 5 1 2  -0.0029037718
4 5 3 2  0.0028585986
4 5 5 2  0.0010560733
4 5 7 2  -0.0001397360
4 6 2 2  0.0001397360
4 6 4 2  -0.0001397360
4 6 6 2  0.0035635584
4 7 3 2  0.0001397360
4 7 5 2  -0.0001397360
4 7 7 2  0.0035635584
4 0 0 4  0.2174001578
4 0 2 4  -0.0300526196
4 0 4 4  0.0349956509
4 0 6 4  0.0282970971
4 1 1 4  0.2174001578
4 1 3 4  -0.0300526196
4 1 5 4  0.0349956509
4 1 7 4  0.0282970971
4 2 0 4  -0.0300526196
4 2 2 4  0.1566770347
4 2 4 4  0.0010560733
4 2 6 4  0.0311081448
4 3 1 4  -0.0300526196
4 3 3 4  0.1566770347
4 3 5 4  0.0010560733
4 3 7 4  0.0311081448
4 4 0 4  0.0349956509
4 4 2 4  0.0010560733
4 4 4 4  0.2934439696
4 4 6 4  0.0342411495
4 5 1 4  0.0349956509
4 5 3 4  0.0010560733
4 5 5 4  0.2934439696
4 5 7 4  0.0342411495
4 6 0 4  0.0282970971
4 6 2 4  0.0311081448
4 6 4 4  0.0342411495
4 6 6 4  0.2288154867
4 7 1 4  0.0282970971
4 7 3 4  0.0311081448
4 7 5 4  0.0342411495
4 7 7 4  0.2288154867
4 0 0 6  -0.0272753412
4 0 2 6  -0.0116347642
4 0 4 6  0.0613789393
4 0 6 6  -0.0153812493
4 1 1 6  -0.0272753412
4 1 3 6  -0.0116347642
4 1 5 6  0.0613789393
4 1 7 6  -0.0153812493
4 2 0 6  -0.0116347642
4 2 2 6  -0.0311081448
4 2 4 6  -0.0001397360
4 2 6 6  0.0132863637
4 3 1 6  -0.0116347642
4 3 3 6  -0.0311081448
4 3 5 6  -0.0001397360
4 3 7 6  0.0132863637
4 4 0 6  0.0613789393
4 4 2 6  -0.0001397360
4 4 4 6  0.0342411495
4 4 6 6  0.0658460240
4 5 1 6  0.0613789393
4 5 3 6  -0.0001397360
4 5 5 6  0.0342411495
4 5 7 6  0.0658460240
4 6 0 6  -0.0153812493
4 6 2 6  0.0132863637
4 6 4 6  0.0658460240
4 6 6 6  -0.0310071855
4 7 1 6  -0.0153812493
4 7 3 6  0.0132863637
4 7 5 6  0.0658460240
4 7 7 6  -0.0310071855
5 0 0 1  -0.0270064791
5 0 2 1  -0.0108770396
5 0 4 1  0.0644803525
5 0 6 1  -0.0151031152
5 1 1 1  -0.0270064791
5 1 3 1  -0.0108770396
5 1 5 1  0.0644803525
5 1 7 1  -0.0151031152
5 2 0 1  -0.0108770396
5 2 2 1  -0.0300526196
5 2 4 1  -0.0029037718
5 2 6 1  0.0116347642
5 3 1 1  -0.0108770396
5 3 3 1  -0.0300526196
5 3 5 1  -0.0029037718
5 3 7 1  0.0116347642
5 4 0 1  0.0644803525
5 4 2 1  -0.0029037718
5 4 4 1  0.0349956509
5 4 6 1  0.0613789393
5 5 1 1  0.0644803525
5 5 3 1  -0.0029037718
5 5 5 1  0.0349956509
5 5 7 1  0.0613789393
5 6 0 1  -0.0151031152
5 6 2 1  0.0116347642
5 6 4 1  0.0613789393
5 6 6 1  -0.0292088234
5 7 1 1  -0.0151031152
5 7 3 1  0.0116347642
5 7 5 1  0.0613789393
5 7 7 1  -0.0292088234
5 0 0 3  0.0019627147
5 0 2 3  -0.0029037718
5 0 4 3  -0.0029037718
5 1 1 3  0.0019627147
5 1 3 3  -0.0029037718
5 1 5 3  -0.0029037718
5 2 0 3  -0.0029037718
5 2 2 3  0.0010560733
5 2 4 3  0.0028585986
5 2 6 3  0.0001397360
5 3 1 3  -0.0029037718
5 3 3 3  0.0010560733
5 3 5 3  0.0028585986
5 3 7 3  0.0001397360
5 4 0 3  -0.0029037718
5 4 2 3  0.0028585986
5 4 4 3  0.0010560733
5 4 6 3  -0.0001397360
5 5 1 3  -0.0029037718
5 5 3 3  0.0028585986
5 5 5 3  0.0010560733
5 5 7 3  -0.0001397360
5 6 2 3  0.0001397360
5 6 4 3  -0.0001397360
5 6 6 3  0.0035635584
5 7 3 3  0.0001397360
5 7 5 3  -0.0001397360
5 7 7 3  0.0035635584
5 0 0 5  0.2174001578
5 0 2 5  -0.0300526196
5 0 4 5  0.0349956509
5 0 6 5  0.0282970971
5 1 1 5  0.2174001578
5 1 3 5  -0.0300526196
5 1 5 5  0.0349956509
5 1 7 5  0.0282970971
5 2 0 5  -0.0300526196
5 2 2 5  0.1566770347
5 2 4 5  0.0010560733
5 2 6 5  0.0311081448
5 3 1 5  -0.0300526196
5 3 3 5  0.1566770347
5 3 5 5  0.0010560733
5 3 7 5  0.0311081448
5 4 0 5  0.0349956509
5 4 2 5  0.0010560733
5 4 4 5  0.2934439696
5 4 6 5  0.0342411495
5 5 1 5  0.0349956509
5 5 3 5  0.0010560733
5 5 5 5  0.2934439696
5 5 7 5  0.0342411495
5 6 0 5  0.0282970971
5 6 2 5  0.0311081448
5 6 4 5  0.0342411495
5 6 6 5  0.2288154867
5 7 1 5  0.0282970971
5 7 3 5  0.0311081448
5 7 5 5  0.0342411495
5 7 7 5  0.2288154867
5 0 0 7  -0.0272753412
5 0 2 7  -0.0116347642
5 0 4 7  0.0613789393
5 0 6 7  -0.0153812493
5 1 1 7  -0.0272753412
5 1 3 7  -0.0116347642
5 1 5 7  0.0613789393
5 1 7 7  -0.0153812493
5 2 0 7  -0.0116347642
5 2 2 7  -0.0311081448
5 2 4 7  -0.0001397360
5 2 6 7  0.0132863637
5 3 1 7  -0.0116347642
5 3 3 7  -0.0311081448
5 3 5 7  -0.0001397360
5 3 7 7  0.0132863637
5 4 0 7  0.0613789393
5 4 2 7  -0.0001397360
5 4 4 7  0.0342411495
5 4 6 7  0.0658460240
5 5 1 7  0.0613789393
5 5 3 7  -0.0001397360
5 5 5 7  0.0342411495
5 5 7 7  0.0658460240
5 6 0 7  -0.0153812493
5 6 2 7  0.0132863637
5 6 4 7  0.0658460240
5 6 6 7  -0.0310071855
5 7 1 7  -0.0153812493
5 7 3 7  0.0132863637
5 7 5 7  0.0658460240
5 7 7 7  -0.0310071855
6 0 2 0  0.0151031152
6 0 4 0  -0.0151031152
6 0 6 0  0.0493882286
6 1 3 0  0.0151031152
6 1 5 0  -0.0151031152
6 1 7 0  0.0493882286
6 2 0 0  0.0151031152
6 2 2 0  -0.0282970971
6 2 6 0  -0.0153812493
6 3 1 0  0.0151031152
6 3 3 0  -0.0282970971
6 3 7 0  -0.0153812493
6 4 0 0  -0.0151031152
6 4 4 0  0.0282970971
6 4 6 0  -0.0153812493
6 5 1 0  -0.0151031152
6 5 5 0  0.0282970971
6 5 7 0  -0.0153812493
6 6 0 0  0.0493882286
6 6 2 0  -0.0153812493
6 6 4 0  -0.0153812493
6 7 1 0  0.0493882286
6 7 3 0  -0.0153812493
6 7 5 0  -0.0153812493
6 0 0 2  0.0272753412
6 0 2 2  -0.0613789393
6 0 4 2  0.0116347642
6 0 6 2  -0.0153812493
6 1 1 2  0.0272753412
6 1 3 2  -0.0613789393
6 1 5 2  0.0116347642
6 1 7 2  -0.0153812493
6 2 0 2  -0.0613789393
6 2 2 2  -0.0342411495
6 2 4 2  0.0001397360
6 2 6 2  0.0658460240
6 3 1 2  -0.0613789393
6 3 3 2  -0.0342411495
6 3 5 2  0.0001397360
6 3 7 2  0.0658460240
6 4 0 2  0.0116347642
6 4 2 2  0.0001397360
6 4 4 2  0.0311081448
6 4 6 2  0.0132863637
6 5 1 2  0.0116347642
6 5 3 2  0.0001397360
6 5 5 2  0.0311081448
6 5 7 2  0.0132863637
6 6 0 2  -0.0153812493
6 6 2 2  0.0658460240
6 6 4 2  0.0132863637
6 6 6 2  0.0310071855
6 7 1 2  -0.0153812493
6 7 3 2  0.0658460240
6 7 5 2  0.0132863637
6 7 7 2  0.0310071855
6 0 0 4  -0.0272753412
6 0 2 4  -0.0116347642
6 0 4 4  0.0613789393
6 0 6 4  -0.0153812493
6 1 1 4  -0.0272753412
6 1 3 4  -0.0116347642
6 1 5 4  0.0613789393
6 1 7 4  -0.0153812493
6 2 0 4  -0.0116347642
6 2 2 4  -0.0311081448
6 2 4 4  -0.0001397360
6 2 6 4  0.0132863637
6 3 1 4  -0.0116347642
6 3 3 4  -0.0311081448
6 3 5 4  -0.0001397360
6 3 7 4  0.0132863637
6 4 0 4  0.0613789393
6 4 2 4  -0.0001397360
6 4 4 4  0.0342411495
6 4 6 4  0.0658460240
6 5 1 4  0.0613789393
6 5 3 4  -0.0001397360
6 5 5 4  0.0342411495
6 5 7 4  0.0658460240
6 6 0 4  -0.0153812493
6 6 2 4  0.0132863637
6 6 4 4  0.0658460240
6 6 6 4  -0.0310071855
6 7 1 4  -0.0153812493
6 7 3 4  0.0132863637
6 7 5 4  0.0658460240
6 7 7 4  -0.0310071855
6 0 0 6  0.2541664417
6 0 2 6  -0.0292088234
6 0 4 6  -0.0292088234
6 1 1 6  0.2541664417
6 1 3 6  -0.0292088234
6 1 5 6  -0.0292088234
6 2 0 6  -0.0292088234
6 2 2 6  0.2288154867
6 2 4 6  0.0035635584
6 2 6 6  0.0310071855
6 3 1 6  -0.0292088234
6 3 3 6  0.2288154867
6 3 5 6  0.0035635584
6 3 7 6  0.0310071855
6 4 0 6  -0.0292088234
6 4 2 6  0.0035635584
6 4 4 6  0.2288154867
6 4 6 6  -0.0310071855
6 5 1 6  -0.0292088234
6 5 3 6  0.0035635584
6 5 5 6  0.2288154867
6 5 7 6  -0.0310071855
6 6 2 6  0.0310071855
6 6 4 6  -0.0310071855
6 6 6 6  0.2785491773
6 7 3 6  0.0310071855
6 7 5 6  -0.0310071855
6 7 7 6  0.2785491773
7 0 2 1  0.0151031152
7 0 4 1  -0.0151031152
7 0 6 1  0.0493882286
7 1 3 1  0.0151031152
7 1 5 1  -0.0151031152
7 1 7 1  0.0493882286
7 2 0 1  0.0151031152
7 2 2 1  -0.0282970971
7 2 6 1  -0.0153812493
7 3 1 1  0.0151031152
7 3 3 1  -0.0282970971
7 3 7 1  -0.0153812493
7 4 0 1  -0.0151031152
7 4 4 1  0.0282970971
7 4 6 1  -0.0153812493
7 5 1 1  -0.0151031152
7 5 5 1  0.0282970971
7 5 7 1  -0.0153812493
7 6 0 1  0.0493882286
7 6 2 1  -0.0153812493
7 6 4 1  -0.0153812493
7 7 1 1  0.0493882286
7 7 3 1  -0.0153812493
7 7 5 1  -0.0153812493
7 0 0 3  0.0272753412
7 0 2 3  -0.0613789393
7 0 4 3  0.0116347642
7 0 6 3  -0.0153812493
7 1 1 3  0.0272753412
7 1 3 3  -0.0613789393
7 1 5 3  0.0116347642
7 1 7 3  -0.0153812493
7 2 0 3  -0.0613789393
7 2 2 3  -0.0342411495
7 2 4 3  0.0001397360
7 2 6 3  0.0658460240
7 3 1 3  -0.0613789393
7 3 3 3  -0.0342411495
7 3 5 3  0.0001397360
7 3 7 3  0.0658460240
7 4 0 3  0.0116347642
7 4 2 3  0.0001397360
7 4 4 3  0.0311081448
7 4 6 3  0.0132863637
7 5 1 3  0.0116347642
7 5 3 3  0.0001397360
7 5 5 3  0.0311081448
7 5 7 3  0.0132863637
7 6 0 3  -0.0153812493
7 6 2 3  0.0658460240
7 6 4 3  0.0132863637
7 6 6 3  0.0310071855
7 7 1 3  -0.0153812493
7 7 3 3  0.0658460240
7 7 5 3  0.0132863637
7 7 7 3  0.0310071855
7 0 0 5  -0.0272753412
7 0 2 5  -0.0116347642
7 0 4 5  0.0613789393
7 0 6 5  -0.0153812493
7 1 1 5  -0.0272753412
7 1 3 5  -0.0116347642
7 1 5 5  0.0613789393
7 1 7 5  -0.0153812493
7 2 0 5  -0.0116347642
7 2 2 5  -0.0311081448
7 2 4 5  -0.0001397360
7 2 6 5  0.0132863637
7 3 1 5  -0.0116347642
7 3 3 5  -0.0311081448
7 3 5 5  -0.0001397360
7 3 7 5  0.0132863637
7 4 0 5  0.0613789393
7 4 2 5  -0.0001397360
7 4 4 5  0.0342411495
7 4 6 5  0.0658460240
7 5 1 5  0.0613789393
7 5 3 5  -0.0001397360
7 5 5 5  0.0342411495
7 5 7 5  0.0658460240
7 6 0 5  -0.0153812493
7 6 2 5  0.0132863637
7 6 4 5  0.0658460240
7 6 6 5  -0.0310071855
7 7 1 5  -0.0153812493
7 7 3 5  0.0132863637
7 7 5 5  0.0658460240
7 7 7 5  -0.0310071855
7 0 0 7  0.2541664417
7 0 2 7  -0.0292088234
7 0 4 7  -0.0292088234
7 1 1 7  0.2541664417
7 1 3 7  -0.0292088234
7 1 5 7  -0.0292088234
7 2 0 7  -0.0292088234
7 2 2 7  0.2288154867
7 2 4 7  0.0035635584
7 2 6 7  0.0310071855
7 3 1 7  -0.0292088234
7 3 3 7  0.2288154867
7 3 5 7  0.0035635584
7 3 7 7  0.0310071855
7 4 0 7  -0.0292088234
7 4 2 7  0.0035635584
7 4 4 7  0.2288154867
7 4 6 7  -0.0310071855
7 5 1 7  -0.0292088234
7 5 3 7  0.0035635584
7 5 5 7  0.2288154867
7 5 7 7  -0.0310071855
7 6 2 7  0.0310071855
7 6 4 7  -0.0310071855
7 6 6 7  0.2785491773
7 7 3 7  0.0310071855
7 7 5 7  -0.0310071855
7 7 7 7  0.2785491773

 E(FCI) = -2.1409629914

 E(HF)  = -1.5917404012
