 MO Integrals

2.4270509831
0 0  -1.9132291265
0 2  0.0396912538
0 4  0.0396912538
1 1  -1.9132291265
1 3  0.0396912538
1 5  0.0396912538
2 0  0.0396912538
2 2  -1.4788935978
2 4  0.0953106344
2 6  -0.0438806425
3 1  0.0396912538
3 3  -1.4788935978
3 5  0.0953106344
3 7  -0.0438806425
4 0  0.0396912538
4 2  0.0953106344
4 4  -1.4788935978
4 6  0.0438806425
5 1  0.0396912538
5 3  0.0953106344
5 5  -1.4788935978
5 7  0.0438806425
6 2  -0.0438806425
6 4  0.0438806425
6 6  -1.0626957812
7 3  -0.0438806425
7 5  0.0438806425
7 7  -1.0626957812
0 0 0 0  0.2536555343
0 0 2 0  -0.0193512807
0 0 4 0  -0.0193512807
0 1 1 0  0.2536555343
0 1 3 0  -0.0193512807
0 1 5 0  -0.0193512807
0 2 0 0  -0.0193512807
0 2 2 0  0.2323496299
0 2 4 0  0.0005762783
0 2 6 0  0.0191189731
0 3 1 0  -0.0193512807
0 3 3 0  0.2323496299
0 3 5 0  0.0005762783
0 3 7 0  0.0191189731
0 4 0 0  -0.0193512807
0 4 2 0  0.0005762783
0 4 4 0  0.2323496299
0 4 6 0  -0.0191189731
0 5 1 0  -0.0193512807
0 5 3 0  0.0005762783
0 5 5 0  0.2323496299
0 5 7 0  -0.0191189731
0 6 2 0  0.0191189731
0 6 4 0  -0.0191189731
0 6 6 0  0.2535692537
0 7 3 0  0.0191189731
0 7 5 0  -0.0191189731
0 7 7 0  0.2535692537
0 0 0 2  -0.0193512807
0 0 2 2  0.0629483114
0 0 4 2  -0.0057985355
0 0 6 2  0.0127882000
0 1 1 2  -0.0193512807
0 1 3 2  0.0629483114
0 1 5 2  -0.0057985355
0 1 7 2  0.0127882000
0 2 0 2  0.0629483114
0 2 2 2  0.0277820692
0 2 4 2  -0.0034295538
0 2 6 2  -0.0615012975
0 3 1 2  0.0629483114
0 3 3 2  0.0277820692
0 3 5 2  -0.0034295538
0 3 7 2  -0.0615012975
0 4 0 2  -0.0057985355
0 4 2 2  -0.0034295538
0 4 4 2  -0.0165120226
0 4 6 2  -0.0063436353
0 5 1 2  -0.0057985355
0 5 3 2  -0.0034295538
0 5 5 2  -0.0165120226
0 5 7 2  -0.0063436353
0 6 0 2  0.0127882000
0 6 2 2  -0.0615012975
0 6 4 2  -0.0063436353
0 6 6 2  -0.0227335104
0 7 1 2  0.0127882000
0 7 3 2  -0.0615012975
0 7 5 2  -0.0063436353
0 7 7 2  -0.0227335104
0 0 0 4  -0.0193512807
0 0 2 4  -0.0057985355
0 0 4 4  0.0629483114
0 0 6 4  -0.0127882000
0 1 1 4  -0.0193512807
0 1 3 4  -0.0057985355
0 1 5 4  0.0629483114
0 1 7 4  -0.0127882000
0 2 0 4  -0.0057985355
0 2 2 4  -0.0165120226
0 2 4 4  -0.0034295538
0 2 6 4  0.0063436353
0 3 1 4  -0.0057985355
0 3 3 4  -0.0165120226
0 3 5 4  -0.0034295538
0 3 7 4  0.0063436353
0 4 0 4  0.0629483114
0 4 2 4  -0.0034295538
0 4 4 4  0.0277820692
0 4 6 4  0.0615012975
0 5 1 4  0.0629483114
0 5 3 4  -0.0034295538
0 5 5 4  0.0277820692
0 5 7 4  0.0615012975
0 6 0 4  -0.0127882000
0 6 2 4  0.0063436353
0 6 4 4  0.0615012975
0 6 6 4  -0.0227335104
0 7 1 4  -0.0127882000
0 7 3 4  0.0063436353
0 7 5 4  0.0615012975
0 7 7 4  -0.0227335104
0 0 2 6  0.0127882000
0 0 4 6  -0.0127882000
0 0 6 6  0.0466147646
0 1 3 6  0.0127882000
0 1 5 6  -0.0127882000
0 1 7 6  0.0466147646
0 2 0 6  0.0127882000
0 2 2 6  -0.0331096649
0 2 6 6  -0.0146155943
0 3 1 6  0.0127882000
0 3 3 6  -0.0331096649
0 3 7 6  -0.0146155943
0 4 0 6  -0.0127882000
0 4 4 6  0.0331096649
0 4 6 6  -0.0146155943
0 5 1 6  -0.0127882000
0 5 5 6  0.0331096649
0 5 7 6  -0.0146155943
0 6 0 6  0.0466147646
0 6 2 6  -0.0146155943
0 6 4 6  -0.0146155943
0 7 1 6  0.0466147646
0 7 3 6  -0.0146155943
0 7 5 6  -0.0146155943
1 0 0 1  0.2536555343
1 0 2 1  -0.0193512807
1 0 4 1  -0.0193512807
1 1 1 1  0.2536555343
1 1 3 1  -0.0193512807
1 1 5 1  -0.0193512807
1 2 0 1  -0.0193512807
1 2 2 1  0.2323496299
1 2 4 1  0.0005762783
1 2 6 1  0.0191189731
1 3 1 1  -0.0193512807
1 3 3 1  0.2323496299
1 3 5 1  0.0005762783
1 3 7 1  0.0191189731
1 4 0 1  -0.0193512807
1 4 2 1  0.0005762783
1 4 4 1  0.2323496299
1 4 6 1  -0.0191189731
1 5 1 1  -0.0193512807
1 5 3 1  0.0005762783
1 5 5 1  0.2323496299
1 5 7 1  -0.0191189731
1 6 2 1  0.0191189731
1 6 4 1  -0.0191189731
1 6 6 1  0.2535692537
1 7 3 1  0.0191189731
1 7 5 1  -0.0191189731
1 7 7 1  0.2535692537
1 0 0 3  -0.0193512807
1 0 2 3  0.0629483114
1 0 4 3  -0.0057985355
1 0 6 3  0.0127882000
1 1 1 3  -0.0193512807
1 1 3 3  0.0629483114
1 1 5 3  -0.0057985355
1 1 7 3  0.0127882000
1 2 0 3  0.0629483114
1 2 2 3  0.0277820692
1 2 4 3  -0.0034295538
1 2 6 3  -0.0615012975
1 3 1 3  0.0629483114
1 3 3 3  0.0277820692
1 3 5 3  -0.0034295538
1 3 7 3  -0.0615012975
1 4 0 3  -0.0057985355
1 4 2 3  -0.0034295538
1 4 4 3  -0.0165120226
1 4 6 3  -0.0063436353
1 5 1 3  -0.0057985355
1 5 3 3  -0.0034295538
1 5 5 3  -0.0165120226
1 5 7 3  -0.0063436353
1 6 0 3  0.0127882000
1 6 2 3  -0.0615012975
1 6 4 3  -0.0063436353
1 6 6 3  -0.0227335104
1 7 1 3  0.0127882000
1 7 3 3  -0.0615012975
1 7 5 3  -0.0063436353
1 7 7 3  -0.0227335104
1 0 0 5  -0.0193512807
1 0 2 5  -0.0057985355
1 0 4 5  0.0629483114
1 0 6 5  -0.0127882000
1 1 1 5  -0.0193512807
1 1 3 5  -0.0057985355
1 1 5 5  0.0629483114
1 1 7 5  -0.0127882000
1 2 0 5  -0.0057985355
1 2 2 5  -0.0165120226
1 2 4 5  -0.0034295538
1 2 6 5  0.0063436353
1 3 1 5  -0.0057985355
1 3 3 5  -0.0165120226
1 3 5 5  -0.0034295538
1 3 7 5  0.0063436353
1 4 0 5  0.0629483114
1 4 2 5  -0.0034295538
1 4 4 5  0.0277820692
1 4 6 5  0.0615012975
1 5 1 5  0.0629483114
1 5 3 5  -0.0034295538
1 5 5 5  0.0277820692
1 5 7 5  0.0615012975
1 6 0 5  -0.0127882000
1 6 2 5  0.0063436353
1 6 4 5  0.0615012975
1 6 6 5  -0.0227335104
1 7 1 5  -0.0127882000
1 7 3 5  0.0063436353
1 7 5 5  0.0615012975
1 7 7 5  -0.0227335104
1 0 2 7  0.0127882000
1 0 4 7  -0.0127882000
1 0 6 7  0.0466147646
1 1 3 7  0.0127882000
1 1 5 7  -0.0127882000
1 1 7 7  0.0466147646
1 2 0 7  0.0127882000
1 2 2 7  -0.0331096649
1 2 6 7  -0.0146155943
1 3 1 7  0.0127882000
1 3 3 7  -0.0331096649
1 3 7 7  -0.0146155943
1 4 0 7  -0.0127882000
1 4 4 7  0.0331096649
1 4 6 7  -0.0146155943
1 5 1 7  -0.0127882000
1 5 5 7  0.0331096649
1 5 7 7  -0.0146155943
1 6 0 7  0.0466147646
1 6 2 7  -0.0146155943
1 6 4 7  -0.0146155943
1 7 1 7  0.0466147646
1 7 3 7  -0.0146155943
1 7 5 7  -0.0146155943
2 0 0 0  -0.0193512807
2 0 2 0  0.0629483114
2 0 4 0  -0.0057985355
2 0 6 0  0.0127882000
2 1 1 0  -0.0193512807
2 1 3 0  0.0629483114
2 1 5 0  -0.0057985355
2 1 7 0  0.0127882000
2 2 0 0  0.0629483114
2 2 2 0  0.0277820692
2 2 4 0  -0.0034295538
2 2 6 0  -0.0615012975
2 3 1 0  0.0629483114
2 3 3 0  0.0277820692
2 3 5 0  -0.0034295538
2 3 7 0  -0.0615012975
2 4 0 0  -0.0057985355
2 4 2 0  -0.0034295538
2 4 4 0  -0.0165120226
2 4 6 0  -0.0063436353
2 5 1 0  -0.0057985355
2 5 3 0  -0.0034295538
2 5 5 0  -0.0165120226
2 5 7 0  -0.0063436353
2 6 0 0  0.0127882000
2 6 2 0  -0.0615012975
2 6 4 0  -0.0063436353
2 6 6 0  -0.0227335104
2 7 1 0  0.0127882000
2 7 3 0  -0.0615012975
2 7 5 0  -0.0063436353
2 7 7 0  -0.0227335104
2 0 0 2  0.2323496299
2 0 2 2  0.0277820692
2 0 4 2  -0.0165120226
2 0 6 2  -0.0331096649
2 1 1 2  0.2323496299
2 1 3 2  0.0277820692
2 1 5 2  -0.0165120226
2 1 7 2  -0.0331096649
2 2 0 2  0.0277820692
2 2 2 2  0.2947864727
2 2 4 2  -0.0011699873
2 2 6 2  -0.0278977494
2 3 1 2  0.0277820692
2 3 3 2  0.2947864727
2 3 5 2  -0.0011699873
2 3 7 2  -0.0278977494
2 4 0 2  -0.0165120226
2 4 2 2  -0.0011699873
2 4 4 2  0.1831729177
2 4 6 2  -0.0150163244
2 5 1 2  -0.0165120226
2 5 3 2  -0.0011699873
2 5 5 2  0.1831729177
2 5 7 2  -0.0150163244
2 6 0 2  -0.0331096649
2 6 2 2  -0.0278977494
2 6 4 2  -0.0150163244
2 6 6 2  0.2380399409
2 7 1 2  -0.0331096649
2 7 3 2  -0.0278977494
2 7 5 2  -0.0150163244
2 7 7 2  0.2380399409
2 0 0 4  0.0005762783
2 0 2 4  -0.0034295538
2 0 4 4  -0.0034295538
2 1 1 4  0.0005762783
2 1 3 4  -0.0034295538
2 1 5 4  -0.0034295538
2 2 0 4  -0.0034295538
2 2 2 4  -0.0011699873
2 2 4 4  0.0032550514
2 2 6 4  0.0014218437
2 3 1 4  -0.0034295538
2 3 3 4  -0.0011699873
2 3 5 4  0.0032550514
2 3 7 4  0.0014218437
2 4 0 4  -0.0034295538
2 4 2 4  0.0032550514
2 4 4 4  -0.0011699873
2 4 6 4  -0.0014218437
2 5 1 4  -0.0034295538
2 5 3 4  0.0032550514
2 5 5 4  -0.0011699873
2 5 7 4  -0.0014218437
2 6 2 4  0.0014218437
2 6 4 4  -0.0014218437
2 6 6 4  0.0018636970
2 7 3 4  0.0014218437
2 7 5 4  -0.0014218437
2 7 7 4  0.0018636970
2 0 0 6  0.0191189731
2 0 2 6  -0.0615012975
2 0 4 6  0.0063436353
2 0 6 6  -0.0146155943
2 1 1 6  0.0191189731
2 1 3 6  -0.0615012975
2 1 5 6  0.0063436353
2 1 7 6  -0.0146155943
2 2 0 6  -0.0615012975
2 2 2 6  -0.0278977494
2 2 4 6  0.0014218437
2 2 6 6  0.0669428614
2 3 1 6  -0.0615012975
2 3 3 6  -0.0278977494
2 3 5 6  0.0014218437
2 3 7 6  0.0669428614
2 4 0 6  0.0063436353
2 4 2 6  0.0014218437
2 4 4 6  0.0150163244
2 4 6 6  0.0078578189
2 5 1 6  0.0063436353
2 5 3 6  0.0014218437
2 5 5 6  0.0150163244
2 5 7 6  0.0078578189
2 6 0 6  -0.0146155943
2 6 2 6  0.0669428614
2 6 4 6  0.0078578189
2 6 6 6  0.0232388374
2 7 1 6  -0.0146155943
2 7 3 6  0.0669428614
2 7 5 6  0.0078578189
2 7 7 6  0.0232388374
3 0 0 1  -0.0193512807
3 0 2 1  0.0629483114
3 0 4 1  -0.0057985355
3 0 6 1  0.0127882000
3 1 1 1  -0.0193512807
3 1 3 1  0.0629483114
3 1 5 1  -0.0057985355
3 1 7 1  0.0127882000
3 2 0 1  0.0629483114
3 2 2 1  0.0277820692
3 2 4 1  -0.0034295538
3 2 6 1  -0.0615012975
3 3 1 1  0.0629483114
3 3 3 1  0.0277820692
3 3 5 1  -0.0034295538
3 3 7 1  -0.0615012975
3 4 0 1  -0.0057985355
3 4 2 1  -0.0034295538
3 4 4 1  -0.0165120226
3 4 6 1  -0.0063436353
3 5 1 1  -0.0057985355
3 5 3 1  -0.0034295538
3 5 5 1  -0.0165120226
3 5 7 1  -0.0063436353
3 6 0 1  0.0127882000
3 6 2 1  -0.0615012975
3 6 4 1  -0.0063436353
3 6 6 1  -0.0227335104
3 7 1 1  0.0127882000
3 7 3 1  -0.0615012975
3 7 5 1  -0.0063436353
3 7 7 1  -0.0227335104
3 0 0 3  0.2323496299
3 0 2 3  0.0277820692
3 0 4 3  -0.0165120226
3 0 6 3  -0.0331096649
3 1 1 3  0.2323496299
3 1 3 3  0.0277820692
3 1 5 3  -0.0165120226
3 1 7 3  -0.0331096649
3 2 0 3  0.0277820692
3 2 2 3  0.2947864727
3 2 4 3  -0.0011699873
3 2 6 3  -0.0278977494
3 3 1 3  0.0277820692
3 3 3 3  0.2947864727
3 3 5 3  -0.0011699873
3 3 7 3  -0.0278977494
3 4 0 3  -0.0165120226
3 4 2 3  -0.0011699873
3 4 4 3  0.1831729177
3 4 6 3  -0.0150163244
3 5 1 3  -0.0165120226
3 5 3 3  -0.0011699873
3 5 5 3  0.1831729177
3 5 7 3  -0.0150163244
3 6 0 3  -0.0331096649
3 6 2 3  -0.0278977494
3 6 4 3  -0.0150163244
3 6 6 3  0.2380399409
3 7 1 3  -0.0331096649
3 7 3 3  -0.0278977494
3 7 5 3  -0.0150163244
3 7 7 3  0.2380399409
3 0 0 5  0.0005762783
3 0 2 5  -0.0034295538
3 0 4 5  -0.0034295538
3 1 1 5  0.0005762783
3 1 3 5  -0.0034295538
3 1 5 5  -0.0034295538
3 2 0 5  -0.0034295538
3 2 2 5  -0.0011699873
3 2 4 5  0.0032550514
3 2 6 5  0.0014218437
3 3 1 5  -0.0034295538
3 3 3 5  -0.0011699873
3 3 5 5  0.0032550514
3 3 7 5  0.0014218437
3 4 0 5  -0.0034295538
3 4 2 5  0.0032550514
3 4 4 5  -0.0011699873
3 4 6 5  -0.0014218437
3 5 1 5  -0.0034295538
3 5 3 5  0.0032550514
3 5 5 5  -0.0011699873
3 5 7 5  -0.0014218437
3 6 2 5  0.0014218437
3 6 4 5  -0.0014218437
3 6 6 5  0.0018636970
3 7 3 5  0.0014218437
3 7 5 5  -0.0014218437
3 7 7 5  0.0018636970
3 0 0 7  0.0191189731
3 0 2 7  -0.0615012975
3 0 4 7  0.0063436353
3 0 6 7  -0.0146155943
3 1 1 7  0.0191189731
3 1 3 7  -0.0615012975
3 1 5 7  0.0063436353
3 1 7 7  -0.0146155943
3 2 0 7  -0.0615012975
3 2 2 7  -0.0278977494
3 2 4 7  0.0014218437
3 2 6 7  0.0669428614
3 3 1 7  -0.0615012975
3 3 3 7  -0.0278977494
3 3 5 7  0.0014218437
3 3 7 7  0.0669428614
3 4 0 7  0.0063436353
3 4 2 7  0.0014218437
3 4 4 7  0.0150163244
3 4 6 7  0.0078578189
3 5 1 7  0.0063436353
3 5 3 7  0.0014218437
3 5 5 7  0.0150163244
3 5 7 7  0.0078578189
3 6 0 7  -0.0146155943
3 6 2 7  0.0669428614
3 6 4 7  0.0078578189
3 6 6 7  0.0232388374
3 7 1 7  -0.0146155943
3 7 3 7  0.0669428614
3 7 5 7  0.0078578189
3 7 7 7  0.0232388374
4 0 0 0  -0.0193512807
4 0 2 0  -0.0057985355
4 0 4 0  0.0629483114
4 0 6 0  -0.0127882000
4 1 1 0  -0.0193512807
4 1 3 0  -0.0057985355
4 1 5 0  0.0629483114
4 1 7 0  -0.0127882000
4 2 0 0  -0.0057985355
4 2 2 0  -0.0165120226
4 2 4 0  -0.0034295538
4 2 6 0  0.0063436353
4 3 1 0  -0.0057985355
4 3 3 0  -0.0165120226
4 3 5 0  -0.0034295538
4 3 7 0  0.0063436353
4 4 0 0  0.0629483114
4 4 2 0  -0.0034295538
4 4 4 0  0.0277820692
4 4 6 0  0.0615012975
4 5 1 0  0.0629483114
4 5 3 0  -0.0034295538
4 5 5 0  0.0277820692
4 5 7 0  0.0615012975
4 6 0 0  -0.0127882000
4 6 2 0  0.0063436353
4 6 4 0  0.0615012975
4 6 6 0  -0.0227335104
4 7 1 0  -0.0127882000
4 7 3 0  0.0063436353
4 7 5 0  0.0615012975
4 7 7 0  -0.0227335104
4 0 0 2  0.0005762783
4 0 2 2  -0.0034295538
4 0 4 2  -0.0034295538
4 1 1 2  0.0005762783
4 1 3 2  -0.0034295538
4 1 5 2  -0.0034295538
4 2 0 2  -0.0034295538
4 2 2 2  -0.0011699873
4 2 4 2  0.0032550514
4 2 6 2  0.0014218437
4 3 1 2  -0.0034295538
4 3 3 2  -0.0011699873
4 3 5 2  0.0032550514
4 3 7 2  0.0014218437
4 4 0 2  -0.0034295538
4 4 2 2  0.0032550514
4 4 4 2  -0.0011699873
4 4 6 2  -0.0014218437
4 5 1 2  -0.0034295538
4 5 3 2  0.0032550514
4 5 5 2  -0.0011699873
4 5 7 2  -0.0014218437
4 6 2 2  0.0014218437
4 6 4 2  -0.0014218437
4 6 6 2  0.0018636970
4 7 3 2  0.0014218437
4 7 5 2  -0.0014218437
4 7 7 2  0.0018636970
4 0 0 4  0.2323496299
4 0 2 4  -0.0165120226
4 0 4 4  0.0277820692
4 0 6 4  0.0331096649
4 1 1 4  0.2323496299
4 1 3 4  -0.0165120226
4 1 5 4  0.0277820692
4 1 7 4  0.0331096649
4 2 0 4  -0.0165120226
4 2 2 4  0.1831729177
4 2 4 4  -0.0011699873
4 2 6 4  0.0150163244
4 3 1 4  -0.0165120226
4 3 3 4  0.1831729177
4 3 5 4  -0.0011699873
4 3 7 4  0.0150163244
4 4 0 4  0.0277820692
4 4 2 4  -0.0011699873
4 4 4 4  0.2947864727
4 4 6 4  0.0278977494
4 5 1 4  0.0277820692
4 5 3 4  -0.0011699873
4 5 5 4  0.2947864727
4 5 7 4  0.0278977494
4 6 0 4  0.0331096649
4 6 2 4  0.0150163244
4 6 4 4  0.0278977494
4 6 6 4  0.2380399409
4 7 1 4  0.0331096649
4 7 3 4  0.0150163244
4 7 5 4  0.0278977494
4 7 7 4  0.2380399409
4 0 0 6  -0.0191189731
4 0 2 6  -0.0063436353
4 0 4 6  0.0615012975
4 0 6 6  -0.0146155943
4 1 1 6  -0.0191189731
4 1 3 6  -0.0063436353
4 1 5 6  0.0615012975
4 1 7 6  -0.0146155943
4 2 0 6  -0.0063436353
4 2 2 6  -0.0150163244
4 2 4 6  -0.0014218437
4 2 6 6  0.0078578189
4 3 1 6  -0.0063436353
4 3 3 6  -0.0150163244
4 3 5 6  -0.0014218437
4 3 7 6  0.0078578189
4 4 0 6  0.0615012975
4 4 2 6  -0.0014218437
4 4 4 6  0.0278977494
4 4 6 6  0.0669428614
4 5 1 6  0.0615012975
4 5 3 6  -0.0014218437
4 5 5 6  0.0278977494
4 5 7 6  0.0669428614
4 6 0 6  -0.0146155943
4 6 2 6  0.0078578189
4 6 4 6  0.0669428614
4 6 6 6  -0.0232388374
4 7 1 6  -0.0146155943
4 7 3 6  0.0078578189
4 7 5 6  0.0669428614
4 7 7 6  -0.0232388374
5 0 0 1  -0.0193512807
5 0 2 1  -0.0057985355
5 0 4 1  0.0629483114
5 0 6 1  -0.0127882000
5 1 1 1  -0.0193512807
5 1 3 1  -0.0057985355
5 1 5 1  0.0629483114
5 1 7 1  -0.0127882000
5 2 0 1  -0.0057985355
5 2 2 1  -0.0165120226
5 2 4 1  -0.0034295538
5 2 6 1  0.0063436353
5 3 1 1  -0.0057985355
5 3 3 1  -0.0165120226
5 3 5 1  -0.0034295538
5 3 7 1  0.0063436353
5 4 0 1  0.0629483114
5 4 2 1  -0.0034295538
5 4 4 1  0.0277820692
5 4 6 1  0.0615012975
5 5 1 1  0.0629483114
5 5 3 1  -0.0034295538
5 5 5 1  0.0277820692
5 5 7 1  0.0615012975
5 6 0 1  -0.0127882000
5 6 2 1  0.0063436353
5 6 4 1  0.0615012975
5 6 6 1  -0.0227335104
5 7 1 1  -0.0127882000
5 7 3 1  0.0063436353
5 7 5 1  0.0615012975
5 7 7 1  -0.0227335104
5 0 0 3  0.0005762783
5 0 2 3  -0.0034295538
5 0 4 3  -0.0034295538
5 1 1 3  0.0005762783
5 1 3 3  -0.0034295538
5 1 5 3  -0.0034295538
5 2 0 3  -0.0034295538
5 2 2 3  -0.0011699873
5 2 4 3  0.0032550514
5 2 6 3  0.0014218437
5 3 1 3  -0.0034295538
5 3 3 3  -0.0011699873
5 3 5 3  0.0032550514
5 3 7 3  0.0014218437
5 4 0 3  -0.0034295538
5 4 2 3  0.0032550514
5 4 4 3  -0.0011699873
5 4 6 3  -0.0014218437
5 5 1 3  -0.0034295538
5 5 3 3  0.0032550514
5 5 5 3  -0.0011699873
5 5 7 3  -0.0014218437
5 6 2 3  0.0014218437
5 6 4 3  -0.0014218437
5 6 6 3  0.0018636970
5 7 3 3  0.0014218437
5 7 5 3  -0.0014218437
5 7 7 3  0.0018636970
5 0 0 5  0.2323496299
5 0 2 5  -0.0165120226
5 0 4 5  0.0277820692
5 0 6 5  0.0331096649
5 1 1 5  0.2323496299
5 1 3 5  -0.0165120226
5 1 5 5  0.0277820692
5 1 7 5  0.0331096649
5 2 0 5  -0.0165120226
5 2 2 5  0.1831729177
5 2 4 5  -0.0011699873
5 2 6 5  0.0150163244
5 3 1 5  -0.0165120226
5 3 3 5  0.1831729177
5 3 5 5  -0.0011699873
5 3 7 5  0.0150163244
5 4 0 5  0.0277820692
5 4 2 5  -0.0011699873
5 4 4 5  0.2947864727
5 4 6 5  0.0278977494
5 5 1 5  0.0277820692
5 5 3 5  -0.0011699873
5 5 5 5  0.2947864727
5 5 7 5  0.0278977494
5 6 0 5  0.0331096649
5 6 2 5  0.0150163244
5 6 4 5  0.0278977494
5 6 6 5  0.2380399409
5 7 1 5  0.0331096649
5 7 3 5  0.0150163244
5 7 5 5  0.0278977494
5 7 7 5  0.2380399409
5 0 0 7  -0.0191189731
5 0 2 7  -0.0063436353
5 0 4 7  0.0615012975
5 0 6 7  -0.0146155943
5 1 1 7  -0.0191189731
5 1 3 7  -0.0063436353
5 1 5 7  0.0615012975
5 1 7 7  -0.0146155943
5 2 0 7  -0.0063436353
5 2 2 7  -0.0150163244
5 2 4 7  -0.0014218437
5 2 6 7  0.0078578189
5 3 1 7  -0.0063436353
5 3 3 7  -0.0150163244
5 3 5 7  -0.0014218437
5 3 7 7  0.0078578189
5 4 0 7  0.0615012975
5 4 2 7  -0.0014218437
5 4 4 7  0.0278977494
5 4 6 7  0.0669428614
5 5 1 7  0.0615012975
5 5 3 7  -0.0014218437
5 5 5 7  0.0278977494
5 5 7 7  0.0669428614
5 6 0 7  -0.0146155943
5 6 2 7  0.0078578189
5 6 4 7  0.0669428614
5 6 6 7  -0.0232388374
5 7 1 7  -0.0146155943
5 7 3 7  0.0078578189
5 7 5 7  0.0669428614
5 7 7 7  -0.0232388374
6 0 2 0  0.0127882000
6 0 4 0  -0.0127882000
6 0 6 0  0.0466147646
6 1 3 0  0.0127882000
6 1 5 0  -0.0127882000
6 1 7 0  0.0466147646
6 2 0 0  0.0127882000
6 2 2 0  -0.0331096649
6 2 6 0  -0.0146155943
6 3 1 0  0.0127882000
6 3 3 0  -0.0331096649
6 3 7 0  -0.0146155943
6 4 0 0  -0.0127882000
6 4 4 0  0.0331096649
6 4 6 0  -0.0146155943
6 5 1 0  -0.0127882000
6 5 5 0  0.0331096649
6 5 7 0  -0.0146155943
6 6 0 0  0.0466147646
6 6 2 0  -0.0146155943
6 6 4 0  -0.0146155943
6 7 1 0  0.0466147646
6 7 3 0  -0.0146155943
6 7 5 0  -0.0146155943
6 0 0 2  0.0191189731
6 0 2 2  -0.0615012975
6 0 4 2  0.0063436353
6 0 6 2  -0.0146155943
6 1 1 2  0.0191189731
6 1 3 2  -0.0615012975
6 1 5 2  0.0063436353
6 1 7 2  -0.0146155943
6 2 0 2  -0.0615012975
6 2 2 2  -0.0278977494
6 2 4 2  0.0014218437
6 2 6 2  0.0669428614
6 3 1 2  -0.0615012975
6 3 3 2  -0.0278977494
6 3 5 2  0.0014218437
6 3 7 2  0.0669428614
6 4 0 2  0.0063436353
6 4 2 2  0.0014218437
6 4 4 2  0.0150163244
6 4 6 2  0.0078578189
6 5 1 2  0.0063436353
6 5 3 2  0.0014218437
6 5 5 2  0.0150163244
6 5 7 2  0.0078578189
6 6 0 2  -0.0146155943
6 6 2 2  0.0669428614
6 6 4 2  0.0078578189
6 6 6 2  0.0232388374
6 7 1 2  -0.0146155943
6 7 3 2  0.0669428614
6 7 5 2  0.0078578189
6 7 7 2  0.0232388374
6 0 0 4  -0.0191189731
6 0 2 4  -0.0063436353
6 0 4 4  0.0615012975
6 0 6 4  -0.0146155943
6 1 1 4  -0.0191189731
6 1 3 4  -0.0063436353
6 1 5 4  0.0615012975
6 1 7 4  -0.0146155943
6 2 0 4  -0.0063436353
6 2 2 4  -0.0150163244
6 2 4 4  -0.0014218437
6 2 6 4  0.0078578189
6 3 1 4  -0.0063436353
6 3 3 4  -0.0150163244
6 3 5 4  -0.0014218437
6 3 7 4  0.0078578189
6 4 0 4  0.0615012975
6 4 2 4  -0.0014218437
6 4 4 4  0.0278977494
6 4 6 4  0.0669428614
6 5 1 4  0.0615012975
6 5 3 4  -0.0014218437
6 5 5 4  0.0278977494
6 5 7 4  0.0669428614
6 6 0 4  -0.0146155943
6 6 2 4  0.0078578189
6 6 4 4  0.0669428614
6 6 6 4  -0.0232388374
6 7 1 4  -0.0146155943
6 7 3 4  0.0078578189
6 7 5 4  0.0669428614
6 7 7 4  -0.0232388374
6 0 0 6  0.2535692537
6 0 2 6  -0.0227335104
6 0 4 6  -0.0227335104
6 1 1 6  0.2535692537
6 1 3 6  -0.0227335104
6 1 5 6  -0.0227335104
6 2 0 6  -0.0227335104
6 2 2 6  0.2380399409
6 2 4 6  0.0018636970
6 2 6 6  0.0232388374
6 3 1 6  -0.0227335104
6 3 3 6  0.2380399409
6 3 5 6  0.0018636970
6 3 7 6  0.0232388374
6 4 0 6  -0.0227335104
6 4 2 6  0.0018636970
6 4 4 6  0.2380399409
6 4 6 6  -0.0232388374
6 5 1 6  -0.0227335104
6 5 3 6  0.0018636970
6 5 5 6  0.2380399409
6 5 7 6  -0.0232388374
6 6 2 6  0.0232388374
6 6 4 6  -0.0232388374
6 6 6 6  0.2716644944
6 7 3 6  0.0232388374
6 7 5 6  -0.0232388374
6 7 7 6  0.2716644944
7 0 2 1  0.0127882000
7 0 4 1  -0.0127882000
7 0 6 1  0.0466147646
7 1 3 1  0.0127882000
7 1 5 1  -0.0127882000
7 1 7 1  0.0466147646
7 2 0 1  0.0127882000
7 2 2 1  -0.0331096649
7 2 6 1  -0.0146155943
7 3 1 1  0.0127882000
7 3 3 1  -0.0331096649
7 3 7 1  -0.0146155943
7 4 0 1  -0.0127882000
7 4 4 1  0.0331096649
7 4 6 1  -0.0146155943
7 5 1 1  -0.0127882000
7 5 5 1  0.0331096649
7 5 7 1  -0.0146155943
7 6 0 1  0.0466147646
7 6 2 1  -0.0146155943
7 6 4 1  -0.0146155943
7 7 1 1  0.0466147646
7 7 3 1  -0.0146155943
7 7 5 1  -0.0146155943
7 0 0 3  0.0191189731
7 0 2 3  -0.0615012975
7 0 4 3  0.0063436353
7 0 6 3  -0.0146155943
7 1 1 3  0.0191189731
7 1 3 3  -0.0615012975
7 1 5 3  0.0063436353
7 1 7 3  -0.0146155943
7 2 0 3  -0.0615012975
7 2 2 3  -0.0278977494
7 2 4 3  0.0014218437
7 2 6 3  0.0669428614
7 3 1 3  -0.0615012975
7 3 3 3  -0.0278977494
7 3 5 3  0.0014218437
7 3 7 3  0.0669428614
7 4 0 3  0.0063436353
7 4 2 3  0.0014218437
7 4 4 3  0.0150163244
7 4 6 3  0.0078578189
7 5 1 3  0.0063436353
7 5 3 3  0.0014218437
7 5 5 3  0.0150163244
7 5 7 3  0.0078578189
7 6 0 3  -0.0146155943
7 6 2 3  0.0669428614
7 6 4 3  0.0078578189
7 6 6 3  0.0232388374
7 7 1 3  -0.0146155943
7 7 3 3  0.0669428614
7 7 5 3  0.0078578189
7 7 7 3  0.0232388374
7 0 0 5  -0.0191189731
7 0 2 5  -0.0063436353
7 0 4 5  0.0615012975
7 0 6 5  -0.0146155943
7 1 1 5  -0.0191189731
7 1 3 5  -0.0063436353
7 1 5 5  0.0615012975
7 1 7 5  -0.0146155943
7 2 0 5  -0.0063436353
7 2 2 5  -0.0150163244
7 2 4 5  -0.0014218437
7 2 6 5  0.0078578189
7 3 1 5  -0.0063436353
7 3 3 5  -0.0150163244
7 3 5 5  -0.0014218437
7 3 7 5  0.0078578189
7 4 0 5  0.0615012975
7 4 2 5  -0.0014218437
7 4 4 5  0.0278977494
7 4 6 5  0.0669428614
7 5 1 5  0.0615012975
7 5 3 5  -0.0014218437
7 5 5 5  0.0278977494
7 5 7 5  0.0669428614
7 6 0 5  -0.0146155943
7 6 2 5  0.0078578189
7 6 4 5  0.0669428614
7 6 6 5  -0.0232388374
7 7 1 5  -0.0146155943
7 7 3 5  0.0078578189
7 7 5 5  0.0669428614
7 7 7 5  -0.0232388374
7 0 0 7  0.2535692537
7 0 2 7  -0.0227335104
7 0 4 7  -0.0227335104
7 1 1 7  0.2535692537
7 1 3 7  -0.0227335104
7 1 5 7  -0.0227335104
7 2 0 7  -0.0227335104
7 2 2 7  0.2380399409
7 2 4 7  0.0018636970
7 2 6 7  0.0232388374
7 3 1 7  -0.0227335104
7 3 3 7  0.2380399409
7 3 5 7  0.0018636970
7 3 7 7  0.0232388374
7 4 0 7  -0.0227335104
7 4 2 7  0.0018636970
7 4 4 7  0.2380399409
7 4 6 7  -0.0232388374
7 5 1 7  -0.0227335104
7 5 3 7  0.0018636970
7 5 5 7  0.2380399409
7 5 7 7  -0.0232388374
7 6 2 7  0.0232388374
7 6 4 7  -0.0232388374
7 6 6 7  0.2716644944
7 7 3 7  0.0232388374
7 7 5 7  -0.0232388374
7 7 7 7  0.2716644944

 E(FCI) = -2.0629884026

 E(HF)  = -1.6533066576
