 MO Integrals

2.2909878931
0 0  -1.8419999754
0 2  0.0755562721
0 4  0.0755562721
1 1  -1.8419999754
1 3  0.0755562721
1 5  0.0755562721
2 0  0.0755562721
2 2  -1.4149746502
2 4  0.1306845186
2 6  -0.0645560753
3 1  0.0755562721
3 3  -1.4149746502
3 5  0.1306845186
3 7  -0.0645560753
4 0  0.0755562721
4 2  0.1306845186
4 4  -1.4149746502
4 6  0.0645560753
5 1  0.0755562721
5 3  0.1306845186
5 5  -1.4149746502
5 7  0.0645560753
6 2  -0.0645560753
6 4  0.0645560753
6 6  -1.0154576948
7 3  -0.0645560753
7 5  0.0645560753
7 7  -1.0154576948
0 0 0 0  0.2492368273
0 0 2 0  -0.0246726883
0 0 4 0  -0.0246726883
0 1 1 0  0.2492368273
0 1 3 0  -0.0246726883
0 1 5 0  -0.0246726883
0 2 0 0  -0.0246726883
0 2 2 0  0.2224533318
0 2 4 0  0.0014958143
0 2 6 0  0.0245003591
0 3 1 0  -0.0246726883
0 3 3 0  0.2224533318
0 3 5 0  0.0014958143
0 3 7 0  0.0245003591
0 4 0 0  -0.0246726883
0 4 2 0  0.0014958143
0 4 4 0  0.2224533318
0 4 6 0  -0.0245003591
0 5 1 0  -0.0246726883
0 5 3 0  0.0014958143
0 5 5 0  0.2224533318
0 5 7 0  -0.0245003591
0 6 2 0  0.0245003591
0 6 4 0  -0.0245003591
0 6 6 0  0.2539553262
0 7 3 0  0.0245003591
0 7 5 0  -0.0245003591
0 7 7 0  0.2539553262
0 0 0 2  -0.0246726883
0 0 2 2  0.0630557755
0 0 4 2  -0.0089903349
0 0 6 2  0.0146209712
0 1 1 2  -0.0246726883
0 1 3 2  0.0630557755
0 1 5 2  -0.0089903349
0 1 7 2  0.0146209712
0 2 0 2  0.0630557755
0 2 2 2  0.0330327751
0 2 4 2  -0.0033951214
0 2 6 2  -0.0605683951
0 3 1 2  0.0630557755
0 3 3 2  0.0330327751
0 3 5 2  -0.0033951214
0 3 7 2  -0.0605683951
0 4 0 2  -0.0089903349
0 4 2 2  -0.0033951214
0 4 4 2  -0.0256018831
0 4 6 2  -0.0097704745
0 5 1 2  -0.0089903349
0 5 3 2  -0.0033951214
0 5 5 2  -0.0256018831
0 5 7 2  -0.0097704745
0 6 0 2  0.0146209712
0 6 2 2  -0.0605683951
0 6 4 2  -0.0097704745
0 6 6 2  -0.0277078761
0 7 1 2  0.0146209712
0 7 3 2  -0.0605683951
0 7 5 2  -0.0097704745
0 7 7 2  -0.0277078761
0 0 0 4  -0.0246726883
0 0 2 4  -0.0089903349
0 0 4 4  0.0630557755
0 0 6 4  -0.0146209712
0 1 1 4  -0.0246726883
0 1 3 4  -0.0089903349
0 1 5 4  0.0630557755
0 1 7 4  -0.0146209712
0 2 0 4  -0.0089903349
0 2 2 4  -0.0256018831
0 2 4 4  -0.0033951214
0 2 6 4  0.0097704745
0 3 1 4  -0.0089903349
0 3 3 4  -0.0256018831
0 3 5 4  -0.0033951214
0 3 7 4  0.0097704745
0 4 0 4  0.0630557755
0 4 2 4  -0.0033951214
0 4 4 4  0.0330327751
0 4 6 4  0.0605683951
0 5 1 4  0.0630557755
0 5 3 4  -0.0033951214
0 5 5 4  0.0330327751
0 5 7 4  0.0605683951
0 6 0 4  -0.0146209712
0 6 2 4  0.0097704745
0 6 4 4  0.0605683951
0 6 6 4  -0.0277078761
0 7 1 4  -0.0146209712
0 7 3 4  0.0097704745
0 7 5 4  0.0605683951
0 7 7 4  -0.0277078761
0 0 2 6  0.0146209712
0 0 4 6  -0.0146209712
0 0 6 6  0.0488616839
0 1 3 6  0.0146209712
0 1 5 6  -0.0146209712
0 1 7 6  0.0488616839
0 2 0 6  0.0146209712
0 2 2 6  -0.0296868275
0 2 6 6  -0.0158721001
0 3 1 6  0.0146209712
0 3 3 6  -0.0296868275
0 3 7 6  -0.0158721001
0 4 0 6  -0.0146209712
0 4 4 6  0.0296868275
0 4 6 6  -0.0158721001
0 5 1 6  -0.0146209712
0 5 5 6  0.0296868275
0 5 7 6  -0.0158721001
0 6 0 6  0.0488616839
0 6 2 6  -0.0158721001
0 6 4 6  -0.0158721001
0 7 1 6  0.0488616839
0 7 3 6  -0.0158721001
0 7 5 6  -0.0158721001
1 0 0 1  0.2492368273
1 0 2 1  -0.0246726883
1 0 4 1  -0.0246726883
1 1 1 1  0.2492368273
1 1 3 1  -0.0246726883
1 1 5 1  -0.0246726883
1 2 0 1  -0.0246726883
1 2 2 1  0.2224533318
1 2 4 1  0.0014958143
1 2 6 1  0.0245003591
1 3 1 1  -0.0246726883
1 3 3 1  0.2224533318
1 3 5 1  0.0014958143
1 3 7 1  0.0245003591
1 4 0 1  -0.0246726883
1 4 2 1  0.0014958143
1 4 4 1  0.2224533318
1 4 6 1  -0.0245003591
1 5 1 1  -0.0246726883
1 5 3 1  0.0014958143
1 5 5 1  0.2224533318
1 5 7 1  -0.0245003591
1 6 2 1  0.0245003591
1 6 4 1  -0.0245003591
1 6 6 1  0.2539553262
1 7 3 1  0.0245003591
1 7 5 1  -0.0245003591
1 7 7 1  0.2539553262
1 0 0 3  -0.0246726883
1 0 2 3  0.0630557755
1 0 4 3  -0.0089903349
1 0 6 3  0.0146209712
1 1 1 3  -0.0246726883
1 1 3 3  0.0630557755
1 1 5 3  -0.0089903349
1 1 7 3  0.0146209712
1 2 0 3  0.0630557755
1 2 2 3  0.0330327751
1 2 4 3  -0.0033951214
1 2 6 3  -0.0605683951
1 3 1 3  0.0630557755
1 3 3 3  0.0330327751
1 3 5 3  -0.0033951214
1 3 7 3  -0.0605683951
1 4 0 3  -0.0089903349
1 4 2 3  -0.0033951214
1 4 4 3  -0.0256018831
1 4 6 3  -0.0097704745
1 5 1 3  -0.0089903349
1 5 3 3  -0.0033951214
1 5 5 3  -0.0256018831
1 5 7 3  -0.0097704745
1 6 0 3  0.0146209712
1 6 2 3  -0.0605683951
1 6 4 3  -0.0097704745
1 6 6 3  -0.0277078761
1 7 1 3  0.0146209712
1 7 3 3  -0.0605683951
1 7 5 3  -0.0097704745
1 7 7 3  -0.0277078761
1 0 0 5  -0.0246726883
1 0 2 5  -0.0089903349
1 0 4 5  0.0630557755
1 0 6 5  -0.0146209712
1 1 1 5  -0.0246726883
1 1 3 5  -0.0089903349
1 1 5 5  0.0630557755
1 1 7 5  -0.0146209712
1 2 0 5  -0.0089903349
1 2 2 5  -0.0256018831
1 2 4 5  -0.0033951214
1 2 6 5  0.0097704745
1 3 1 5  -0.0089903349
1 3 3 5  -0.0256018831
1 3 5 5  -0.0033951214
1 3 7 5  0.0097704745
1 4 0 5  0.0630557755
1 4 2 5  -0.0033951214
1 4 4 5  0.0330327751
1 4 6 5  0.0605683951
1 5 1 5  0.0630557755
1 5 3 5  -0.0033951214
1 5 5 5  0.0330327751
1 5 7 5  0.0605683951
1 6 0 5  -0.0146209712
1 6 2 5  0.0097704745
1 6 4 5  0.0605683951
1 6 6 5  -0.0277078761
1 7 1 5  -0.0146209712
1 7 3 5  0.0097704745
1 7 5 5  0.0605683951
1 7 7 5  -0.0277078761
1 0 2 7  0.0146209712
1 0 4 7  -0.0146209712
1 0 6 7  0.0488616839
1 1 3 7  0.0146209712
1 1 5 7  -0.0146209712
1 1 7 7  0.0488616839
1 2 0 7  0.0146209712
1 2 2 7  -0.0296868275
1 2 6 7  -0.0158721001
1 3 1 7  0.0146209712
1 3 3 7  -0.0296868275
1 3 7 7  -0.0158721001
1 4 0 7  -0.0146209712
1 4 4 7  0.0296868275
1 4 6 7  -0.0158721001
1 5 1 7  -0.0146209712
1 5 5 7  0.0296868275
1 5 7 7  -0.0158721001
1 6 0 7  0.0488616839
1 6 2 7  -0.0158721001
1 6 4 7  -0.0158721001
1 7 1 7  0.0488616839
1 7 3 7  -0.0158721001
1 7 5 7  -0.0158721001
2 0 0 0  -0.0246726883
2 0 2 0  0.0630557755
2 0 4 0  -0.0089903349
2 0 6 0  0.0146209712
2 1 1 0  -0.0246726883
2 1 3 0  0.0630557755
2 1 5 0  -0.0089903349
2 1 7 0  0.0146209712
2 2 0 0  0.0630557755
2 2 2 0  0.0330327751
2 2 4 0  -0.0033951214
2 2 6 0  -0.0605683951
2 3 1 0  0.0630557755
2 3 3 0  0.0330327751
2 3 5 0  -0.0033951214
2 3 7 0  -0.0605683951
2 4 0 0  -0.0089903349
2 4 2 0  -0.0033951214
2 4 4 0  -0.0256018831
2 4 6 0  -0.0097704745
2 5 1 0  -0.0089903349
2 5 3 0  -0.0033951214
2 5 5 0  -0.0256018831
2 5 7 0  -0.0097704745
2 6 0 0  0.0146209712
2 6 2 0  -0.0605683951
2 6 4 0  -0.0097704745
2 6 6 0  -0.0277078761
2 7 1 0  0.0146209712
2 7 3 0  -0.0605683951
2 7 5 0  -0.0097704745
2 7 7 0  -0.0277078761
2 0 0 2  0.2224533318
2 0 2 2  0.0330327751
2 0 4 2  -0.0256018831
2 0 6 2  -0.0296868275
2 1 1 2  0.2224533318
2 1 3 2  0.0330327751
2 1 5 2  -0.0256018831
2 1 7 2  -0.0296868275
2 2 0 2  0.0330327751
2 2 2 2  0.2952008793
2 2 4 2  0.0000338816
2 2 6 2  -0.0325332262
2 3 1 2  0.0330327751
2 3 3 2  0.2952008793
2 3 5 2  0.0000338816
2 3 7 2  -0.0325332262
2 4 0 2  -0.0256018831
2 4 2 2  0.0000338816
2 4 4 2  0.1651082245
2 4 6 2  -0.0253145164
2 5 1 2  -0.0256018831
2 5 3 2  0.0000338816
2 5 5 2  0.1651082245
2 5 7 2  -0.0253145164
2 6 0 2  -0.0296868275
2 6 2 2  -0.0325332262
2 6 4 2  -0.0253145164
2 6 6 2  0.2307655289
2 7 1 2  -0.0296868275
2 7 3 2  -0.0325332262
2 7 5 2  -0.0253145164
2 7 7 2  0.2307655289
2 0 0 4  0.0014958143
2 0 2 4  -0.0033951214
2 0 4 4  -0.0033951214
2 1 1 4  0.0014958143
2 1 3 4  -0.0033951214
2 1 5 4  -0.0033951214
2 2 0 4  -0.0033951214
2 2 2 4  0.0000338816
2 2 4 4  0.0028443560
2 2 6 4  0.0007959703
2 3 1 4  -0.0033951214
2 3 3 4  0.0000338816
2 3 5 4  0.0028443560
2 3 7 4  0.0007959703
2 4 0 4  -0.0033951214
2 4 2 4  0.0028443560
2 4 4 4  0.0000338816
2 4 6 4  -0.0007959703
2 5 1 4  -0.0033951214
2 5 3 4  0.0028443560
2 5 5 4  0.0000338816
2 5 7 4  -0.0007959703
2 6 2 4  0.0007959703
2 6 4 4  -0.0007959703
2 6 6 4  0.0031439279
2 7 3 4  0.0007959703
2 7 5 4  -0.0007959703
2 7 7 4  0.0031439279
2 0 0 6  0.0245003591
2 0 2 6  -0.0605683951
2 0 4 6  0.0097704745
2 0 6 6  -0.0158721001
2 1 1 6  0.0245003591
2 1 3 6  -0.0605683951
2 1 5 6  0.0097704745
2 1 7 6  -0.0158721001
2 2 0 6  -0.0605683951
2 2 2 6  -0.0325332262
2 2 4 6  0.0007959703
2 2 6 6  0.0653155820
2 3 1 6  -0.0605683951
2 3 3 6  -0.0325332262
2 3 5 6  0.0007959703
2 3 7 6  0.0653155820
2 4 0 6  0.0097704745
2 4 2 6  0.0007959703
2 4 4 6  0.0253145164
2 4 6 6  0.0115588741
2 5 1 6  0.0097704745
2 5 3 6  0.0007959703
2 5 5 6  0.0253145164
2 5 7 6  0.0115588741
2 6 0 6  -0.0158721001
2 6 2 6  0.0653155820
2 6 4 6  0.0115588741
2 6 6 6  0.0287995275
2 7 1 6  -0.0158721001
2 7 3 6  0.0653155820
2 7 5 6  0.0115588741
2 7 7 6  0.0287995275
3 0 0 1  -0.0246726883
3 0 2 1  0.0630557755
3 0 4 1  -0.0089903349
3 0 6 1  0.0146209712
3 1 1 1  -0.0246726883
3 1 3 1  0.0630557755
3 1 5 1  -0.0089903349
3 1 7 1  0.0146209712
3 2 0 1  0.0630557755
3 2 2 1  0.0330327751
3 2 4 1  -0.0033951214
3 2 6 1  -0.0605683951
3 3 1 1  0.0630557755
3 3 3 1  0.0330327751
3 3 5 1  -0.0033951214
3 3 7 1  -0.0605683951
3 4 0 1  -0.0089903349
3 4 2 1  -0.0033951214
3 4 4 1  -0.0256018831
3 4 6 1  -0.0097704745
3 5 1 1  -0.0089903349
3 5 3 1  -0.0033951214
3 5 5 1  -0.0256018831
3 5 7 1  -0.0097704745
3 6 0 1  0.0146209712
3 6 2 1  -0.0605683951
3 6 4 1  -0.0097704745
3 6 6 1  -0.0277078761
3 7 1 1  0.0146209712
3 7 3 1  -0.0605683951
3 7 5 1  -0.0097704745
3 7 7 1  -0.0277078761
3 0 0 3  0.2224533318
3 0 2 3  0.0330327751
3 0 4 3  -0.0256018831
3 0 6 3  -0.0296868275
3 1 1 3  0.2224533318
3 1 3 3  0.0330327751
3 1 5 3  -0.0256018831
3 1 7 3  -0.0296868275
3 2 0 3  0.0330327751
3 2 2 3  0.2952008793
3 2 4 3  0.0000338816
3 2 6 3  -0.0325332262
3 3 1 3  0.0330327751
3 3 3 3  0.2952008793
3 3 5 3  0.0000338816
3 3 7 3  -0.0325332262
3 4 0 3  -0.0256018831
3 4 2 3  0.0000338816
3 4 4 3  0.1651082245
3 4 6 3  -0.0253145164
3 5 1 3  -0.0256018831
3 5 3 3  0.0000338816
3 5 5 3  0.1651082245
3 5 7 3  -0.0253145164
3 6 0 3  -0.0296868275
3 6 2 3  -0.0325332262
3 6 4 3  -0.0253145164
3 6 6 3  0.2307655289
3 7 1 3  -0.0296868275
3 7 3 3  -0.0325332262
3 7 5 3  -0.0253145164
3 7 7 3  0.2307655289
3 0 0 5  0.0014958143
3 0 2 5  -0.0033951214
3 0 4 5  -0.0033951214
3 1 1 5  0.0014958143
3 1 3 5  -0.0033951214
3 1 5 5  -0.0033951214
3 2 0 5  -0.0033951214
3 2 2 5  0.0000338816
3 2 4 5  0.0028443560
3 2 6 5  0.0007959703
3 3 1 5  -0.0033951214
3 3 3 5  0.0000338816
3 3 5 5  0.0028443560
3 3 7 5  0.0007959703
3 4 0 5  -0.0033951214
3 4 2 5  0.0028443560
3 4 4 5  0.0000338816
3 4 6 5  -0.0007959703
3 5 1 5  -0.0033951214
3 5 3 5  0.0028443560
3 5 5 5  0.0000338816
3 5 7 5  -0.0007959703
3 6 2 5  0.0007959703
3 6 4 5  -0.0007959703
3 6 6 5  0.0031439279
3 7 3 5  0.0007959703
3 7 5 5  -0.0007959703
3 7 7 5  0.0031439279
3 0 0 7  0.0245003591
3 0 2 7  -0.0605683951
3 0 4 7  0.0097704745
3 0 6 7  -0.0158721001
3 1 1 7  0.0245003591
3 1 3 7  -0.0605683951
3 1 5 7  0.0097704745
3 1 7 7  -0.0158721001
3 2 0 7  -0.0605683951
3 2 2 7  -0.0325332262
3 2 4 7  0.0007959703
3 2 6 7  0.0653155820
3 3 1 7  -0.0605683951
3 3 3 7  -0.0325332262
3 3 5 7  0.0007959703
3 3 7 7  0.0653155820
3 4 0 7  0.0097704745
3 4 2 7  0.0007959703
3 4 4 7  0.0253145164
3 4 6 7  0.0115588741
3 5 1 7  0.0097704745
3 5 3 7  0.0007959703
3 5 5 7  0.0253145164
3 5 7 7  0.0115588741
3 6 0 7  -0.0158721001
3 6 2 7  0.0653155820
3 6 4 7  0.0115588741
3 6 6 7  0.0287995275
3 7 1 7  -0.0158721001
3 7 3 7  0.0653155820
3 7 5 7  0.0115588741
3 7 7 7  0.0287995275
4 0 0 0  -0.0246726883
4 0 2 0  -0.0089903349
4 0 4 0  0.0630557755
4 0 6 0  -0.0146209712
4 1 1 0  -0.0246726883
4 1 3 0  -0.0089903349
4 1 5 0  0.0630557755
4 1 7 0  -0.0146209712
4 2 0 0  -0.0089903349
4 2 2 0  -0.0256018831
4 2 4 0  -0.0033951214
4 2 6 0  0.0097704745
4 3 1 0  -0.0089903349
4 3 3 0  -0.0256018831
4 3 5 0  -0.0033951214
4 3 7 0  0.0097704745
4 4 0 0  0.0630557755
4 4 2 0  -0.0033951214
4 4 4 0  0.0330327751
4 4 6 0  0.0605683951
4 5 1 0  0.0630557755
4 5 3 0  -0.0033951214
4 5 5 0  0.0330327751
4 5 7 0  0.0605683951
4 6 0 0  -0.0146209712
4 6 2 0  0.0097704745
4 6 4 0  0.0605683951
4 6 6 0  -0.0277078761
4 7 1 0  -0.0146209712
4 7 3 0  0.0097704745
4 7 5 0  0.0605683951
4 7 7 0  -0.0277078761
4 0 0 2  0.0014958143
4 0 2 2  -0.0033951214
4 0 4 2  -0.0033951214
4 1 1 2  0.0014958143
4 1 3 2  -0.0033951214
4 1 5 2  -0.0033951214
4 2 0 2  -0.0033951214
4 2 2 2  0.0000338816
4 2 4 2  0.0028443560
4 2 6 2  0.0007959703
4 3 1 2  -0.0033951214
4 3 3 2  0.0000338816
4 3 5 2  0.0028443560
4 3 7 2  0.0007959703
4 4 0 2  -0.0033951214
4 4 2 2  0.0028443560
4 4 4 2  0.0000338816
4 4 6 2  -0.0007959703
4 5 1 2  -0.0033951214
4 5 3 2  0.0028443560
4 5 5 2  0.0000338816
4 5 7 2  -0.0007959703
4 6 2 2  0.0007959703
4 6 4 2  -0.0007959703
4 6 6 2  0.0031439279
4 7 3 2  0.0007959703
4 7 5 2  -0.0007959703
4 7 7 2  0.0031439279
4 0 0 4  0.2224533318
4 0 2 4  -0.0256018831
4 0 4 4  0.0330327751
4 0 6 4  0.0296868275
4 1 1 4  0.2224533318
4 1 3 4  -0.0256018831
4 1 5 4  0.0330327751
4 1 7 4  0.0296868275
4 2 0 4  -0.0256018831
4 2 2 4  0.1651082245
4 2 4 4  0.0000338816
4 2 6 4  0.0253145164
4 3 1 4  -0.0256018831
4 3 3 4  0.1651082245
4 3 5 4  0.0000338816
4 3 7 4  0.0253145164
4 4 0 4  0.0330327751
4 4 2 4  0.0000338816
4 4 4 4  0.2952008793
4 4 6 4  0.0325332262
4 5 1 4  0.0330327751
4 5 3 4  0.0000338816
4 5 5 4  0.2952008793
4 5 7 4  0.0325332262
4 6 0 4  0.0296868275
4 6 2 4  0.0253145164
4 6 4 4  0.0325332262
4 6 6 4  0.2307655289
4 7 1 4  0.0296868275
4 7 3 4  0.0253145164
4 7 5 4  0.0325332262
4 7 7 4  0.2307655289
4 0 0 6  -0.0245003591
4 0 2 6  -0.0097704745
4 0 4 6  0.0605683951
4 0 6 6  -0.0158721001
4 1 1 6  -0.0245003591
4 1 3 6  -0.0097704745
4 1 5 6  0.0605683951
4 1 7 6  -0.0158721001
4 2 0 6  -0.0097704745
4 2 2 6  -0.0253145164
4 2 4 6  -0.0007959703
4 2 6 6  0.0115588741
4 3 1 6  -0.0097704745
4 3 3 6  -0.0253145164
4 3 5 6  -0.0007959703
4 3 7 6  0.0115588741
4 4 0 6  0.0605683951
4 4 2 6  -0.0007959703
4 4 4 6  0.0325332262
4 4 6 6  0.0653155820
4 5 1 6  0.0605683951
4 5 3 6  -0.0007959703
4 5 5 6  0.0325332262
4 5 7 6  0.0653155820
4 6 0 6  -0.0158721001
4 6 2 6  0.0115588741
4 6 4 6  0.0653155820
4 6 6 6  -0.0287995275
4 7 1 6  -0.0158721001
4 7 3 6  0.0115588741
4 7 5 6  0.0653155820
4 7 7 6  -0.0287995275
5 0 0 1  -0.0246726883
5 0 2 1  -0.0089903349
5 0 4 1  0.0630557755
5 0 6 1  -0.0146209712
5 1 1 1  -0.0246726883
5 1 3 1  -0.0089903349
5 1 5 1  0.0630557755
5 1 7 1  -0.0146209712
5 2 0 1  -0.0089903349
5 2 2 1  -0.0256018831
5 2 4 1  -0.0033951214
5 2 6 1  0.0097704745
5 3 1 1  -0.0089903349
5 3 3 1  -0.0256018831
5 3 5 1  -0.0033951214
5 3 7 1  0.0097704745
5 4 0 1  0.0630557755
5 4 2 1  -0.0033951214
5 4 4 1  0.0330327751
5 4 6 1  0.0605683951
5 5 1 1  0.0630557755
5 5 3 1  -0.0033951214
5 5 5 1  0.0330327751
5 5 7 1  0.0605683951
5 6 0 1  -0.0146209712
5 6 2 1  0.0097704745
5 6 4 1  0.0605683951
5 6 6 1  -0.0277078761
5 7 1 1  -0.0146209712
5 7 3 1  0.0097704745
5 7 5 1  0.0605683951
5 7 7 1  -0.0277078761
5 0 0 3  0.0014958143
5 0 2 3  -0.0033951214
5 0 4 3  -0.0033951214
5 1 1 3  0.0014958143
5 1 3 3  -0.0033951214
5 1 5 3  -0.0033951214
5 2 0 3  -0.0033951214
5 2 2 3  0.0000338816
5 2 4 3  0.0028443560
5 2 6 3  0.0007959703
5 3 1 3  -0.0033951214
5 3 3 3  0.0000338816
5 3 5 3  0.0028443560
5 3 7 3  0.0007959703
5 4 0 3  -0.0033951214
5 4 2 3  0.0028443560
5 4 4 3  0.0000338816
5 4 6 3  -0.0007959703
5 5 1 3  -0.0033951214
5 5 3 3  0.0028443560
5 5 5 3  0.0000338816
5 5 7 3  -0.0007959703
5 6 2 3  0.0007959703
5 6 4 3  -0.0007959703
5 6 6 3  0.0031439279
5 7 3 3  0.0007959703
5 7 5 3  -0.0007959703
5 7 7 3  0.0031439279
5 0 0 5  0.2224533318
5 0 2 5  -0.0256018831
5 0 4 5  0.0330327751
5 0 6 5  0.0296868275
5 1 1 5  0.2224533318
5 1 3 5  -0.0256018831
5 1 5 5  0.0330327751
5 1 7 5  0.0296868275
5 2 0 5  -0.0256018831
5 2 2 5  0.1651082245
5 2 4 5  0.0000338816
5 2 6 5  0.0253145164
5 3 1 5  -0.0256018831
5 3 3 5  0.1651082245
5 3 5 5  0.0000338816
5 3 7 5  0.0253145164
5 4 0 5  0.0330327751
5 4 2 5  0.0000338816
5 4 4 5  0.2952008793
5 4 6 5  0.0325332262
5 5 1 5  0.0330327751
5 5 3 5  0.0000338816
5 5 5 5  0.2952008793
5 5 7 5  0.0325332262
5 6 0 5  0.0296868275
5 6 2 5  0.0253145164
5 6 4 5  0.0325332262
5 6 6 5  0.2307655289
5 7 1 5  0.0296868275
5 7 3 5  0.0253145164
5 7 5 5  0.0325332262
5 7 7 5  0.2307655289
5 0 0 7  -0.0245003591
5 0 2 7  -0.0097704745
5 0 4 7  0.0605683951
5 0 6 7  -0.0158721001
5 1 1 7  -0.0245003591
5 1 3 7  -0.0097704745
5 1 5 7  0.0605683951
5 1 7 7  -0.0158721001
5 2 0 7  -0.0097704745
5 2 2 7  -0.0253145164
5 2 4 7  -0.0007959703
5 2 6 7  0.0115588741
5 3 1 7  -0.0097704745
5 3 3 7  -0.0253145164
5 3 5 7  -0.0007959703
5 3 7 7  0.0115588741
5 4 0 7  0.0605683951
5 4 2 7  -0.0007959703
5 4 4 7  0.0325332262
5 4 6 7  0.0653155820
5 5 1 7  0.0605683951
5 5 3 7  -0.0007959703
5 5 5 7  0.0325332262
5 5 7 7  0.0653155820
5 6 0 7  -0.0158721001
5 6 2 7  0.0115588741
5 6 4 7  0.0653155820
5 6 6 7  -0.0287995275
5 7 1 7  -0.0158721001
5 7 3 7  0.0115588741
5 7 5 7  0.0653155820
5 7 7 7  -0.0287995275
6 0 2 0  0.0146209712
6 0 4 0  -0.0146209712
6 0 6 0  0.0488616839
6 1 3 0  0.0146209712
6 1 5 0  -0.0146209712
6 1 7 0  0.0488616839
6 2 0 0  0.0146209712
6 2 2 0  -0.0296868275
6 2 6 0  -0.0158721001
6 3 1 0  0.0146209712
6 3 3 0  -0.0296868275
6 3 7 0  -0.0158721001
6 4 0 0  -0.0146209712
6 4 4 0  0.0296868275
6 4 6 0  -0.0158721001
6 5 1 0  -0.0146209712
6 5 5 0  0.0296868275
6 5 7 0  -0.0158721001
6 6 0 0  0.0488616839
6 6 2 0  -0.0158721001
6 6 4 0  -0.0158721001
6 7 1 0  0.0488616839
6 7 3 0  -0.0158721001
6 7 5 0  -0.0158721001
6 0 0 2  0.0245003591
6 0 2 2  -0.0605683951
6 0 4 2  0.0097704745
6 0 6 2  -0.0158721001
6 1 1 2  0.0245003591
6 1 3 2  -0.0605683951
6 1 5 2  0.0097704745
6 1 7 2  -0.0158721001
6 2 0 2  -0.0605683951
6 2 2 2  -0.0325332262
6 2 4 2  0.0007959703
6 2 6 2  0.0653155820
6 3 1 2  -0.0605683951
6 3 3 2  -0.0325332262
6 3 5 2  0.0007959703
6 3 7 2  0.0653155820
6 4 0 2  0.0097704745
6 4 2 2  0.0007959703
6 4 4 2  0.0253145164
6 4 6 2  0.0115588741
6 5 1 2  0.0097704745
6 5 3 2  0.0007959703
6 5 5 2  0.0253145164
6 5 7 2  0.0115588741
6 6 0 2  -0.0158721001
6 6 2 2  0.0653155820
6 6 4 2  0.0115588741
6 6 6 2  0.0287995275
6 7 1 2  -0.0158721001
6 7 3 2  0.0653155820
6 7 5 2  0.0115588741
6 7 7 2  0.0287995275
6 0 0 4  -0.0245003591
6 0 2 4  -0.0097704745
6 0 4 4  0.0605683951
6 0 6 4  -0.0158721001
6 1 1 4  -0.0245003591
6 1 3 4  -0.0097704745
6 1 5 4  0.0605683951
6 1 7 4  -0.0158721001
6 2 0 4  -0.0097704745
6 2 2 4  -0.0253145164
6 2 4 4  -0.0007959703
6 2 6 4  0.0115588741
6 3 1 4  -0.0097704745
6 3 3 4  -0.0253145164
6 3 5 4  -0.0007959703
6 3 7 4  0.0115588741
6 4 0 4  0.0605683951
6 4 2 4  -0.0007959703
6 4 4 4  0.0325332262
6 4 6 4  0.0653155820
6 5 1 4  0.0605683951
6 5 3 4  -0.0007959703
6 5 5 4  0.0325332262
6 5 7 4  0.0653155820
6 6 0 4  -0.0158721001
6 6 2 4  0.0115588741
6 6 4 4  0.0653155820
6 6 6 4  -0.0287995275
6 7 1 4  -0.0158721001
6 7 3 4  0.0115588741
6 7 5 4  0.0653155820
6 7 7 4  -0.0287995275
6 0 0 6  0.2539553262
6 0 2 6  -0.0277078761
6 0 4 6  -0.0277078761
6 1 1 6  0.2539553262
6 1 3 6  -0.0277078761
6 1 5 6  -0.0277078761
6 2 0 6  -0.0277078761
6 2 2 6  0.2307655289
6 2 4 6  0.0031439279
6 2 6 6  0.0287995275
6 3 1 6  -0.0277078761
6 3 3 6  0.2307655289
6 3 5 6  0.0031439279
6 3 7 6  0.0287995275
6 4 0 6  -0.0277078761
6 4 2 6  0.0031439279
6 4 4 6  0.2307655289
6 4 6 6  -0.0287995275
6 5 1 6  -0.0277078761
6 5 3 6  0.0031439279
6 5 5 6  0.2307655289
6 5 7 6  -0.0287995275
6 6 2 6  0.0287995275
6 6 4 6  -0.0287995275
6 6 6 6  0.2756042846
6 7 3 6  0.0287995275
6 7 5 6  -0.0287995275
6 7 7 6  0.2756042846
7 0 2 1  0.0146209712
7 0 4 1  -0.0146209712
7 0 6 1  0.0488616839
7 1 3 1  0.0146209712
7 1 5 1  -0.0146209712
7 1 7 1  0.0488616839
7 2 0 1  0.0146209712
7 2 2 1  -0.0296868275
7 2 6 1  -0.0158721001
7 3 1 1  0.0146209712
7 3 3 1  -0.0296868275
7 3 7 1  -0.0158721001
7 4 0 1  -0.0146209712
7 4 4 1  0.0296868275
7 4 6 1  -0.0158721001
7 5 1 1  -0.0146209712
7 5 5 1  0.0296868275
7 5 7 1  -0.0158721001
7 6 0 1  0.0488616839
7 6 2 1  -0.0158721001
7 6 4 1  -0.0158721001
7 7 1 1  0.0488616839
7 7 3 1  -0.0158721001
7 7 5 1  -0.0158721001
7 0 0 3  0.0245003591
7 0 2 3  -0.0605683951
7 0 4 3  0.0097704745
7 0 6 3  -0.0158721001
7 1 1 3  0.0245003591
7 1 3 3  -0.0605683951
7 1 5 3  0.0097704745
7 1 7 3  -0.0158721001
7 2 0 3  -0.0605683951
7 2 2 3  -0.0325332262
7 2 4 3  0.0007959703
7 2 6 3  0.0653155820
7 3 1 3  -0.0605683951
7 3 3 3  -0.0325332262
7 3 5 3  0.0007959703
7 3 7 3  0.0653155820
7 4 0 3  0.0097704745
7 4 2 3  0.0007959703
7 4 4 3  0.0253145164
7 4 6 3  0.0115588741
7 5 1 3  0.0097704745
7 5 3 3  0.0007959703
7 5 5 3  0.0253145164
7 5 7 3  0.0115588741
7 6 0 3  -0.0158721001
7 6 2 3  0.0653155820
7 6 4 3  0.0115588741
7 6 6 3  0.0287995275
7 7 1 3  -0.0158721001
7 7 3 3  0.0653155820
7 7 5 3  0.0115588741
7 7 7 3  0.0287995275
7 0 0 5  -0.0245003591
7 0 2 5  -0.0097704745
7 0 4 5  0.0605683951
7 0 6 5  -0.0158721001
7 1 1 5  -0.0245003591
7 1 3 5  -0.0097704745
7 1 5 5  0.0605683951
7 1 7 5  -0.0158721001
7 2 0 5  -0.0097704745
7 2 2 5  -0.0253145164
7 2 4 5  -0.0007959703
7 2 6 5  0.0115588741
7 3 1 5  -0.0097704745
7 3 3 5  -0.0253145164
7 3 5 5  -0.0007959703
7 3 7 5  0.0115588741
7 4 0 5  0.0605683951
7 4 2 5  -0.0007959703
7 4 4 5  0.0325332262
7 4 6 5  0.0653155820
7 5 1 5  0.0605683951
7 5 3 5  -0.0007959703
7 5 5 5  0.0325332262
7 5 7 5  0.0653155820
7 6 0 5  -0.0158721001
7 6 2 5  0.0115588741
7 6 4 5  0.0653155820
7 6 6 5  -0.0287995275
7 7 1 5  -0.0158721001
7 7 3 5  0.0115588741
7 7 5 5  0.0653155820
7 7 7 5  -0.0287995275
7 0 0 7  0.2539553262
7 0 2 7  -0.0277078761
7 0 4 7  -0.0277078761
7 1 1 7  0.2539553262
7 1 3 7  -0.0277078761
7 1 5 7  -0.0277078761
7 2 0 7  -0.0277078761
7 2 2 7  0.2307655289
7 2 4 7  0.0031439279
7 2 6 7  0.0287995275
7 3 1 7  -0.0277078761
7 3 3 7  0.2307655289
7 3 5 7  0.0031439279
7 3 7 7  0.0287995275
7 4 0 7  -0.0277078761
7 4 2 7  0.0031439279
7 4 4 7  0.2307655289
7 4 6 7  -0.0287995275
7 5 1 7  -0.0277078761
7 5 3 7  0.0031439279
7 5 5 7  0.2307655289
7 5 7 7  -0.0287995275
7 6 2 7  0.0287995275
7 6 4 7  -0.0287995275
7 6 6 7  0.2756042846
7 7 3 7  0.0287995275
7 7 5 7  -0.0287995275
7 7 7 7  0.2756042846

 E(FCI) = -2.1200591278

 E(HF)  = -1.6066823920
