 MO Integrals

2.2483028814
0 0  -1.8164081184
0 4  0.1271282962
1 1  -1.8164081184
1 5  0.1271282962
2 2  -1.5343611875
2 6  -0.0984313895
3 3  -1.5343611875
3 7  -0.0984313895
4 0  0.1271282962
4 4  -1.2617264123
5 1  0.1271282962
5 5  -1.2617264123
6 2  -0.0984313895
6 6  -0.9913219241
7 3  -0.0984313895
7 7  -0.9913219241
0 0 0 0  0.2461388735
0 0 4 0  -0.0362245582
0 1 1 0  0.2461388735
0 1 5 0  -0.0362245582
0 2 2 0  0.2183925917
0 2 6 0  0.0363752349
0 3 3 0  0.2183925917
0 3 7 0  0.0363752349
0 4 0 0  -0.0362245582
0 4 4 0  0.2218464211
0 5 1 0  -0.0362245582
0 5 5 0  0.2218464211
0 6 2 0  0.0363752349
0 6 6 0  0.2529125073
0 7 3 0  0.0363752349
0 7 7 0  0.2529125073
0 0 2 2  0.0747803433
0 0 6 2  0.0201614813
0 1 3 2  0.0747803433
0 1 7 2  0.0201614813
0 2 0 2  0.0747803433
0 2 4 2  0.0433979291
0 3 1 2  0.0747803433
0 3 5 2  0.0433979291
0 4 2 2  0.0433979291
0 4 6 2  -0.0727093736
0 5 3 2  0.0433979291
0 5 7 2  -0.0727093736
0 6 0 2  0.0201614813
0 6 4 2  -0.0727093736
0 7 1 2  0.0201614813
0 7 5 2  -0.0727093736
0 0 0 4  -0.0362245582
0 0 4 4  0.0542413617
0 1 1 4  -0.0362245582
0 1 5 4  0.0542413617
0 2 2 4  0.0080291397
0 2 6 4  -0.0507026003
0 3 3 4  0.0080291397
0 3 7 4  -0.0507026003
0 4 0 4  0.0542413617
0 4 4 4  -0.0009305762
0 5 1 4  0.0542413617
0 5 5 4  -0.0009305762
0 6 2 4  -0.0507026003
0 6 6 4  -0.0400100657
0 7 3 4  -0.0507026003
0 7 7 4  -0.0400100657
0 0 2 6  0.0201614813
0 0 6 6  0.0485971261
0 1 3 6  0.0201614813
0 1 7 6  0.0485971261
0 2 0 6  0.0201614813
0 2 4 6  -0.0297974067
0 3 1 6  0.0201614813
0 3 5 6  -0.0297974067
0 4 2 6  -0.0297974067
0 4 6 6  -0.0212492657
0 5 3 6  -0.0297974067
0 5 7 6  -0.0212492657
0 6 0 6  0.0485971261
0 6 4 6  -0.0212492657
0 7 1 6  0.0485971261
0 7 5 6  -0.0212492657
1 0 0 1  0.2461388735
1 0 4 1  -0.0362245582
1 1 1 1  0.2461388735
1 1 5 1  -0.0362245582
1 2 2 1  0.2183925917
1 2 6 1  0.0363752349
1 3 3 1  0.2183925917
1 3 7 1  0.0363752349
1 4 0 1  -0.0362245582
1 4 4 1  0.2218464211
1 5 1 1  -0.0362245582
1 5 5 1  0.2218464211
1 6 2 1  0.0363752349
1 6 6 1  0.2529125073
1 7 3 1  0.0363752349
1 7 7 1  0.2529125073
1 0 2 3  0.0747803433
1 0 6 3  0.0201614813
1 1 3 3  0.0747803433
1 1 7 3  0.0201614813
1 2 0 3  0.0747803433
1 2 4 3  0.0433979291
1 3 1 3  0.0747803433
1 3 5 3  0.0433979291
1 4 2 3  0.0433979291
1 4 6 3  -0.0727093736
1 5 3 3  0.0433979291
1 5 7 3  -0.0727093736
1 6 0 3  0.0201614813
1 6 4 3  -0.0727093736
1 7 1 3  0.0201614813
1 7 5 3  -0.0727093736
1 0 0 5  -0.0362245582
1 0 4 5  0.0542413617
1 1 1 5  -0.0362245582
1 1 5 5  0.0542413617
1 2 2 5  0.0080291397
1 2 6 5  -0.0507026003
1 3 3 5  0.0080291397
1 3 7 5  -0.0507026003
1 4 0 5  0.0542413617
1 4 4 5  -0.0009305762
1 5 1 5  0.0542413617
1 5 5 5  -0.0009305762
1 6 2 5  -0.0507026003
1 6 6 5  -0.0400100657
1 7 3 5  -0.0507026003
1 7 7 5  -0.0400100657
1 0 2 7  0.0201614813
1 0 6 7  0.0485971261
1 1 3 7  0.0201614813
1 1 7 7  0.0485971261
1 2 0 7  0.0201614813
1 2 4 7  -0.0297974067
1 3 1 7  0.0201614813
1 3 5 7  -0.0297974067
1 4 2 7  -0.0297974067
1 4 6 7  -0.0212492657
1 5 3 7  -0.0297974067
1 5 7 7  -0.0212492657
1 6 0 7  0.0485971261
1 6 4 7  -0.0212492657
1 7 1 7  0.0485971261
1 7 5 7  -0.0212492657
2 0 2 0  0.0747803433
2 0 6 0  0.0201614813
2 1 3 0  0.0747803433
2 1 7 0  0.0201614813
2 2 0 0  0.0747803433
2 2 4 0  0.0433979291
2 3 1 0  0.0747803433
2 3 5 0  0.0433979291
2 4 2 0  0.0433979291
2 4 6 0  -0.0727093736
2 5 3 0  0.0433979291
2 5 7 0  -0.0727093736
2 6 0 0  0.0201614813
2 6 4 0  -0.0727093736
2 7 1 0  0.0201614813
2 7 5 0  -0.0727093736
2 0 0 2  0.2183925917
2 0 4 2  0.0080291397
2 1 1 2  0.2183925917
2 1 5 2  0.0080291397
2 2 2 2  0.2287488747
2 2 6 2  -0.0033730124
2 3 3 2  0.2287488747
2 3 7 2  -0.0033730124
2 4 0 2  0.0080291397
2 4 4 2  0.2242609362
2 5 1 2  0.0080291397
2 5 5 2  0.2242609362
2 6 2 2  -0.0033730124
2 6 6 2  0.2266576136
2 7 3 2  -0.0033730124
2 7 7 2  0.2266576136
2 0 2 4  0.0433979291
2 0 6 4  -0.0297974067
2 1 3 4  0.0433979291
2 1 7 4  -0.0297974067
2 2 0 4  0.0433979291
2 2 4 4  0.0659031480
2 3 1 4  0.0433979291
2 3 5 4  0.0659031480
2 4 2 4  0.0659031480
2 4 6 4  -0.0431345659
2 5 3 4  0.0659031480
2 5 7 4  -0.0431345659
2 6 0 4  -0.0297974067
2 6 4 4  -0.0431345659
2 7 1 4  -0.0297974067
2 7 5 4  -0.0431345659
2 0 0 6  0.0363752349
2 0 4 6  -0.0507026003
2 1 1 6  0.0363752349
2 1 5 6  -0.0507026003
2 2 2 6  -0.0033730124
2 2 6 6  0.0535471965
2 3 3 6  -0.0033730124
2 3 7 6  0.0535471965
2 4 0 6  -0.0507026003
2 4 4 6  -0.0020363523
2 5 1 6  -0.0507026003
2 5 5 6  -0.0020363523
2 6 2 6  0.0535471965
2 6 6 6  0.0422287496
2 7 3 6  0.0535471965
2 7 7 6  0.0422287496
3 0 2 1  0.0747803433
3 0 6 1  0.0201614813
3 1 3 1  0.0747803433
3 1 7 1  0.0201614813
3 2 0 1  0.0747803433
3 2 4 1  0.0433979291
3 3 1 1  0.0747803433
3 3 5 1  0.0433979291
3 4 2 1  0.0433979291
3 4 6 1  -0.0727093736
3 5 3 1  0.0433979291
3 5 7 1  -0.0727093736
3 6 0 1  0.0201614813
3 6 4 1  -0.0727093736
3 7 1 1  0.0201614813
3 7 5 1  -0.0727093736
3 0 0 3  0.2183925917
3 0 4 3  0.0080291397
3 1 1 3  0.2183925917
3 1 5 3  0.0080291397
3 2 2 3  0.2287488747
3 2 6 3  -0.0033730124
3 3 3 3  0.2287488747
3 3 7 3  -0.0033730124
3 4 0 3  0.0080291397
3 4 4 3  0.2242609362
3 5 1 3  0.0080291397
3 5 5 3  0.2242609362
3 6 2 3  -0.0033730124
3 6 6 3  0.2266576136
3 7 3 3  -0.0033730124
3 7 7 3  0.2266576136
3 0 2 5  0.0433979291
3 0 6 5  -0.0297974067
3 1 3 5  0.0433979291
3 1 7 5  -0.0297974067
3 2 0 5  0.0433979291
3 2 4 5  0.0659031480
3 3 1 5  0.0433979291
3 3 5 5  0.0659031480
3 4 2 5  0.0659031480
3 4 6 5  -0.0431345659
3 5 3 5  0.0659031480
3 5 7 5  -0.0431345659
3 6 0 5  -0.0297974067
3 6 4 5  -0.0431345659
3 7 1 5  -0.0297974067
3 7 5 5  -0.0431345659
3 0 0 7  0.0363752349
3 0 4 7  -0.0507026003
3 1 1 7  0.0363752349
3 1 5 7  -0.0507026003
3 2 2 7  -0.0033730124
3 2 6 7  0.0535471965
3 3 3 7  -0.0033730124
3 3 7 7  0.0535471965
3 4 0 7  -0.0507026003
3 4 4 7  -0.0020363523
3 5 1 7  -0.0507026003
3 5 5 7  -0.0020363523
3 6 2 7  0.0535471965
3 6 6 7  0.0422287496
3 7 3 7  0.0535471965
3 7 7 7  0.0422287496
4 0 0 0  -0.0362245582
4 0 4 0  0.0542413617
4 1 1 0  -0.0362245582
4 1 5 0  0.0542413617
4 2 2 0  0.0080291397
4 2 6 0  -0.0507026003
4 3 3 0  0.0080291397
4 3 7 0  -0.0507026003
4 4 0 0  0.0542413617
4 4 4 0  -0.0009305762
4 5 1 0  0.0542413617
4 5 5 0  -0.0009305762
4 6 2 0  -0.0507026003
4 6 6 0  -0.0400100657
4 7 3 0  -0.0507026003
4 7 7 0  -0.0400100657
4 0 2 2  0.0433979291
4 0 6 2  -0.0297974067
4 1 3 2  0.0433979291
4 1 7 2  -0.0297974067
4 2 0 2  0.0433979291
4 2 4 2  0.0659031480
4 3 1 2  0.0433979291
4 3 5 2  0.0659031480
4 4 2 2  0.0659031480
4 4 6 2  -0.0431345659
4 5 3 2  0.0659031480
4 5 7 2  -0.0431345659
4 6 0 2  -0.0297974067
4 6 4 2  -0.0431345659
4 7 1 2  -0.0297974067
4 7 5 2  -0.0431345659
4 0 0 4  0.2218464211
4 0 4 4  -0.0009305762
4 1 1 4  0.2218464211
4 1 5 4  -0.0009305762
4 2 2 4  0.2242609362
4 2 6 4  -0.0020363523
4 3 3 4  0.2242609362
4 3 7 4  -0.0020363523
4 4 0 4  -0.0009305762
4 4 4 4  0.2313679684
4 5 1 4  -0.0009305762
4 5 5 4  0.2313679684
4 6 2 4  -0.0020363523
4 6 6 4  0.2335028751
4 7 3 4  -0.0020363523
4 7 7 4  0.2335028751
4 0 2 6  -0.0727093736
4 0 6 6  -0.0212492657
4 1 3 6  -0.0727093736
4 1 7 6  -0.0212492657
4 2 0 6  -0.0727093736
4 2 4 6  -0.0431345659
4 3 1 6  -0.0727093736
4 3 5 6  -0.0431345659
4 4 2 6  -0.0431345659
4 4 6 6  0.0790068455
4 5 3 6  -0.0431345659
4 5 7 6  0.0790068455
4 6 0 6  -0.0212492657
4 6 4 6  0.0790068455
4 7 1 6  -0.0212492657
4 7 5 6  0.0790068455
5 0 0 1  -0.0362245582
5 0 4 1  0.0542413617
5 1 1 1  -0.0362245582
5 1 5 1  0.0542413617
5 2 2 1  0.0080291397
5 2 6 1  -0.0507026003
5 3 3 1  0.0080291397
5 3 7 1  -0.0507026003
5 4 0 1  0.0542413617
5 4 4 1  -0.0009305762
5 5 1 1  0.0542413617
5 5 5 1  -0.0009305762
5 6 2 1  -0.0507026003
5 6 6 1  -0.0400100657
5 7 3 1  -0.0507026003
5 7 7 1  -0.0400100657
5 0 2 3  0.0433979291
5 0 6 3  -0.0297974067
5 1 3 3  0.0433979291
5 1 7 3  -0.0297974067
5 2 0 3  0.0433979291
5 2 4 3  0.0659031480
5 3 1 3  0.0433979291
5 3 5 3  0.0659031480
5 4 2 3  0.0659031480
5 4 6 3  -0.0431345659
5 5 3 3  0.0659031480
5 5 7 3  -0.0431345659
5 6 0 3  -0.0297974067
5 6 4 3  -0.0431345659
5 7 1 3  -0.0297974067
5 7 5 3  -0.0431345659
5 0 0 5  0.2218464211
5 0 4 5  -0.0009305762
5 1 1 5  0.2218464211
5 1 5 5  -0.0009305762
5 2 2 5  0.2242609362
5 2 6 5  -0.0020363523
5 3 3 5  0.2242609362
5 3 7 5  -0.0020363523
5 4 0 5  -0.0009305762
5 4 4 5  0.2313679684
5 5 1 5  -0.0009305762
5 5 5 5  0.2313679684
5 6 2 5  -0.0020363523
5 6 6 5  0.2335028751
5 7 3 5  -0.0020363523
5 7 7 5  0.2335028751
5 0 2 7  -0.0727093736
5 0 6 7  -0.0212492657
5 1 3 7  -0.0727093736
5 1 7 7  -0.0212492657
5 2 0 7  -0.0727093736
5 2 4 7  -0.0431345659
5 3 1 7  -0.0727093736
5 3 5 7  -0.0431345659
5 4 2 7  -0.0431345659
5 4 6 7  0.0790068455
5 5 3 7  -0.0431345659
5 5 7 7  0.0790068455
5 6 0 7  -0.0212492657
5 6 4 7  0.0790068455
5 7 1 7  -0.0212492657
5 7 5 7  0.0790068455
6 0 2 0  0.0201614813
6 0 6 0  0.0485971261
6 1 3 0  0.0201614813
6 1 7 0  0.0485971261
6 2 0 0  0.0201614813
6 2 4 0  -0.0297974067
6 3 1 0  0.0201614813
6 3 5 0  -0.0297974067
6 4 2 0  -0.0297974067
6 4 6 0  -0.0212492657
6 5 3 0  -0.0297974067
6 5 7 0  -0.0212492657
6 6 0 0  0.0485971261
6 6 4 0  -0.0212492657
6 7 1 0  0.0485971261
6 7 5 0  -0.0212492657
6 0 0 2  0.0363752349
6 0 4 2  -0.0507026003
6 1 1 2  0.0363752349
6 1 5 2  -0.0507026003
6 2 2 2  -0.0033730124
6 2 6 2  0.0535471965
6 3 3 2  -0.0033730124
6 3 7 2  0.0535471965
6 4 0 2  -0.0507026003
6 4 4 2  -0.0020363523
6 5 1 2  -0.0507026003
6 5 5 2  -0.0020363523
6 6 2 2  0.0535471965
6 6 6 2  0.0422287496
6 7 3 2  0.0535471965
6 7 7 2  0.0422287496
6 0 2 4  -0.0727093736
6 0 6 4  -0.0212492657
6 1 3 4  -0.0727093736
6 1 7 4  -0.0212492657
6 2 0 4  -0.0727093736
6 2 4 4  -0.0431345659
6 3 1 4  -0.0727093736
6 3 5 4  -0.0431345659
6 4 2 4  -0.0431345659
6 4 6 4  0.0790068455
6 5 3 4  -0.0431345659
6 5 7 4  0.0790068455
6 6 0 4  -0.0212492657
6 6 4 4  0.0790068455
6 7 1 4  -0.0212492657
6 7 5 4  0.0790068455
6 0 0 6  0.2529125073
6 0 4 6  -0.0400100657
6 1 1 6  0.2529125073
6 1 5 6  -0.0400100657
6 2 2 6  0.2266576136
6 2 6 6  0.0422287496
6 3 3 6  0.2266576136
6 3 7 6  0.0422287496
6 4 0 6  -0.0400100657
6 4 4 6  0.2335028751
6 5 1 6  -0.0400100657
6 5 5 6  0.2335028751
6 6 2 6  0.0422287496
6 6 6 6  0.2759777560
6 7 3 6  0.0422287496
6 7 7 6  0.2759777560
7 0 2 1  0.0201614813
7 0 6 1  0.0485971261
7 1 3 1  0.0201614813
7 1 7 1  0.0485971261
7 2 0 1  0.0201614813
7 2 4 1  -0.0297974067
7 3 1 1  0.0201614813
7 3 5 1  -0.0297974067
7 4 2 1  -0.0297974067
7 4 6 1  -0.0212492657
7 5 3 1  -0.0297974067
7 5 7 1  -0.0212492657
7 6 0 1  0.0485971261
7 6 4 1  -0.0212492657
7 7 1 1  0.0485971261
7 7 5 1  -0.0212492657
7 0 0 3  0.0363752349
7 0 4 3  -0.0507026003
7 1 1 3  0.0363752349
7 1 5 3  -0.0507026003
7 2 2 3  -0.0033730124
7 2 6 3  0.0535471965
7 3 3 3  -0.0033730124
7 3 7 3  0.0535471965
7 4 0 3  -0.0507026003
7 4 4 3  -0.0020363523
7 5 1 3  -0.0507026003
7 5 5 3  -0.0020363523
7 6 2 3  0.0535471965
7 6 6 3  0.0422287496
7 7 3 3  0.0535471965
7 7 7 3  0.0422287496
7 0 2 5  -0.0727093736
7 0 6 5  -0.0212492657
7 1 3 5  -0.0727093736
7 1 7 5  -0.0212492657
7 2 0 5  -0.0727093736
7 2 4 5  -0.0431345659
7 3 1 5  -0.0727093736
7 3 5 5  -0.0431345659
7 4 2 5  -0.0431345659
7 4 6 5  0.0790068455
7 5 3 5  -0.0431345659
7 5 7 5  0.0790068455
7 6 0 5  -0.0212492657
7 6 4 5  0.0790068455
7 7 1 5  -0.0212492657
7 7 5 5  0.0790068455
7 0 0 7  0.2529125073
7 0 4 7  -0.0400100657
7 1 1 7  0.2529125073
7 1 5 7  -0.0400100657
7 2 2 7  0.2266576136
7 2 6 7  0.0422287496
7 3 3 7  0.2266576136
7 3 7 7  0.0422287496
7 4 0 7  -0.0400100657
7 4 4 7  0.2335028751
7 5 1 7  -0.0400100657
7 5 5 7  0.2335028751
7 6 2 7  0.0422287496
7 6 6 7  0.2759777560
7 7 3 7  0.0422287496
7 7 7 7  0.2759777560

 E(FCI) = -2.1329805292

 E(HF)  = -2.0554408737
