 MO Integrals

2.6863890758
0 0  -2.0397653671
0 4  0.0033087604
1 1  -2.0397653671
1 5  0.0033087604
2 2  -1.5822773587
2 6  -0.0030713999
3 3  -1.5822773587
3 7  -0.0030713999
4 0  0.0033087604
4 4  -1.5695329280
5 1  0.0033087604
5 5  -1.5695329280
6 2  -0.0030713999
6 6  -1.0698045691
7 3  -0.0030713999
7 7  -1.0698045691
0 0 0 0  0.2584384944
0 0 4 0  -0.0021449629
0 1 1 0  0.2584384944
0 1 5 0  -0.0021449629
0 2 2 0  0.2514331677
0 2 6 0  0.0021285410
0 3 3 0  0.2514331677
0 3 7 0  0.0021285410
0 4 0 0  -0.0021449629
0 4 4 0  0.2512383922
0 5 1 0  -0.0021449629
0 5 5 0  0.2512383922
0 6 2 0  0.0021285410
0 6 6 0  0.2536020935
0 7 3 0  0.0021285410
0 7 7 0  0.2536020935
0 0 2 2  0.0685256313
0 0 6 2  0.0013794566
0 1 3 2  0.0685256313
0 1 7 2  0.0013794566
0 2 0 2  0.0685256313
0 2 4 2  0.0021674391
0 3 1 2  0.0685256313
0 3 5 2  0.0021674391
0 4 2 2  0.0021674391
0 4 6 2  -0.0679465169
0 5 3 2  0.0021674391
0 5 7 2  -0.0679465169
0 6 0 2  0.0013794566
0 6 4 2  -0.0679465169
0 7 1 2  0.0013794566
0 7 5 2  -0.0679465169
0 0 0 4  -0.0021449629
0 0 4 4  0.0676005233
0 1 1 4  -0.0021449629
0 1 5 4  0.0676005233
0 2 2 4  0.0013291469
0 2 6 4  -0.0671029246
0 3 3 4  0.0013291469
0 3 7 4  -0.0671029246
0 4 0 4  0.0676005233
0 4 4 4  0.0004535205
0 5 1 4  0.0676005233
0 5 5 4  0.0004535205
0 6 2 4  -0.0671029246
0 6 6 4  -0.0026072605
0 7 3 4  -0.0671029246
0 7 7 4  -0.0026072605
0 0 2 6  0.0013794566
0 0 6 6  0.0396145622
0 1 3 6  0.0013794566
0 1 7 6  0.0396145622
0 2 0 6  0.0013794566
0 2 4 6  -0.0398901971
0 3 1 6  0.0013794566
0 3 5 6  -0.0398901971
0 4 2 6  -0.0398901971
0 4 6 6  -0.0016140516
0 5 3 6  -0.0398901971
0 5 7 6  -0.0016140516
0 6 0 6  0.0396145622
0 6 4 6  -0.0016140516
0 7 1 6  0.0396145622
0 7 5 6  -0.0016140516
1 0 0 1  0.2584384944
1 0 4 1  -0.0021449629
1 1 1 1  0.2584384944
1 1 5 1  -0.0021449629
1 2 2 1  0.2514331677
1 2 6 1  0.0021285410
1 3 3 1  0.2514331677
1 3 7 1  0.0021285410
1 4 0 1  -0.0021449629
1 4 4 1  0.2512383922
1 5 1 1  -0.0021449629
1 5 5 1  0.2512383922
1 6 2 1  0.0021285410
1 6 6 1  0.2536020935
1 7 3 1  0.0021285410
1 7 7 1  0.2536020935
1 0 2 3  0.0685256313
1 0 6 3  0.0013794566
1 1 3 3  0.0685256313
1 1 7 3  0.0013794566
1 2 0 3  0.0685256313
1 2 4 3  0.0021674391
1 3 1 3  0.0685256313
1 3 5 3  0.0021674391
1 4 2 3  0.0021674391
1 4 6 3  -0.0679465169
1 5 3 3  0.0021674391
1 5 7 3  -0.0679465169
1 6 0 3  0.0013794566
1 6 4 3  -0.0679465169
1 7 1 3  0.0013794566
1 7 5 3  -0.0679465169
1 0 0 5  -0.0021449629
1 0 4 5  0.0676005233
1 1 1 5  -0.0021449629
1 1 5 5  0.0676005233
1 2 2 5  0.0013291469
1 2 6 5  -0.0671029246
1 3 3 5  0.0013291469
1 3 7 5  -0.0671029246
1 4 0 5  0.0676005233
1 4 4 5  0.0004535205
1 5 1 5  0.0676005233
1 5 5 5  0.0004535205
1 6 2 5  -0.0671029246
1 6 6 5  -0.0026072605
1 7 3 5  -0.0671029246
1 7 7 5  -0.0026072605
1 0 2 7  0.0013794566
1 0 6 7  0.0396145622
1 1 3 7  0.0013794566
1 1 7 7  0.0396145622
1 2 0 7  0.0013794566
1 2 4 7  -0.0398901971
1 3 1 7  0.0013794566
1 3 5 7  -0.0398901971
1 4 2 7  -0.0398901971
1 4 6 7  -0.0016140516
1 5 3 7  -0.0398901971
1 5 7 7  -0.0016140516
1 6 0 7  0.0396145622
1 6 4 7  -0.0016140516
1 7 1 7  0.0396145622
1 7 5 7  -0.0016140516
2 0 2 0  0.0685256313
2 0 6 0  0.0013794566
2 1 3 0  0.0685256313
2 1 7 0  0.0013794566
2 2 0 0  0.0685256313
2 2 4 0  0.0021674391
2 3 1 0  0.0685256313
2 3 5 0  0.0021674391
2 4 2 0  0.0021674391
2 4 6 0  -0.0679465169
2 5 3 0  0.0021674391
2 5 7 0  -0.0679465169
2 6 0 0  0.0013794566
2 6 4 0  -0.0679465169
2 7 1 0  0.0013794566
2 7 5 0  -0.0679465169
2 0 0 2  0.2514331677
2 0 4 2  0.0013291469
2 1 1 2  0.2514331677
2 1 5 2  0.0013291469
2 2 2 2  0.2559343332
2 2 6 2  -0.0013418275
2 3 3 2  0.2559343332
2 3 7 2  -0.0013418275
2 4 0 2  0.0013291469
2 4 4 2  0.2460581715
2 5 1 2  0.0013291469
2 5 5 2  0.2460581715
2 6 2 2  -0.0013418275
2 6 6 2  0.2572163131
2 7 3 2  -0.0013418275
2 7 7 2  0.2572163131
2 0 2 4  0.0021674391
2 0 6 4  -0.0398901971
2 1 3 4  0.0021674391
2 1 7 4  -0.0398901971
2 2 0 4  0.0021674391
2 2 4 4  0.0403798185
2 3 1 4  0.0021674391
2 3 5 4  0.0403798185
2 4 2 4  0.0403798185
2 4 6 4  -0.0020592507
2 5 3 4  0.0403798185
2 5 7 4  -0.0020592507
2 6 0 4  -0.0398901971
2 6 4 4  -0.0020592507
2 7 1 4  -0.0398901971
2 7 5 4  -0.0020592507
2 0 0 6  0.0021285410
2 0 4 6  -0.0671029246
2 1 1 6  0.0021285410
2 1 5 6  -0.0671029246
2 2 2 6  -0.0013418275
2 2 6 6  0.0737154663
2 3 3 6  -0.0013418275
2 3 7 6  0.0737154663
2 4 0 6  -0.0671029246
2 4 4 6  -0.0008287877
2 5 1 6  -0.0671029246
2 5 5 6  -0.0008287877
2 6 2 6  0.0737154663
2 6 6 6  0.0026770711
2 7 3 6  0.0737154663
2 7 7 6  0.0026770711
3 0 2 1  0.0685256313
3 0 6 1  0.0013794566
3 1 3 1  0.0685256313
3 1 7 1  0.0013794566
3 2 0 1  0.0685256313
3 2 4 1  0.0021674391
3 3 1 1  0.0685256313
3 3 5 1  0.0021674391
3 4 2 1  0.0021674391
3 4 6 1  -0.0679465169
3 5 3 1  0.0021674391
3 5 7 1  -0.0679465169
3 6 0 1  0.0013794566
3 6 4 1  -0.0679465169
3 7 1 1  0.0013794566
3 7 5 1  -0.0679465169
3 0 0 3  0.2514331677
3 0 4 3  0.0013291469
3 1 1 3  0.2514331677
3 1 5 3  0.0013291469
3 2 2 3  0.2559343332
3 2 6 3  -0.0013418275
3 3 3 3  0.2559343332
3 3 7 3  -0.0013418275
3 4 0 3  0.0013291469
3 4 4 3  0.2460581715
3 5 1 3  0.0013291469
3 5 5 3  0.2460581715
3 6 2 3  -0.0013418275
3 6 6 3  0.2572163131
3 7 3 3  -0.0013418275
3 7 7 3  0.2572163131
3 0 2 5  0.0021674391
3 0 6 5  -0.0398901971
3 1 3 5  0.0021674391
3 1 7 5  -0.0398901971
3 2 0 5  0.0021674391
3 2 4 5  0.0403798185
3 3 1 5  0.0021674391
3 3 5 5  0.0403798185
3 4 2 5  0.0403798185
3 4 6 5  -0.0020592507
3 5 3 5  0.0403798185
3 5 7 5  -0.0020592507
3 6 0 5  -0.0398901971
3 6 4 5  -0.0020592507
3 7 1 5  -0.0398901971
3 7 5 5  -0.0020592507
3 0 0 7  0.0021285410
3 0 4 7  -0.0671029246
3 1 1 7  0.0021285410
3 1 5 7  -0.0671029246
3 2 2 7  -0.0013418275
3 2 6 7  0.0737154663
3 3 3 7  -0.0013418275
3 3 7 7  0.0737154663
3 4 0 7  -0.0671029246
3 4 4 7  -0.0008287877
3 5 1 7  -0.0671029246
3 5 5 7  -0.0008287877
3 6 2 7  0.0737154663
3 6 6 7  0.0026770711
3 7 3 7  0.0737154663
3 7 7 7  0.0026770711
4 0 0 0  -0.0021449629
4 0 4 0  0.0676005233
4 1 1 0  -0.0021449629
4 1 5 0  0.0676005233
4 2 2 0  0.0013291469
4 2 6 0  -0.0671029246
4 3 3 0  0.0013291469
4 3 7 0  -0.0671029246
4 4 0 0  0.0676005233
4 4 4 0  0.0004535205
4 5 1 0  0.0676005233
4 5 5 0  0.0004535205
4 6 2 0  -0.0671029246
4 6 6 0  -0.0026072605
4 7 3 0  -0.0671029246
4 7 7 0  -0.0026072605
4 0 2 2  0.0021674391
4 0 6 2  -0.0398901971
4 1 3 2  0.0021674391
4 1 7 2  -0.0398901971
4 2 0 2  0.0021674391
4 2 4 2  0.0403798185
4 3 1 2  0.0021674391
4 3 5 2  0.0403798185
4 4 2 2  0.0403798185
4 4 6 2  -0.0020592507
4 5 3 2  0.0403798185
4 5 7 2  -0.0020592507
4 6 0 2  -0.0398901971
4 6 4 2  -0.0020592507
4 7 1 2  -0.0398901971
4 7 5 2  -0.0020592507
4 0 0 4  0.2512383922
4 0 4 4  0.0004535205
4 1 1 4  0.2512383922
4 1 5 4  0.0004535205
4 2 2 4  0.2460581715
4 2 6 4  -0.0008287877
4 3 3 4  0.2460581715
4 3 7 4  -0.0008287877
4 4 0 4  0.0004535205
4 4 4 4  0.2555894662
4 5 1 4  0.0004535205
4 5 5 4  0.2555894662
4 6 2 4  -0.0008287877
4 6 6 4  0.2571957637
4 7 3 4  -0.0008287877
4 7 7 4  0.2571957637
4 0 2 6  -0.0679465169
4 0 6 6  -0.0016140516
4 1 3 6  -0.0679465169
4 1 7 6  -0.0016140516
4 2 0 6  -0.0679465169
4 2 4 6  -0.0020592507
4 3 1 6  -0.0679465169
4 3 5 6  -0.0020592507
4 4 2 6  -0.0020592507
4 4 6 6  0.0746635616
4 5 3 6  -0.0020592507
4 5 7 6  0.0746635616
4 6 0 6  -0.0016140516
4 6 4 6  0.0746635616
4 7 1 6  -0.0016140516
4 7 5 6  0.0746635616
5 0 0 1  -0.0021449629
5 0 4 1  0.0676005233
5 1 1 1  -0.0021449629
5 1 5 1  0.0676005233
5 2 2 1  0.0013291469
5 2 6 1  -0.0671029246
5 3 3 1  0.0013291469
5 3 7 1  -0.0671029246
5 4 0 1  0.0676005233
5 4 4 1  0.0004535205
5 5 1 1  0.0676005233
5 5 5 1  0.0004535205
5 6 2 1  -0.0671029246
5 6 6 1  -0.0026072605
5 7 3 1  -0.0671029246
5 7 7 1  -0.0026072605
5 0 2 3  0.0021674391
5 0 6 3  -0.0398901971
5 1 3 3  0.0021674391
5 1 7 3  -0.0398901971
5 2 0 3  0.0021674391
5 2 4 3  0.0403798185
5 3 1 3  0.0021674391
5 3 5 3  0.0403798185
5 4 2 3  0.0403798185
5 4 6 3  -0.0020592507
5 5 3 3  0.0403798185
5 5 7 3  -0.0020592507
5 6 0 3  -0.0398901971
5 6 4 3  -0.0020592507
5 7 1 3  -0.0398901971
5 7 5 3  -0.0020592507
5 0 0 5  0.2512383922
5 0 4 5  0.0004535205
5 1 1 5  0.2512383922
5 1 5 5  0.0004535205
5 2 2 5  0.2460581715
5 2 6 5  -0.0008287877
5 3 3 5  0.2460581715
5 3 7 5  -0.0008287877
5 4 0 5  0.0004535205
5 4 4 5  0.2555894662
5 5 1 5  0.0004535205
5 5 5 5  0.2555894662
5 6 2 5  -0.0008287877
5 6 6 5  0.2571957637
5 7 3 5  -0.0008287877
5 7 7 5  0.2571957637
5 0 2 7  -0.0679465169
5 0 6 7  -0.0016140516
5 1 3 7  -0.0679465169
5 1 7 7  -0.0016140516
5 2 0 7  -0.0679465169
5 2 4 7  -0.0020592507
5 3 1 7  -0.0679465169
5 3 5 7  -0.0020592507
5 4 2 7  -0.0020592507
5 4 6 7  0.0746635616
5 5 3 7  -0.0020592507
5 5 7 7  0.0746635616
5 6 0 7  -0.0016140516
5 6 4 7  0.0746635616
5 7 1 7  -0.0016140516
5 7 5 7  0.0746635616
6 0 2 0  0.0013794566
6 0 6 0  0.0396145622
6 1 3 0  0.0013794566
6 1 7 0  0.0396145622
6 2 0 0  0.0013794566
6 2 4 0  -0.0398901971
6 3 1 0  0.0013794566
6 3 5 0  -0.0398901971
6 4 2 0  -0.0398901971
6 4 6 0  -0.0016140516
6 5 3 0  -0.0398901971
6 5 7 0  -0.0016140516
6 6 0 0  0.0396145622
6 6 4 0  -0.0016140516
6 7 1 0  0.0396145622
6 7 5 0  -0.0016140516
6 0 0 2  0.0021285410
6 0 4 2  -0.0671029246
6 1 1 2  0.0021285410
6 1 5 2  -0.0671029246
6 2 2 2  -0.0013418275
6 2 6 2  0.0737154663
6 3 3 2  -0.0013418275
6 3 7 2  0.0737154663
6 4 0 2  -0.0671029246
6 4 4 2  -0.0008287877
6 5 1 2  -0.0671029246
6 5 5 2  -0.0008287877
6 6 2 2  0.0737154663
6 6 6 2  0.0026770711
6 7 3 2  0.0737154663
6 7 7 2  0.0026770711
6 0 2 4  -0.0679465169
6 0 6 4  -0.0016140516
6 1 3 4  -0.0679465169
6 1 7 4  -0.0016140516
6 2 0 4  -0.0679465169
6 2 4 4  -0.0020592507
6 3 1 4  -0.0679465169
6 3 5 4  -0.0020592507
6 4 2 4  -0.0020592507
6 4 6 4  0.0746635616
6 5 3 4  -0.0020592507
6 5 7 4  0.0746635616
6 6 0 4  -0.0016140516
6 6 4 4  0.0746635616
6 7 1 4  -0.0016140516
6 7 5 4  0.0746635616
6 0 0 6  0.2536020935
6 0 4 6  -0.0026072605
6 1 1 6  0.2536020935
6 1 5 6  -0.0026072605
6 2 2 6  0.2572163131
6 2 6 6  0.0026770711
6 3 3 6  0.2572163131
6 3 7 6  0.0026770711
6 4 0 6  -0.0026072605
6 4 4 6  0.2571957637
6 5 1 6  -0.0026072605
6 5 5 6  0.2571957637
6 6 2 6  0.0026770711
6 6 6 6  0.2685254355
6 7 3 6  0.0026770711
6 7 7 6  0.2685254355
7 0 2 1  0.0013794566
7 0 6 1  0.0396145622
7 1 3 1  0.0013794566
7 1 7 1  0.0396145622
7 2 0 1  0.0013794566
7 2 4 1  -0.0398901971
7 3 1 1  0.0013794566
7 3 5 1  -0.0398901971
7 4 2 1  -0.0398901971
7 4 6 1  -0.0016140516
7 5 3 1  -0.0398901971
7 5 7 1  -0.0016140516
7 6 0 1  0.0396145622
7 6 4 1  -0.0016140516
7 7 1 1  0.0396145622
7 7 5 1  -0.0016140516
7 0 0 3  0.0021285410
7 0 4 3  -0.0671029246
7 1 1 3  0.0021285410
7 1 5 3  -0.0671029246
7 2 2 3  -0.0013418275
7 2 6 3  0.0737154663
7 3 3 3  -0.0013418275
7 3 7 3  0.0737154663
7 4 0 3  -0.0671029246
7 4 4 3  -0.0008287877
7 5 1 3  -0.0671029246
7 5 5 3  -0.0008287877
7 6 2 3  0.0737154663
7 6 6 3  0.0026770711
7 7 3 3  0.0737154663
7 7 7 3  0.0026770711
7 0 2 5  -0.0679465169
7 0 6 5  -0.0016140516
7 1 3 5  -0.0679465169
7 1 7 5  -0.0016140516
7 2 0 5  -0.0679465169
7 2 4 5  -0.0020592507
7 3 1 5  -0.0679465169
7 3 5 5  -0.0020592507
7 4 2 5  -0.0020592507
7 4 6 5  0.0746635616
7 5 3 5  -0.0020592507
7 5 7 5  0.0746635616
7 6 0 5  -0.0016140516
7 6 4 5  0.0746635616
7 7 1 5  -0.0016140516
7 7 5 5  0.0746635616
7 0 0 7  0.2536020935
7 0 4 7  -0.0026072605
7 1 1 7  0.2536020935
7 1 5 7  -0.0026072605
7 2 2 7  0.2572163131
7 2 6 7  0.0026770711
7 3 3 7  0.2572163131
7 3 7 7  0.0026770711
7 4 0 7  -0.0026072605
7 4 4 7  0.2571957637
7 5 1 7  -0.0026072605
7 5 5 7  0.2571957637
7 6 2 7  0.0026770711
7 6 6 7  0.2685254355
7 7 3 7  0.0026770711
7 7 7 7  0.2685254355

 E(FCI) = -1.9429943488

 E(HF)  = -1.7915879041
