 MO Integrals

2.4270509831
0 0  -1.9108651004
0 4  0.0663121359
1 1  -1.9108651004
1 5  0.0663121359
2 2  -1.5764389579
2 6  -0.0519898754
3 3  -1.5764389579
3 7  -0.0519898754
4 0  0.0663121359
4 4  -1.3859469860
5 1  0.0663121359
5 5  -1.3859469860
6 2  -0.0519898754
6 6  -1.0604610574
7 3  -0.0519898754
7 7  -1.0604610574
0 0 0 0  0.2516134181
0 0 4 0  -0.0255079514
0 1 1 0  0.2516134181
0 1 5 0  -0.0255079514
0 2 2 0  0.2332526518
0 2 6 0  0.0252702132
0 3 3 0  0.2332526518
0 3 7 0  0.0252702132
0 4 0 0  -0.0255079514
0 4 4 0  0.2340269397
0 5 1 0  -0.0255079514
0 5 5 0  0.2340269397
0 6 2 0  0.0252702132
0 6 6 0  0.2513401736
0 7 3 0  0.0252702132
0 7 7 0  0.2513401736
0 0 2 2  0.0705731790
0 0 6 2  0.0156339080
0 1 3 2  0.0705731790
0 1 7 2  0.0156339080
0 2 0 2  0.0705731790
0 2 4 2  0.0290153614
0 3 1 2  0.0705731790
0 3 5 2  0.0290153614
0 4 2 2  0.0290153614
0 4 6 2  -0.0697046135
0 5 3 2  0.0290153614
0 5 7 2  -0.0697046135
0 6 0 2  0.0156339080
0 6 4 2  -0.0697046135
0 7 1 2  0.0156339080
0 7 5 2  -0.0697046135
0 0 0 4  -0.0255079514
0 0 4 4  0.0582508078
0 1 1 4  -0.0255079514
0 1 5 4  0.0582508078
0 2 2 4  0.0106835941
0 2 6 4  -0.0566193927
0 3 3 4  0.0106835941
0 3 7 4  -0.0566193927
0 4 0 4  0.0582508078
0 4 4 4  0.0010126037
0 5 1 4  0.0582508078
0 5 5 4  0.0010126037
0 6 2 4  -0.0566193927
0 6 6 4  -0.0301874630
0 7 3 4  -0.0566193927
0 7 7 4  -0.0301874630
0 0 2 6  0.0156339080
0 0 6 6  0.0452052407
0 1 3 6  0.0156339080
0 1 7 6  0.0452052407
0 2 0 6  0.0156339080
0 2 4 6  -0.0349693456
0 3 1 6  0.0156339080
0 3 5 6  -0.0349693456
0 4 2 6  -0.0349693456
0 4 6 6  -0.0180779764
0 5 3 6  -0.0349693456
0 5 7 6  -0.0180779764
0 6 0 6  0.0452052407
0 6 4 6  -0.0180779764
0 7 1 6  0.0452052407
0 7 5 6  -0.0180779764
1 0 0 1  0.2516134181
1 0 4 1  -0.0255079514
1 1 1 1  0.2516134181
1 1 5 1  -0.0255079514
1 2 2 1  0.2332526518
1 2 6 1  0.0252702132
1 3 3 1  0.2332526518
1 3 7 1  0.0252702132
1 4 0 1  -0.0255079514
1 4 4 1  0.2340269397
1 5 1 1  -0.0255079514
1 5 5 1  0.2340269397
1 6 2 1  0.0252702132
1 6 6 1  0.2513401736
1 7 3 1  0.0252702132
1 7 7 1  0.2513401736
1 0 2 3  0.0705731790
1 0 6 3  0.0156339080
1 1 3 3  0.0705731790
1 1 7 3  0.0156339080
1 2 0 3  0.0705731790
1 2 4 3  0.0290153614
1 3 1 3  0.0705731790
1 3 5 3  0.0290153614
1 4 2 3  0.0290153614
1 4 6 3  -0.0697046135
1 5 3 3  0.0290153614
1 5 7 3  -0.0697046135
1 6 0 3  0.0156339080
1 6 4 3  -0.0697046135
1 7 1 3  0.0156339080
1 7 5 3  -0.0697046135
1 0 0 5  -0.0255079514
1 0 4 5  0.0582508078
1 1 1 5  -0.0255079514
1 1 5 5  0.0582508078
1 2 2 5  0.0106835941
1 2 6 5  -0.0566193927
1 3 3 5  0.0106835941
1 3 7 5  -0.0566193927
1 4 0 5  0.0582508078
1 4 4 5  0.0010126037
1 5 1 5  0.0582508078
1 5 5 5  0.0010126037
1 6 2 5  -0.0566193927
1 6 6 5  -0.0301874630
1 7 3 5  -0.0566193927
1 7 7 5  -0.0301874630
1 0 2 7  0.0156339080
1 0 6 7  0.0452052407
1 1 3 7  0.0156339080
1 1 7 7  0.0452052407
1 2 0 7  0.0156339080
1 2 4 7  -0.0349693456
1 3 1 7  0.0156339080
1 3 5 7  -0.0349693456
1 4 2 7  -0.0349693456
1 4 6 7  -0.0180779764
1 5 3 7  -0.0349693456
1 5 7 7  -0.0180779764
1 6 0 7  0.0452052407
1 6 4 7  -0.0180779764
1 7 1 7  0.0452052407
1 7 5 7  -0.0180779764
2 0 2 0  0.0705731790
2 0 6 0  0.0156339080
2 1 3 0  0.0705731790
2 1 7 0  0.0156339080
2 2 0 0  0.0705731790
2 2 4 0  0.0290153614
2 3 1 0  0.0705731790
2 3 5 0  0.0290153614
2 4 2 0  0.0290153614
2 4 6 0  -0.0697046135
2 5 3 0  0.0290153614
2 5 7 0  -0.0697046135
2 6 0 0  0.0156339080
2 6 4 0  -0.0697046135
2 7 1 0  0.0156339080
2 7 5 0  -0.0697046135
2 0 0 2  0.2332526518
2 0 4 2  0.0106835941
2 1 1 2  0.2332526518
2 1 5 2  0.0106835941
2 2 2 2  0.2437890863
2 2 6 2  -0.0089114927
2 3 3 2  0.2437890863
2 3 7 2  -0.0089114927
2 4 0 2  0.0106835941
2 4 4 2  0.2350364779
2 5 1 2  0.0106835941
2 5 5 2  0.2350364779
2 6 2 2  -0.0089114927
2 6 6 2  0.2378241436
2 7 3 2  -0.0089114927
2 7 7 2  0.2378241436
2 0 2 4  0.0290153614
2 0 6 4  -0.0349693456
2 1 3 4  0.0290153614
2 1 7 4  -0.0349693456
2 2 0 4  0.0290153614
2 2 4 4  0.0534989757
2 3 1 4  0.0290153614
2 3 5 4  0.0534989757
2 4 2 4  0.0534989757
2 4 6 4  -0.0279455525
2 5 3 4  0.0534989757
2 5 7 4  -0.0279455525
2 6 0 4  -0.0349693456
2 6 4 4  -0.0279455525
2 7 1 4  -0.0349693456
2 7 5 4  -0.0279455525
2 0 0 6  0.0252702132
2 0 4 6  -0.0566193927
2 1 1 6  0.0252702132
2 1 5 6  -0.0566193927
2 2 2 6  -0.0089114927
2 2 6 6  0.0607329420
2 3 3 6  -0.0089114927
2 3 7 6  0.0607329420
2 4 0 6  -0.0566193927
2 4 4 6  -0.0048361821
2 5 1 6  -0.0566193927
2 5 5 6  -0.0048361821
2 6 2 6  0.0607329420
2 6 6 6  0.0311707626
2 7 3 6  0.0607329420
2 7 7 6  0.0311707626
3 0 2 1  0.0705731790
3 0 6 1  0.0156339080
3 1 3 1  0.0705731790
3 1 7 1  0.0156339080
3 2 0 1  0.0705731790
3 2 4 1  0.0290153614
3 3 1 1  0.0705731790
3 3 5 1  0.0290153614
3 4 2 1  0.0290153614
3 4 6 1  -0.0697046135
3 5 3 1  0.0290153614
3 5 7 1  -0.0697046135
3 6 0 1  0.0156339080
3 6 4 1  -0.0697046135
3 7 1 1  0.0156339080
3 7 5 1  -0.0697046135
3 0 0 3  0.2332526518
3 0 4 3  0.0106835941
3 1 1 3  0.2332526518
3 1 5 3  0.0106835941
3 2 2 3  0.2437890863
3 2 6 3  -0.0089114927
3 3 3 3  0.2437890863
3 3 7 3  -0.0089114927
3 4 0 3  0.0106835941
3 4 4 3  0.2350364779
3 5 1 3  0.0106835941
3 5 5 3  0.2350364779
3 6 2 3  -0.0089114927
3 6 6 3  0.2378241436
3 7 3 3  -0.0089114927
3 7 7 3  0.2378241436
3 0 2 5  0.0290153614
3 0 6 5  -0.0349693456
3 1 3 5  0.0290153614
3 1 7 5  -0.0349693456
3 2 0 5  0.0290153614
3 2 4 5  0.0534989757
3 3 1 5  0.0290153614
3 3 5 5  0.0534989757
3 4 2 5  0.0534989757
3 4 6 5  -0.0279455525
3 5 3 5  0.0534989757
3 5 7 5  -0.0279455525
3 6 0 5  -0.0349693456
3 6 4 5  -0.0279455525
3 7 1 5  -0.0349693456
3 7 5 5  -0.0279455525
3 0 0 7  0.0252702132
3 0 4 7  -0.0566193927
3 1 1 7  0.0252702132
3 1 5 7  -0.0566193927
3 2 2 7  -0.0089114927
3 2 6 7  0.0607329420
3 3 3 7  -0.0089114927
3 3 7 7  0.0607329420
3 4 0 7  -0.0566193927
3 4 4 7  -0.0048361821
3 5 1 7  -0.0566193927
3 5 5 7  -0.0048361821
3 6 2 7  0.0607329420
3 6 6 7  0.0311707626
3 7 3 7  0.0607329420
3 7 7 7  0.0311707626
4 0 0 0  -0.0255079514
4 0 4 0  0.0582508078
4 1 1 0  -0.0255079514
4 1 5 0  0.0582508078
4 2 2 0  0.0106835941
4 2 6 0  -0.0566193927
4 3 3 0  0.0106835941
4 3 7 0  -0.0566193927
4 4 0 0  0.0582508078
4 4 4 0  0.0010126037
4 5 1 0  0.0582508078
4 5 5 0  0.0010126037
4 6 2 0  -0.0566193927
4 6 6 0  -0.0301874630
4 7 3 0  -0.0566193927
4 7 7 0  -0.0301874630
4 0 2 2  0.0290153614
4 0 6 2  -0.0349693456
4 1 3 2  0.0290153614
4 1 7 2  -0.0349693456
4 2 0 2  0.0290153614
4 2 4 2  0.0534989757
4 3 1 2  0.0290153614
4 3 5 2  0.0534989757
4 4 2 2  0.0534989757
4 4 6 2  -0.0279455525
4 5 3 2  0.0534989757
4 5 7 2  -0.0279455525
4 6 0 2  -0.0349693456
4 6 4 2  -0.0279455525
4 7 1 2  -0.0349693456
4 7 5 2  -0.0279455525
4 0 0 4  0.2340269397
4 0 4 4  0.0010126037
4 1 1 4  0.2340269397
4 1 5 4  0.0010126037
4 2 2 4  0.2350364779
4 2 6 4  -0.0048361821
4 3 3 4  0.2350364779
4 3 7 4  -0.0048361821
4 4 0 4  0.0010126037
4 4 4 4  0.2397348230
4 5 1 4  0.0010126037
4 5 5 4  0.2397348230
4 6 2 4  -0.0048361821
4 6 6 4  0.2413415834
4 7 3 4  -0.0048361821
4 7 7 4  0.2413415834
4 0 2 6  -0.0697046135
4 0 6 6  -0.0180779764
4 1 3 6  -0.0697046135
4 1 7 6  -0.0180779764
4 2 0 6  -0.0697046135
4 2 4 6  -0.0279455525
4 3 1 6  -0.0697046135
4 3 5 6  -0.0279455525
4 4 2 6  -0.0279455525
4 4 6 6  0.0766916738
4 5 3 6  -0.0279455525
4 5 7 6  0.0766916738
4 6 0 6  -0.0180779764
4 6 4 6  0.0766916738
4 7 1 6  -0.0180779764
4 7 5 6  0.0766916738
5 0 0 1  -0.0255079514
5 0 4 1  0.0582508078
5 1 1 1  -0.0255079514
5 1 5 1  0.0582508078
5 2 2 1  0.0106835941
5 2 6 1  -0.0566193927
5 3 3 1  0.0106835941
5 3 7 1  -0.0566193927
5 4 0 1  0.0582508078
5 4 4 1  0.0010126037
5 5 1 1  0.0582508078
5 5 5 1  0.0010126037
5 6 2 1  -0.0566193927
5 6 6 1  -0.0301874630
5 7 3 1  -0.0566193927
5 7 7 1  -0.0301874630
5 0 2 3  0.0290153614
5 0 6 3  -0.0349693456
5 1 3 3  0.0290153614
5 1 7 3  -0.0349693456
5 2 0 3  0.0290153614
5 2 4 3  0.0534989757
5 3 1 3  0.0290153614
5 3 5 3  0.0534989757
5 4 2 3  0.0534989757
5 4 6 3  -0.0279455525
5 5 3 3  0.0534989757
5 5 7 3  -0.0279455525
5 6 0 3  -0.0349693456
5 6 4 3  -0.0279455525
5 7 1 3  -0.0349693456
5 7 5 3  -0.0279455525
5 0 0 5  0.2340269397
5 0 4 5  0.0010126037
5 1 1 5  0.2340269397
5 1 5 5  0.0010126037
5 2 2 5  0.2350364779
5 2 6 5  -0.0048361821
5 3 3 5  0.2350364779
5 3 7 5  -0.0048361821
5 4 0 5  0.0010126037
5 4 4 5  0.2397348230
5 5 1 5  0.0010126037
5 5 5 5  0.2397348230
5 6 2 5  -0.0048361821
5 6 6 5  0.2413415834
5 7 3 5  -0.0048361821
5 7 7 5  0.2413415834
5 0 2 7  -0.0697046135
5 0 6 7  -0.0180779764
5 1 3 7  -0.0697046135
5 1 7 7  -0.0180779764
5 2 0 7  -0.0697046135
5 2 4 7  -0.0279455525
5 3 1 7  -0.0697046135
5 3 5 7  -0.0279455525
5 4 2 7  -0.0279455525
5 4 6 7  0.0766916738
5 5 3 7  -0.0279455525
5 5 7 7  0.0766916738
5 6 0 7  -0.0180779764
5 6 4 7  0.0766916738
5 7 1 7  -0.0180779764
5 7 5 7  0.0766916738
6 0 2 0  0.0156339080
6 0 6 0  0.0452052407
6 1 3 0  0.0156339080
6 1 7 0  0.0452052407
6 2 0 0  0.0156339080
6 2 4 0  -0.0349693456
6 3 1 0  0.0156339080
6 3 5 0  -0.0349693456
6 4 2 0  -0.0349693456
6 4 6 0  -0.0180779764
6 5 3 0  -0.0349693456
6 5 7 0  -0.0180779764
6 6 0 0  0.0452052407
6 6 4 0  -0.0180779764
6 7 1 0  0.0452052407
6 7 5 0  -0.0180779764
6 0 0 2  0.0252702132
6 0 4 2  -0.0566193927
6 1 1 2  0.0252702132
6 1 5 2  -0.0566193927
6 2 2 2  -0.0089114927
6 2 6 2  0.0607329420
6 3 3 2  -0.0089114927
6 3 7 2  0.0607329420
6 4 0 2  -0.0566193927
6 4 4 2  -0.0048361821
6 5 1 2  -0.0566193927
6 5 5 2  -0.0048361821
6 6 2 2  0.0607329420
6 6 6 2  0.0311707626
6 7 3 2  0.0607329420
6 7 7 2  0.0311707626
6 0 2 4  -0.0697046135
6 0 6 4  -0.0180779764
6 1 3 4  -0.0697046135
6 1 7 4  -0.0180779764
6 2 0 4  -0.0697046135
6 2 4 4  -0.0279455525
6 3 1 4  -0.0697046135
6 3 5 4  -0.0279455525
6 4 2 4  -0.0279455525
6 4 6 4  0.0766916738
6 5 3 4  -0.0279455525
6 5 7 4  0.0766916738
6 6 0 4  -0.0180779764
6 6 4 4  0.0766916738
6 7 1 4  -0.0180779764
6 7 5 4  0.0766916738
6 0 0 6  0.2513401736
6 0 4 6  -0.0301874630
6 1 1 6  0.2513401736
6 1 5 6  -0.0301874630
6 2 2 6  0.2378241436
6 2 6 6  0.0311707626
6 3 3 6  0.2378241436
6 3 7 6  0.0311707626
6 4 0 6  -0.0301874630
6 4 4 6  0.2413415834
6 5 1 6  -0.0301874630
6 5 5 6  0.2413415834
6 6 2 6  0.0311707626
6 6 6 6  0.2691543312
6 7 3 6  0.0311707626
6 7 7 6  0.2691543312
7 0 2 1  0.0156339080
7 0 6 1  0.0452052407
7 1 3 1  0.0156339080
7 1 7 1  0.0452052407
7 2 0 1  0.0156339080
7 2 4 1  -0.0349693456
7 3 1 1  0.0156339080
7 3 5 1  -0.0349693456
7 4 2 1  -0.0349693456
7 4 6 1  -0.0180779764
7 5 3 1  -0.0349693456
7 5 7 1  -0.0180779764
7 6 0 1  0.0452052407
7 6 4 1  -0.0180779764
7 7 1 1  0.0452052407
7 7 5 1  -0.0180779764
7 0 0 3  0.0252702132
7 0 4 3  -0.0566193927
7 1 1 3  0.0252702132
7 1 5 3  -0.0566193927
7 2 2 3  -0.0089114927
7 2 6 3  0.0607329420
7 3 3 3  -0.0089114927
7 3 7 3  0.0607329420
7 4 0 3  -0.0566193927
7 4 4 3  -0.0048361821
7 5 1 3  -0.0566193927
7 5 5 3  -0.0048361821
7 6 2 3  0.0607329420
7 6 6 3  0.0311707626
7 7 3 3  0.0607329420
7 7 7 3  0.0311707626
7 0 2 5  -0.0697046135
7 0 6 5  -0.0180779764
7 1 3 5  -0.0697046135
7 1 7 5  -0.0180779764
7 2 0 5  -0.0697046135
7 2 4 5  -0.0279455525
7 3 1 5  -0.0697046135
7 3 5 5  -0.0279455525
7 4 2 5  -0.0279455525
7 4 6 5  0.0766916738
7 5 3 5  -0.0279455525
7 5 7 5  0.0766916738
7 6 0 5  -0.0180779764
7 6 4 5  0.0766916738
7 7 1 5  -0.0180779764
7 7 5 5  0.0766916738
7 0 0 7  0.2513401736
7 0 4 7  -0.0301874630
7 1 1 7  0.2513401736
7 1 5 7  -0.0301874630
7 2 2 7  0.2378241436
7 2 6 7  0.0311707626
7 3 3 7  0.2378241436
7 3 7 7  0.0311707626
7 4 0 7  -0.0301874630
7 4 4 7  0.2413415834
7 5 1 7  -0.0301874630
7 5 5 7  0.2413415834
7 6 2 7  0.0311707626
7 6 6 7  0.2691543312
7 7 3 7  0.0311707626
7 7 7 7  0.2691543312

 E(FCI) = -2.0629884022

 E(HF)  = -1.9730236263
