 MO Integrals

2.5383888293
0 0  -1.9679388070
0 2  0.0161645155
0 4  0.0161645155
1 1  -1.9679388070
1 3  0.0161645155
1 5  0.0161645155
2 0  0.0161645155
2 2  -1.5275424975
2 4  0.0564330162
2 6  0.0287420521
3 1  0.0161645155
3 3  -1.5275424975
3 5  0.0564330162
3 7  0.0287420521
4 0  0.0161645155
4 2  0.0564330162
4 4  -1.5275424975
4 6  -0.0287420521
5 1  0.0161645155
5 3  0.0564330162
5 5  -1.5275424975
5 7  -0.0287420521
6 2  0.0287420521
6 4  -0.0287420521
6 6  -1.0766555566
7 3  0.0287420521
7 5  -0.0287420521
7 7  -1.0766555566
0 0 0 0  0.2554792710
0 0 2 0  -0.0135051424
0 0 4 0  -0.0135051424
0 1 1 0  0.2554792710
0 1 3 0  -0.0135051424
0 1 5 0  -0.0135051424
0 2 0 0  -0.0135051424
0 2 2 0  0.2410407566
0 2 4 0  -0.0000167125
0 2 6 0  -0.0134548173
0 3 1 0  -0.0135051424
0 3 3 0  0.2410407566
0 3 5 0  -0.0000167125
0 3 7 0  -0.0134548173
0 4 0 0  -0.0135051424
0 4 2 0  -0.0000167125
0 4 4 0  0.2410407566
0 4 6 0  0.0134548173
0 5 1 0  -0.0135051424
0 5 3 0  -0.0000167125
0 5 5 0  0.2410407566
0 5 7 0  0.0134548173
0 6 2 0  -0.0134548173
0 6 4 0  0.0134548173
0 6 6 0  0.2527006624
0 7 3 0  -0.0134548173
0 7 5 0  0.0134548173
0 7 7 0  0.2527006624
0 0 0 2  -0.0135051424
0 0 2 2  0.0649672441
0 0 4 2  -0.0034935724
0 0 6 2  -0.0096120867
0 1 1 2  -0.0135051424
0 1 3 2  0.0649672441
0 1 5 2  -0.0034935724
0 1 7 2  -0.0096120867
0 2 0 2  0.0649672441
0 2 2 2  0.0205668019
0 2 4 2  -0.0024824546
0 2 6 2  0.0641794354
0 3 1 2  0.0649672441
0 3 3 2  0.0205668019
0 3 5 2  -0.0024824546
0 3 7 2  0.0641794354
0 4 0 2  -0.0034935724
0 4 2 2  -0.0024824546
0 4 4 2  -0.0091257955
0 4 6 2  0.0036851436
0 5 1 2  -0.0034935724
0 5 3 2  -0.0024824546
0 5 5 2  -0.0091257955
0 5 7 2  0.0036851436
0 6 0 2  -0.0096120867
0 6 2 2  0.0641794354
0 6 4 2  0.0036851436
0 6 6 2  -0.0161155216
0 7 1 2  -0.0096120867
0 7 3 2  0.0641794354
0 7 5 2  0.0036851436
0 7 7 2  -0.0161155216
0 0 0 4  -0.0135051424
0 0 2 4  -0.0034935724
0 0 4 4  0.0649672441
0 0 6 4  0.0096120867
0 1 1 4  -0.0135051424
0 1 3 4  -0.0034935724
0 1 5 4  0.0649672441
0 1 7 4  0.0096120867
0 2 0 4  -0.0034935724
0 2 2 4  -0.0091257955
0 2 4 4  -0.0024824546
0 2 6 4  -0.0036851436
0 3 1 4  -0.0034935724
0 3 3 4  -0.0091257955
0 3 5 4  -0.0024824546
0 3 7 4  -0.0036851436
0 4 0 4  0.0649672441
0 4 2 4  -0.0024824546
0 4 4 4  0.0205668019
0 4 6 4  -0.0641794354
0 5 1 4  0.0649672441
0 5 3 4  -0.0024824546
0 5 5 4  0.0205668019
0 5 7 4  -0.0641794354
0 6 0 4  0.0096120867
0 6 2 4  -0.0036851436
0 6 4 4  -0.0641794354
0 6 6 4  -0.0161155216
0 7 1 4  0.0096120867
0 7 3 4  -0.0036851436
0 7 5 4  -0.0641794354
0 7 7 4  -0.0161155216
0 0 2 6  -0.0096120867
0 0 4 6  0.0096120867
0 0 6 6  0.0434843743
0 1 3 6  -0.0096120867
0 1 5 6  0.0096120867
0 1 7 6  0.0434843743
0 2 0 6  -0.0096120867
0 2 2 6  0.0366348369
0 2 6 6  -0.0110318555
0 3 1 6  -0.0096120867
0 3 3 6  0.0366348369
0 3 7 6  -0.0110318555
0 4 0 6  0.0096120867
0 4 4 6  -0.0366348369
0 4 6 6  -0.0110318555
0 5 1 6  0.0096120867
0 5 5 6  -0.0366348369
0 5 7 6  -0.0110318555
0 6 0 6  0.0434843743
0 6 2 6  -0.0110318555
0 6 4 6  -0.0110318555
0 7 1 6  0.0434843743
0 7 3 6  -0.0110318555
0 7 5 6  -0.0110318555
1 0 0 1  0.2554792710
1 0 2 1  -0.0135051424
1 0 4 1  -0.0135051424
1 1 1 1  0.2554792710
1 1 3 1  -0.0135051424
1 1 5 1  -0.0135051424
1 2 0 1  -0.0135051424
1 2 2 1  0.2410407566
1 2 4 1  -0.0000167125
1 2 6 1  -0.0134548173
1 3 1 1  -0.0135051424
1 3 3 1  0.2410407566
1 3 5 1  -0.0000167125
1 3 7 1  -0.0134548173
1 4 0 1  -0.0135051424
1 4 2 1  -0.0000167125
1 4 4 1  0.2410407566
1 4 6 1  0.0134548173
1 5 1 1  -0.0135051424
1 5 3 1  -0.0000167125
1 5 5 1  0.2410407566
1 5 7 1  0.0134548173
1 6 2 1  -0.0134548173
1 6 4 1  0.0134548173
1 6 6 1  0.2527006624
1 7 3 1  -0.0134548173
1 7 5 1  0.0134548173
1 7 7 1  0.2527006624
1 0 0 3  -0.0135051424
1 0 2 3  0.0649672441
1 0 4 3  -0.0034935724
1 0 6 3  -0.0096120867
1 1 1 3  -0.0135051424
1 1 3 3  0.0649672441
1 1 5 3  -0.0034935724
1 1 7 3  -0.0096120867
1 2 0 3  0.0649672441
1 2 2 3  0.0205668019
1 2 4 3  -0.0024824546
1 2 6 3  0.0641794354
1 3 1 3  0.0649672441
1 3 3 3  0.0205668019
1 3 5 3  -0.0024824546
1 3 7 3  0.0641794354
1 4 0 3  -0.0034935724
1 4 2 3  -0.0024824546
1 4 4 3  -0.0091257955
1 4 6 3  0.0036851436
1 5 1 3  -0.0034935724
1 5 3 3  -0.0024824546
1 5 5 3  -0.0091257955
1 5 7 3  0.0036851436
1 6 0 3  -0.0096120867
1 6 2 3  0.0641794354
1 6 4 3  0.0036851436
1 6 6 3  -0.0161155216
1 7 1 3  -0.0096120867
1 7 3 3  0.0641794354
1 7 5 3  0.0036851436
1 7 7 3  -0.0161155216
1 0 0 5  -0.0135051424
1 0 2 5  -0.0034935724
1 0 4 5  0.0649672441
1 0 6 5  0.0096120867
1 1 1 5  -0.0135051424
1 1 3 5  -0.0034935724
1 1 5 5  0.0649672441
1 1 7 5  0.0096120867
1 2 0 5  -0.0034935724
1 2 2 5  -0.0091257955
1 2 4 5  -0.0024824546
1 2 6 5  -0.0036851436
1 3 1 5  -0.0034935724
1 3 3 5  -0.0091257955
1 3 5 5  -0.0024824546
1 3 7 5  -0.0036851436
1 4 0 5  0.0649672441
1 4 2 5  -0.0024824546
1 4 4 5  0.0205668019
1 4 6 5  -0.0641794354
1 5 1 5  0.0649672441
1 5 3 5  -0.0024824546
1 5 5 5  0.0205668019
1 5 7 5  -0.0641794354
1 6 0 5  0.0096120867
1 6 2 5  -0.0036851436
1 6 4 5  -0.0641794354
1 6 6 5  -0.0161155216
1 7 1 5  0.0096120867
1 7 3 5  -0.0036851436
1 7 5 5  -0.0641794354
1 7 7 5  -0.0161155216
1 0 2 7  -0.0096120867
1 0 4 7  0.0096120867
1 0 6 7  0.0434843743
1 1 3 7  -0.0096120867
1 1 5 7  0.0096120867
1 1 7 7  0.0434843743
1 2 0 7  -0.0096120867
1 2 2 7  0.0366348369
1 2 6 7  -0.0110318555
1 3 1 7  -0.0096120867
1 3 3 7  0.0366348369
1 3 7 7  -0.0110318555
1 4 0 7  0.0096120867
1 4 4 7  -0.0366348369
1 4 6 7  -0.0110318555
1 5 1 7  0.0096120867
1 5 5 7  -0.0366348369
1 5 7 7  -0.0110318555
1 6 0 7  0.0434843743
1 6 2 7  -0.0110318555
1 6 4 7  -0.0110318555
1 7 1 7  0.0434843743
1 7 3 7  -0.0110318555
1 7 5 7  -0.0110318555
2 0 0 0  -0.0135051424
2 0 2 0  0.0649672441
2 0 4 0  -0.0034935724
2 0 6 0  -0.0096120867
2 1 1 0  -0.0135051424
2 1 3 0  0.0649672441
2 1 5 0  -0.0034935724
2 1 7 0  -0.0096120867
2 2 0 0  0.0649672441
2 2 2 0  0.0205668019
2 2 4 0  -0.0024824546
2 2 6 0  0.0641794354
2 3 1 0  0.0649672441
2 3 3 0  0.0205668019
2 3 5 0  -0.0024824546
2 3 7 0  0.0641794354
2 4 0 0  -0.0034935724
2 4 2 0  -0.0024824546
2 4 4 0  -0.0091257955
2 4 6 0  0.0036851436
2 5 1 0  -0.0034935724
2 5 3 0  -0.0024824546
2 5 5 0  -0.0091257955
2 5 7 0  0.0036851436
2 6 0 0  -0.0096120867
2 6 2 0  0.0641794354
2 6 4 0  0.0036851436
2 6 6 0  -0.0161155216
2 7 1 0  -0.0096120867
2 7 3 0  0.0641794354
2 7 5 0  0.0036851436
2 7 7 0  -0.0161155216
2 0 0 2  0.2410407566
2 0 2 2  0.0205668019
2 0 4 2  -0.0091257955
2 0 6 2  0.0366348369
2 1 1 2  0.2410407566
2 1 3 2  0.0205668019
2 1 5 2  -0.0091257955
2 1 7 2  0.0366348369
2 2 0 2  0.0205668019
2 2 2 2  0.2927243406
2 2 4 2  -0.0010164648
2 2 6 2  0.0210127248
2 3 1 2  0.0205668019
2 3 3 2  0.2927243406
2 3 5 2  -0.0010164648
2 3 7 2  0.0210127248
2 4 0 2  -0.0091257955
2 4 2 2  -0.0010164648
2 4 4 2  0.1974550303
2 4 6 2  0.0076693889
2 5 1 2  -0.0091257955
2 5 3 2  -0.0010164648
2 5 5 2  0.1974550303
2 5 7 2  0.0076693889
2 6 0 2  0.0366348369
2 6 2 2  0.0210127248
2 6 4 2  0.0076693889
2 6 6 2  0.2464420941
2 7 1 2  0.0366348369
2 7 3 2  0.0210127248
2 7 5 2  0.0076693889
2 7 7 2  0.2464420941
2 0 0 4  -0.0000167125
2 0 2 4  -0.0024824546
2 0 4 4  -0.0024824546
2 1 1 4  -0.0000167125
2 1 3 4  -0.0024824546
2 1 5 4  -0.0024824546
2 2 0 4  -0.0024824546
2 2 2 4  -0.0010164648
2 2 4 4  0.0039607939
2 2 6 4  -0.0012517956
2 3 1 4  -0.0024824546
2 3 3 4  -0.0010164648
2 3 5 4  0.0039607939
2 3 7 4  -0.0012517956
2 4 0 4  -0.0024824546
2 4 2 4  0.0039607939
2 4 4 4  -0.0010164648
2 4 6 4  0.0012517956
2 5 1 4  -0.0024824546
2 5 3 4  0.0039607939
2 5 5 4  -0.0010164648
2 5 7 4  0.0012517956
2 6 2 4  -0.0012517956
2 6 4 4  0.0012517956
2 6 6 4  0.0007529639
2 7 3 4  -0.0012517956
2 7 5 4  0.0012517956
2 7 7 4  0.0007529639
2 0 0 6  -0.0134548173
2 0 2 6  0.0641794354
2 0 4 6  -0.0036851436
2 0 6 6  -0.0110318555
2 1 1 6  -0.0134548173
2 1 3 6  0.0641794354
2 1 5 6  -0.0036851436
2 1 7 6  -0.0110318555
2 2 0 6  0.0641794354
2 2 2 6  0.0210127248
2 2 4 6  -0.0012517956
2 2 6 6  0.0702753031
2 3 1 6  0.0641794354
2 3 3 6  0.0210127248
2 3 5 6  -0.0012517956
2 3 7 6  0.0702753031
2 4 0 6  -0.0036851436
2 4 2 6  -0.0012517956
2 4 4 6  -0.0076693889
2 4 6 6  0.0045536322
2 5 1 6  -0.0036851436
2 5 3 6  -0.0012517956
2 5 5 6  -0.0076693889
2 5 7 6  0.0045536322
2 6 0 6  -0.0110318555
2 6 2 6  0.0702753031
2 6 4 6  0.0045536322
2 6 6 6  -0.0164552035
2 7 1 6  -0.0110318555
2 7 3 6  0.0702753031
2 7 5 6  0.0045536322
2 7 7 6  -0.0164552035
3 0 0 1  -0.0135051424
3 0 2 1  0.0649672441
3 0 4 1  -0.0034935724
3 0 6 1  -0.0096120867
3 1 1 1  -0.0135051424
3 1 3 1  0.0649672441
3 1 5 1  -0.0034935724
3 1 7 1  -0.0096120867
3 2 0 1  0.0649672441
3 2 2 1  0.0205668019
3 2 4 1  -0.0024824546
3 2 6 1  0.0641794354
3 3 1 1  0.0649672441
3 3 3 1  0.0205668019
3 3 5 1  -0.0024824546
3 3 7 1  0.0641794354
3 4 0 1  -0.0034935724
3 4 2 1  -0.0024824546
3 4 4 1  -0.0091257955
3 4 6 1  0.0036851436
3 5 1 1  -0.0034935724
3 5 3 1  -0.0024824546
3 5 5 1  -0.0091257955
3 5 7 1  0.0036851436
3 6 0 1  -0.0096120867
3 6 2 1  0.0641794354
3 6 4 1  0.0036851436
3 6 6 1  -0.0161155216
3 7 1 1  -0.0096120867
3 7 3 1  0.0641794354
3 7 5 1  0.0036851436
3 7 7 1  -0.0161155216
3 0 0 3  0.2410407566
3 0 2 3  0.0205668019
3 0 4 3  -0.0091257955
3 0 6 3  0.0366348369
3 1 1 3  0.2410407566
3 1 3 3  0.0205668019
3 1 5 3  -0.0091257955
3 1 7 3  0.0366348369
3 2 0 3  0.0205668019
3 2 2 3  0.2927243406
3 2 4 3  -0.0010164648
3 2 6 3  0.0210127248
3 3 1 3  0.0205668019
3 3 3 3  0.2927243406
3 3 5 3  -0.0010164648
3 3 7 3  0.0210127248
3 4 0 3  -0.0091257955
3 4 2 3  -0.0010164648
3 4 4 3  0.1974550303
3 4 6 3  0.0076693889
3 5 1 3  -0.0091257955
3 5 3 3  -0.0010164648
3 5 5 3  0.1974550303
3 5 7 3  0.0076693889
3 6 0 3  0.0366348369
3 6 2 3  0.0210127248
3 6 4 3  0.0076693889
3 6 6 3  0.2464420941
3 7 1 3  0.0366348369
3 7 3 3  0.0210127248
3 7 5 3  0.0076693889
3 7 7 3  0.2464420941
3 0 0 5  -0.0000167125
3 0 2 5  -0.0024824546
3 0 4 5  -0.0024824546
3 1 1 5  -0.0000167125
3 1 3 5  -0.0024824546
3 1 5 5  -0.0024824546
3 2 0 5  -0.0024824546
3 2 2 5  -0.0010164648
3 2 4 5  0.0039607939
3 2 6 5  -0.0012517956
3 3 1 5  -0.0024824546
3 3 3 5  -0.0010164648
3 3 5 5  0.0039607939
3 3 7 5  -0.0012517956
3 4 0 5  -0.0024824546
3 4 2 5  0.0039607939
3 4 4 5  -0.0010164648
3 4 6 5  0.0012517956
3 5 1 5  -0.0024824546
3 5 3 5  0.0039607939
3 5 5 5  -0.0010164648
3 5 7 5  0.0012517956
3 6 2 5  -0.0012517956
3 6 4 5  0.0012517956
3 6 6 5  0.0007529639
3 7 3 5  -0.0012517956
3 7 5 5  0.0012517956
3 7 7 5  0.0007529639
3 0 0 7  -0.0134548173
3 0 2 7  0.0641794354
3 0 4 7  -0.0036851436
3 0 6 7  -0.0110318555
3 1 1 7  -0.0134548173
3 1 3 7  0.0641794354
3 1 5 7  -0.0036851436
3 1 7 7  -0.0110318555
3 2 0 7  0.0641794354
3 2 2 7  0.0210127248
3 2 4 7  -0.0012517956
3 2 6 7  0.0702753031
3 3 1 7  0.0641794354
3 3 3 7  0.0210127248
3 3 5 7  -0.0012517956
3 3 7 7  0.0702753031
3 4 0 7  -0.0036851436
3 4 2 7  -0.0012517956
3 4 4 7  -0.0076693889
3 4 6 7  0.0045536322
3 5 1 7  -0.0036851436
3 5 3 7  -0.0012517956
3 5 5 7  -0.0076693889
3 5 7 7  0.0045536322
3 6 0 7  -0.0110318555
3 6 2 7  0.0702753031
3 6 4 7  0.0045536322
3 6 6 7  -0.0164552035
3 7 1 7  -0.0110318555
3 7 3 7  0.0702753031
3 7 5 7  0.0045536322
3 7 7 7  -0.0164552035
4 0 0 0  -0.0135051424
4 0 2 0  -0.0034935724
4 0 4 0  0.0649672441
4 0 6 0  0.0096120867
4 1 1 0  -0.0135051424
4 1 3 0  -0.0034935724
4 1 5 0  0.0649672441
4 1 7 0  0.0096120867
4 2 0 0  -0.0034935724
4 2 2 0  -0.0091257955
4 2 4 0  -0.0024824546
4 2 6 0  -0.0036851436
4 3 1 0  -0.0034935724
4 3 3 0  -0.0091257955
4 3 5 0  -0.0024824546
4 3 7 0  -0.0036851436
4 4 0 0  0.0649672441
4 4 2 0  -0.0024824546
4 4 4 0  0.0205668019
4 4 6 0  -0.0641794354
4 5 1 0  0.0649672441
4 5 3 0  -0.0024824546
4 5 5 0  0.0205668019
4 5 7 0  -0.0641794354
4 6 0 0  0.0096120867
4 6 2 0  -0.0036851436
4 6 4 0  -0.0641794354
4 6 6 0  -0.0161155216
4 7 1 0  0.0096120867
4 7 3 0  -0.0036851436
4 7 5 0  -0.0641794354
4 7 7 0  -0.0161155216
4 0 0 2  -0.0000167125
4 0 2 2  -0.0024824546
4 0 4 2  -0.0024824546
4 1 1 2  -0.0000167125
4 1 3 2  -0.0024824546
4 1 5 2  -0.0024824546
4 2 0 2  -0.0024824546
4 2 2 2  -0.0010164648
4 2 4 2  0.0039607939
4 2 6 2  -0.0012517956
4 3 1 2  -0.0024824546
4 3 3 2  -0.0010164648
4 3 5 2  0.0039607939
4 3 7 2  -0.0012517956
4 4 0 2  -0.0024824546
4 4 2 2  0.0039607939
4 4 4 2  -0.0010164648
4 4 6 2  0.0012517956
4 5 1 2  -0.0024824546
4 5 3 2  0.0039607939
4 5 5 2  -0.0010164648
4 5 7 2  0.0012517956
4 6 2 2  -0.0012517956
4 6 4 2  0.0012517956
4 6 6 2  0.0007529639
4 7 3 2  -0.0012517956
4 7 5 2  0.0012517956
4 7 7 2  0.0007529639
4 0 0 4  0.2410407566
4 0 2 4  -0.0091257955
4 0 4 4  0.0205668019
4 0 6 4  -0.0366348369
4 1 1 4  0.2410407566
4 1 3 4  -0.0091257955
4 1 5 4  0.0205668019
4 1 7 4  -0.0366348369
4 2 0 4  -0.0091257955
4 2 2 4  0.1974550303
4 2 4 4  -0.0010164648
4 2 6 4  -0.0076693889
4 3 1 4  -0.0091257955
4 3 3 4  0.1974550303
4 3 5 4  -0.0010164648
4 3 7 4  -0.0076693889
4 4 0 4  0.0205668019
4 4 2 4  -0.0010164648
4 4 4 4  0.2927243406
4 4 6 4  -0.0210127248
4 5 1 4  0.0205668019
4 5 3 4  -0.0010164648
4 5 5 4  0.2927243406
4 5 7 4  -0.0210127248
4 6 0 4  -0.0366348369
4 6 2 4  -0.0076693889
4 6 4 4  -0.0210127248
4 6 6 4  0.2464420941
4 7 1 4  -0.0366348369
4 7 3 4  -0.0076693889
4 7 5 4  -0.0210127248
4 7 7 4  0.2464420941
4 0 0 6  0.0134548173
4 0 2 6  0.0036851436
4 0 4 6  -0.0641794354
4 0 6 6  -0.0110318555
4 1 1 6  0.0134548173
4 1 3 6  0.0036851436
4 1 5 6  -0.0641794354
4 1 7 6  -0.0110318555
4 2 0 6  0.0036851436
4 2 2 6  0.0076693889
4 2 4 6  0.0012517956
4 2 6 6  0.0045536322
4 3 1 6  0.0036851436
4 3 3 6  0.0076693889
4 3 5 6  0.0012517956
4 3 7 6  0.0045536322
4 4 0 6  -0.0641794354
4 4 2 6  0.0012517956
4 4 4 6  -0.0210127248
4 4 6 6  0.0702753031
4 5 1 6  -0.0641794354
4 5 3 6  0.0012517956
4 5 5 6  -0.0210127248
4 5 7 6  0.0702753031
4 6 0 6  -0.0110318555
4 6 2 6  0.0045536322
4 6 4 6  0.0702753031
4 6 6 6  0.0164552035
4 7 1 6  -0.0110318555
4 7 3 6  0.0045536322
4 7 5 6  0.0702753031
4 7 7 6  0.0164552035
5 0 0 1  -0.0135051424
5 0 2 1  -0.0034935724
5 0 4 1  0.0649672441
5 0 6 1  0.0096120867
5 1 1 1  -0.0135051424
5 1 3 1  -0.0034935724
5 1 5 1  0.0649672441
5 1 7 1  0.0096120867
5 2 0 1  -0.0034935724
5 2 2 1  -0.0091257955
5 2 4 1  -0.0024824546
5 2 6 1  -0.0036851436
5 3 1 1  -0.0034935724
5 3 3 1  -0.0091257955
5 3 5 1  -0.0024824546
5 3 7 1  -0.0036851436
5 4 0 1  0.0649672441
5 4 2 1  -0.0024824546
5 4 4 1  0.0205668019
5 4 6 1  -0.0641794354
5 5 1 1  0.0649672441
5 5 3 1  -0.0024824546
5 5 5 1  0.0205668019
5 5 7 1  -0.0641794354
5 6 0 1  0.0096120867
5 6 2 1  -0.0036851436
5 6 4 1  -0.0641794354
5 6 6 1  -0.0161155216
5 7 1 1  0.0096120867
5 7 3 1  -0.0036851436
5 7 5 1  -0.0641794354
5 7 7 1  -0.0161155216
5 0 0 3  -0.0000167125
5 0 2 3  -0.0024824546
5 0 4 3  -0.0024824546
5 1 1 3  -0.0000167125
5 1 3 3  -0.0024824546
5 1 5 3  -0.0024824546
5 2 0 3  -0.0024824546
5 2 2 3  -0.0010164648
5 2 4 3  0.0039607939
5 2 6 3  -0.0012517956
5 3 1 3  -0.0024824546
5 3 3 3  -0.0010164648
5 3 5 3  0.0039607939
5 3 7 3  -0.0012517956
5 4 0 3  -0.0024824546
5 4 2 3  0.0039607939
5 4 4 3  -0.0010164648
5 4 6 3  0.0012517956
5 5 1 3  -0.0024824546
5 5 3 3  0.0039607939
5 5 5 3  -0.0010164648
5 5 7 3  0.0012517956
5 6 2 3  -0.0012517956
5 6 4 3  0.0012517956
5 6 6 3  0.0007529639
5 7 3 3  -0.0012517956
5 7 5 3  0.0012517956
5 7 7 3  0.0007529639
5 0 0 5  0.2410407566
5 0 2 5  -0.0091257955
5 0 4 5  0.0205668019
5 0 6 5  -0.0366348369
5 1 1 5  0.2410407566
5 1 3 5  -0.0091257955
5 1 5 5  0.0205668019
5 1 7 5  -0.0366348369
5 2 0 5  -0.0091257955
5 2 2 5  0.1974550303
5 2 4 5  -0.0010164648
5 2 6 5  -0.0076693889
5 3 1 5  -0.0091257955
5 3 3 5  0.1974550303
5 3 5 5  -0.0010164648
5 3 7 5  -0.0076693889
5 4 0 5  0.0205668019
5 4 2 5  -0.0010164648
5 4 4 5  0.2927243406
5 4 6 5  -0.0210127248
5 5 1 5  0.0205668019
5 5 3 5  -0.0010164648
5 5 5 5  0.2927243406
5 5 7 5  -0.0210127248
5 6 0 5  -0.0366348369
5 6 2 5  -0.0076693889
5 6 4 5  -0.0210127248
5 6 6 5  0.2464420941
5 7 1 5  -0.0366348369
5 7 3 5  -0.0076693889
5 7 5 5  -0.0210127248
5 7 7 5  0.2464420941
5 0 0 7  0.0134548173
5 0 2 7  0.0036851436
5 0 4 7  -0.0641794354
5 0 6 7  -0.0110318555
5 1 1 7  0.0134548173
5 1 3 7  0.0036851436
5 1 5 7  -0.0641794354
5 1 7 7  -0.0110318555
5 2 0 7  0.0036851436
5 2 2 7  0.0076693889
5 2 4 7  0.0012517956
5 2 6 7  0.0045536322
5 3 1 7  0.0036851436
5 3 3 7  0.0076693889
5 3 5 7  0.0012517956
5 3 7 7  0.0045536322
5 4 0 7  -0.0641794354
5 4 2 7  0.0012517956
5 4 4 7  -0.0210127248
5 4 6 7  0.0702753031
5 5 1 7  -0.0641794354
5 5 3 7  0.0012517956
5 5 5 7  -0.0210127248
5 5 7 7  0.0702753031
5 6 0 7  -0.0110318555
5 6 2 7  0.0045536322
5 6 4 7  0.0702753031
5 6 6 7  0.0164552035
5 7 1 7  -0.0110318555
5 7 3 7  0.0045536322
5 7 5 7  0.0702753031
5 7 7 7  0.0164552035
6 0 2 0  -0.0096120867
6 0 4 0  0.0096120867
6 0 6 0  0.0434843743
6 1 3 0  -0.0096120867
6 1 5 0  0.0096120867
6 1 7 0  0.0434843743
6 2 0 0  -0.0096120867
6 2 2 0  0.0366348369
6 2 6 0  -0.0110318555
6 3 1 0  -0.0096120867
6 3 3 0  0.0366348369
6 3 7 0  -0.0110318555
6 4 0 0  0.0096120867
6 4 4 0  -0.0366348369
6 4 6 0  -0.0110318555
6 5 1 0  0.0096120867
6 5 5 0  -0.0366348369
6 5 7 0  -0.0110318555
6 6 0 0  0.0434843743
6 6 2 0  -0.0110318555
6 6 4 0  -0.0110318555
6 7 1 0  0.0434843743
6 7 3 0  -0.0110318555
6 7 5 0  -0.0110318555
6 0 0 2  -0.0134548173
6 0 2 2  0.0641794354
6 0 4 2  -0.0036851436
6 0 6 2  -0.0110318555
6 1 1 2  -0.0134548173
6 1 3 2  0.0641794354
6 1 5 2  -0.0036851436
6 1 7 2  -0.0110318555
6 2 0 2  0.0641794354
6 2 2 2  0.0210127248
6 2 4 2  -0.0012517956
6 2 6 2  0.0702753031
6 3 1 2  0.0641794354
6 3 3 2  0.0210127248
6 3 5 2  -0.0012517956
6 3 7 2  0.0702753031
6 4 0 2  -0.0036851436
6 4 2 2  -0.0012517956
6 4 4 2  -0.0076693889
6 4 6 2  0.0045536322
6 5 1 2  -0.0036851436
6 5 3 2  -0.0012517956
6 5 5 2  -0.0076693889
6 5 7 2  0.0045536322
6 6 0 2  -0.0110318555
6 6 2 2  0.0702753031
6 6 4 2  0.0045536322
6 6 6 2  -0.0164552035
6 7 1 2  -0.0110318555
6 7 3 2  0.0702753031
6 7 5 2  0.0045536322
6 7 7 2  -0.0164552035
6 0 0 4  0.0134548173
6 0 2 4  0.0036851436
6 0 4 4  -0.0641794354
6 0 6 4  -0.0110318555
6 1 1 4  0.0134548173
6 1 3 4  0.0036851436
6 1 5 4  -0.0641794354
6 1 7 4  -0.0110318555
6 2 0 4  0.0036851436
6 2 2 4  0.0076693889
6 2 4 4  0.0012517956
6 2 6 4  0.0045536322
6 3 1 4  0.0036851436
6 3 3 4  0.0076693889
6 3 5 4  0.0012517956
6 3 7 4  0.0045536322
6 4 0 4  -0.0641794354
6 4 2 4  0.0012517956
6 4 4 4  -0.0210127248
6 4 6 4  0.0702753031
6 5 1 4  -0.0641794354
6 5 3 4  0.0012517956
6 5 5 4  -0.0210127248
6 5 7 4  0.0702753031
6 6 0 4  -0.0110318555
6 6 2 4  0.0045536322
6 6 4 4  0.0702753031
6 6 6 4  0.0164552035
6 7 1 4  -0.0110318555
6 7 3 4  0.0045536322
6 7 5 4  0.0702753031
6 7 7 4  0.0164552035
6 0 0 6  0.2527006624
6 0 2 6  -0.0161155216
6 0 4 6  -0.0161155216
6 1 1 6  0.2527006624
6 1 3 6  -0.0161155216
6 1 5 6  -0.0161155216
6 2 0 6  -0.0161155216
6 2 2 6  0.2464420941
6 2 4 6  0.0007529639
6 2 6 6  -0.0164552035
6 3 1 6  -0.0161155216
6 3 3 6  0.2464420941
6 3 5 6  0.0007529639
6 3 7 6  -0.0164552035
6 4 0 6  -0.0161155216
6 4 2 6  0.0007529639
6 4 4 6  0.2464420941
6 4 6 6  0.0164552035
6 5 1 6  -0.0161155216
6 5 3 6  0.0007529639
6 5 5 6  0.2464420941
6 5 7 6  0.0164552035
6 6 2 6  -0.0164552035
6 6 4 6  0.0164552035
6 6 6 6  0.2687609235
6 7 3 6  -0.0164552035
6 7 5 6  0.0164552035
6 7 7 6  0.2687609235
7 0 2 1  -0.0096120867
7 0 4 1  0.0096120867
7 0 6 1  0.0434843743
7 1 3 1  -0.0096120867
7 1 5 1  0.0096120867
7 1 7 1  0.0434843743
7 2 0 1  -0.0096120867
7 2 2 1  0.0366348369
7 2 6 1  -0.0110318555
7 3 1 1  -0.0096120867
7 3 3 1  0.0366348369
7 3 7 1  -0.0110318555
7 4 0 1  0.0096120867
7 4 4 1  -0.0366348369
7 4 6 1  -0.0110318555
7 5 1 1  0.0096120867
7 5 5 1  -0.0366348369
7 5 7 1  -0.0110318555
7 6 0 1  0.0434843743
7 6 2 1  -0.0110318555
7 6 4 1  -0.0110318555
7 7 1 1  0.0434843743
7 7 3 1  -0.0110318555
7 7 5 1  -0.0110318555
7 0 0 3  -0.0134548173
7 0 2 3  0.0641794354
7 0 4 3  -0.0036851436
7 0 6 3  -0.0110318555
7 1 1 3  -0.0134548173
7 1 3 3  0.0641794354
7 1 5 3  -0.0036851436
7 1 7 3  -0.0110318555
7 2 0 3  0.0641794354
7 2 2 3  0.0210127248
7 2 4 3  -0.0012517956
7 2 6 3  0.0702753031
7 3 1 3  0.0641794354
7 3 3 3  0.0210127248
7 3 5 3  -0.0012517956
7 3 7 3  0.0702753031
7 4 0 3  -0.0036851436
7 4 2 3  -0.0012517956
7 4 4 3  -0.0076693889
7 4 6 3  0.0045536322
7 5 1 3  -0.0036851436
7 5 3 3  -0.0012517956
7 5 5 3  -0.0076693889
7 5 7 3  0.0045536322
7 6 0 3  -0.0110318555
7 6 2 3  0.0702753031
7 6 4 3  0.0045536322
7 6 6 3  -0.0164552035
7 7 1 3  -0.0110318555
7 7 3 3  0.0702753031
7 7 5 3  0.0045536322
7 7 7 3  -0.0164552035
7 0 0 5  0.0134548173
7 0 2 5  0.0036851436
7 0 4 5  -0.0641794354
7 0 6 5  -0.0110318555
7 1 1 5  0.0134548173
7 1 3 5  0.0036851436
7 1 5 5  -0.0641794354
7 1 7 5  -0.0110318555
7 2 0 5  0.0036851436
7 2 2 5  0.0076693889
7 2 4 5  0.0012517956
7 2 6 5  0.0045536322
7 3 1 5  0.0036851436
7 3 3 5  0.0076693889
7 3 5 5  0.0012517956
7 3 7 5  0.0045536322
7 4 0 5  -0.0641794354
7 4 2 5  0.0012517956
7 4 4 5  -0.0210127248
7 4 6 5  0.0702753031
7 5 1 5  -0.0641794354
7 5 3 5  0.0012517956
7 5 5 5  -0.0210127248
7 5 7 5  0.0702753031
7 6 0 5  -0.0110318555
7 6 2 5  0.0045536322
7 6 4 5  0.0702753031
7 6 6 5  0.0164552035
7 7 1 5  -0.0110318555
7 7 3 5  0.0045536322
7 7 5 5  0.0702753031
7 7 7 5  0.0164552035
7 0 0 7  0.2527006624
7 0 2 7  -0.0161155216
7 0 4 7  -0.0161155216
7 1 1 7  0.2527006624
7 1 3 7  -0.0161155216
7 1 5 7  -0.0161155216
7 2 0 7  -0.0161155216
7 2 2 7  0.2464420941
7 2 4 7  0.0007529639
7 2 6 7  -0.0164552035
7 3 1 7  -0.0161155216
7 3 3 7  0.2464420941
7 3 5 7  0.0007529639
7 3 7 7  -0.0164552035
7 4 0 7  -0.0161155216
7 4 2 7  0.0007529639
7 4 4 7  0.2464420941
7 4 6 7  0.0164552035
7 5 1 7  -0.0161155216
7 5 3 7  0.0007529639
7 5 5 7  0.2464420941
7 5 7 7  0.0164552035
7 6 2 7  -0.0164552035
7 6 4 7  0.0164552035
7 6 6 7  0.2687609235
7 7 3 7  -0.0164552035
7 7 5 7  0.0164552035
7 7 7 7  0.2687609235

 E(FCI) = -2.0047062697

 E(HF)  = -1.6877094801
