 MO Integrals

2.1785208212
0 0  -1.7766953648
0 4  0.1500568989
1 1  -1.7766953648
1 5  0.1500568989
2 2  -1.5100137781
2 6  -0.1197478220
3 3  -1.5100137781
3 7  -0.1197478220
4 0  0.1500568989
4 4  -1.2308583747
5 1  0.1500568989
5 5  -1.2308583747
6 2  -0.1197478220
6 6  -0.9458016288
7 3  -0.1197478220
7 7  -0.9458016288
0 0 0 0  0.2426062979
0 0 4 0  -0.0392582450
0 1 1 0  0.2426062979
0 1 5 0  -0.0392582450
0 2 2 0  0.2131025629
0 2 6 0  0.0403205094
0 3 3 0  0.2131025629
0 3 7 0  0.0403205094
0 4 0 0  -0.0392582450
0 4 4 0  0.2174275197
0 5 1 0  -0.0392582450
0 5 5 0  0.2174275197
0 6 2 0  0.0403205094
0 6 6 0  0.2536905756
0 7 3 0  0.0403205094
0 7 7 0  0.2536905756
0 0 2 2  0.0781076688
0 0 6 2  0.0209450552
0 1 3 2  0.0781076688
0 1 7 2  0.0209450552
0 2 0 2  0.0781076688
0 2 4 2  0.0475030046
0 3 1 2  0.0781076688
0 3 5 2  0.0475030046
0 4 2 2  0.0475030046
0 4 6 2  -0.0754005170
0 5 3 2  0.0475030046
0 5 7 2  -0.0754005170
0 6 0 2  0.0209450552
0 6 4 2  -0.0754005170
0 7 1 2  0.0209450552
0 7 5 2  -0.0754005170
0 0 0 4  -0.0392582450
0 0 4 4  0.0540821682
0 1 1 4  -0.0392582450
0 1 5 4  0.0540821682
0 2 2 4  0.0058664464
0 2 6 4  -0.0500423205
0 3 3 4  0.0058664464
0 3 7 4  -0.0500423205
0 4 0 4  0.0540821682
0 4 4 4  -0.0016596952
0 5 1 4  0.0540821682
0 5 5 4  -0.0016596952
0 6 2 4  -0.0500423205
0 6 6 4  -0.0415521708
0 7 3 4  -0.0500423205
0 7 7 4  -0.0415521708
0 0 2 6  0.0209450552
0 0 6 6  0.0491076968
0 1 3 6  0.0209450552
0 1 7 6  0.0491076968
0 2 0 6  0.0209450552
0 2 4 6  -0.0283409293
0 3 1 6  0.0209450552
0 3 5 6  -0.0283409293
0 4 2 6  -0.0283409293
0 4 6 6  -0.0203556824
0 5 3 6  -0.0283409293
0 5 7 6  -0.0203556824
0 6 0 6  0.0491076968
0 6 4 6  -0.0203556824
0 7 1 6  0.0491076968
0 7 5 6  -0.0203556824
1 0 0 1  0.2426062979
1 0 4 1  -0.0392582450
1 1 1 1  0.2426062979
1 1 5 1  -0.0392582450
1 2 2 1  0.2131025629
1 2 6 1  0.0403205094
1 3 3 1  0.2131025629
1 3 7 1  0.0403205094
1 4 0 1  -0.0392582450
1 4 4 1  0.2174275197
1 5 1 1  -0.0392582450
1 5 5 1  0.2174275197
1 6 2 1  0.0403205094
1 6 6 1  0.2536905756
1 7 3 1  0.0403205094
1 7 7 1  0.2536905756
1 0 2 3  0.0781076688
1 0 6 3  0.0209450552
1 1 3 3  0.0781076688
1 1 7 3  0.0209450552
1 2 0 3  0.0781076688
1 2 4 3  0.0475030046
1 3 1 3  0.0781076688
1 3 5 3  0.0475030046
1 4 2 3  0.0475030046
1 4 6 3  -0.0754005170
1 5 3 3  0.0475030046
1 5 7 3  -0.0754005170
1 6 0 3  0.0209450552
1 6 4 3  -0.0754005170
1 7 1 3  0.0209450552
1 7 5 3  -0.0754005170
1 0 0 5  -0.0392582450
1 0 4 5  0.0540821682
1 1 1 5  -0.0392582450
1 1 5 5  0.0540821682
1 2 2 5  0.0058664464
1 2 6 5  -0.0500423205
1 3 3 5  0.0058664464
1 3 7 5  -0.0500423205
1 4 0 5  0.0540821682
1 4 4 5  -0.0016596952
1 5 1 5  0.0540821682
1 5 5 5  -0.0016596952
1 6 2 5  -0.0500423205
1 6 6 5  -0.0415521708
1 7 3 5  -0.0500423205
1 7 7 5  -0.0415521708
1 0 2 7  0.0209450552
1 0 6 7  0.0491076968
1 1 3 7  0.0209450552
1 1 7 7  0.0491076968
1 2 0 7  0.0209450552
1 2 4 7  -0.0283409293
1 3 1 7  0.0209450552
1 3 5 7  -0.0283409293
1 4 2 7  -0.0283409293
1 4 6 7  -0.0203556824
1 5 3 7  -0.0283409293
1 5 7 7  -0.0203556824
1 6 0 7  0.0491076968
1 6 4 7  -0.0203556824
1 7 1 7  0.0491076968
1 7 5 7  -0.0203556824
2 0 2 0  0.0781076688
2 0 6 0  0.0209450552
2 1 3 0  0.0781076688
2 1 7 0  0.0209450552
2 2 0 0  0.0781076688
2 2 4 0  0.0475030046
2 3 1 0  0.0781076688
2 3 5 0  0.0475030046
2 4 2 0  0.0475030046
2 4 6 0  -0.0754005170
2 5 3 0  0.0475030046
2 5 7 0  -0.0754005170
2 6 0 0  0.0209450552
2 6 4 0  -0.0754005170
2 7 1 0  0.0209450552
2 7 5 0  -0.0754005170
2 0 0 2  0.2131025629
2 0 4 2  0.0058664464
2 1 1 2  0.2131025629
2 1 5 2  0.0058664464
2 2 2 2  0.2221495675
2 2 6 2  0.0001779148
2 3 3 2  0.2221495675
2 3 7 2  0.0001779148
2 4 0 2  0.0058664464
2 4 4 2  0.2193293669
2 5 1 2  0.0058664464
2 5 5 2  0.2193293669
2 6 2 2  0.0001779148
2 6 6 2  0.2252946266
2 7 3 2  0.0001779148
2 7 7 2  0.2252946266
2 0 2 4  0.0475030046
2 0 6 4  -0.0283409293
2 1 3 4  0.0475030046
2 1 7 4  -0.0283409293
2 2 0 4  0.0475030046
2 2 4 4  0.0684575073
2 3 1 4  0.0475030046
2 3 5 4  0.0684575073
2 4 2 4  0.0684575073
2 4 6 4  -0.0482339809
2 5 3 4  0.0684575073
2 5 7 4  -0.0482339809
2 6 0 4  -0.0283409293
2 6 4 4  -0.0482339809
2 7 1 4  -0.0283409293
2 7 5 4  -0.0482339809
2 0 0 6  0.0403205094
2 0 4 6  -0.0500423205
2 1 1 6  0.0403205094
2 1 5 6  -0.0500423205
2 2 2 6  0.0001779148
2 2 6 6  0.0529042612
2 3 3 6  0.0001779148
2 3 7 6  0.0529042612
2 4 0 6  -0.0500423205
2 4 4 6  -0.0003615571
2 5 1 6  -0.0500423205
2 5 5 6  -0.0003615571
2 6 2 6  0.0529042612
2 6 6 6  0.0448825624
2 7 3 6  0.0529042612
2 7 7 6  0.0448825624
3 0 2 1  0.0781076688
3 0 6 1  0.0209450552
3 1 3 1  0.0781076688
3 1 7 1  0.0209450552
3 2 0 1  0.0781076688
3 2 4 1  0.0475030046
3 3 1 1  0.0781076688
3 3 5 1  0.0475030046
3 4 2 1  0.0475030046
3 4 6 1  -0.0754005170
3 5 3 1  0.0475030046
3 5 7 1  -0.0754005170
3 6 0 1  0.0209450552
3 6 4 1  -0.0754005170
3 7 1 1  0.0209450552
3 7 5 1  -0.0754005170
3 0 0 3  0.2131025629
3 0 4 3  0.0058664464
3 1 1 3  0.2131025629
3 1 5 3  0.0058664464
3 2 2 3  0.2221495675
3 2 6 3  0.0001779148
3 3 3 3  0.2221495675
3 3 7 3  0.0001779148
3 4 0 3  0.0058664464
3 4 4 3  0.2193293669
3 5 1 3  0.0058664464
3 5 5 3  0.2193293669
3 6 2 3  0.0001779148
3 6 6 3  0.2252946266
3 7 3 3  0.0001779148
3 7 7 3  0.2252946266
3 0 2 5  0.0475030046
3 0 6 5  -0.0283409293
3 1 3 5  0.0475030046
3 1 7 5  -0.0283409293
3 2 0 5  0.0475030046
3 2 4 5  0.0684575073
3 3 1 5  0.0475030046
3 3 5 5  0.0684575073
3 4 2 5  0.0684575073
3 4 6 5  -0.0482339809
3 5 3 5  0.0684575073
3 5 7 5  -0.0482339809
3 6 0 5  -0.0283409293
3 6 4 5  -0.0482339809
3 7 1 5  -0.0283409293
3 7 5 5  -0.0482339809
3 0 0 7  0.0403205094
3 0 4 7  -0.0500423205
3 1 1 7  0.0403205094
3 1 5 7  -0.0500423205
3 2 2 7  0.0001779148
3 2 6 7  0.0529042612
3 3 3 7  0.0001779148
3 3 7 7  0.0529042612
3 4 0 7  -0.0500423205
3 4 4 7  -0.0003615571
3 5 1 7  -0.0500423205
3 5 5 7  -0.0003615571
3 6 2 7  0.0529042612
3 6 6 7  0.0448825624
3 7 3 7  0.0529042612
3 7 7 7  0.0448825624
4 0 0 0  -0.0392582450
4 0 4 0  0.0540821682
4 1 1 0  -0.0392582450
4 1 5 0  0.0540821682
4 2 2 0  0.0058664464
4 2 6 0  -0.0500423205
4 3 3 0  0.0058664464
4 3 7 0  -0.0500423205
4 4 0 0  0.0540821682
4 4 4 0  -0.0016596952
4 5 1 0  0.0540821682
4 5 5 0  -0.0016596952
4 6 2 0  -0.0500423205
4 6 6 0  -0.0415521708
4 7 3 0  -0.0500423205
4 7 7 0  -0.0415521708
4 0 2 2  0.0475030046
4 0 6 2  -0.0283409293
4 1 3 2  0.0475030046
4 1 7 2  -0.0283409293
4 2 0 2  0.0475030046
4 2 4 2  0.0684575073
4 3 1 2  0.0475030046
4 3 5 2  0.0684575073
4 4 2 2  0.0684575073
4 4 6 2  -0.0482339809
4 5 3 2  0.0684575073
4 5 7 2  -0.0482339809
4 6 0 2  -0.0283409293
4 6 4 2  -0.0482339809
4 7 1 2  -0.0283409293
4 7 5 2  -0.0482339809
4 0 0 4  0.2174275197
4 0 4 4  -0.0016596952
4 1 1 4  0.2174275197
4 1 5 4  -0.0016596952
4 2 2 4  0.2193293669
4 2 6 4  -0.0003615571
4 3 3 4  0.2193293669
4 3 7 4  -0.0003615571
4 4 0 4  -0.0016596952
4 4 4 4  0.2282294160
4 5 1 4  -0.0016596952
4 5 5 4  0.2282294160
4 6 2 4  -0.0003615571
4 6 6 4  0.2326426849
4 7 3 4  -0.0003615571
4 7 7 4  0.2326426849
4 0 2 6  -0.0754005170
4 0 6 6  -0.0203556824
4 1 3 6  -0.0754005170
4 1 7 6  -0.0203556824
4 2 0 6  -0.0754005170
4 2 4 6  -0.0482339809
4 3 1 6  -0.0754005170
4 3 5 6  -0.0482339809
4 4 2 6  -0.0482339809
4 4 6 6  0.0812755786
4 5 3 6  -0.0482339809
4 5 7 6  0.0812755786
4 6 0 6  -0.0203556824
4 6 4 6  0.0812755786
4 7 1 6  -0.0203556824
4 7 5 6  0.0812755786
5 0 0 1  -0.0392582450
5 0 4 1  0.0540821682
5 1 1 1  -0.0392582450
5 1 5 1  0.0540821682
5 2 2 1  0.0058664464
5 2 6 1  -0.0500423205
5 3 3 1  0.0058664464
5 3 7 1  -0.0500423205
5 4 0 1  0.0540821682
5 4 4 1  -0.0016596952
5 5 1 1  0.0540821682
5 5 5 1  -0.0016596952
5 6 2 1  -0.0500423205
5 6 6 1  -0.0415521708
5 7 3 1  -0.0500423205
5 7 7 1  -0.0415521708
5 0 2 3  0.0475030046
5 0 6 3  -0.0283409293
5 1 3 3  0.0475030046
5 1 7 3  -0.0283409293
5 2 0 3  0.0475030046
5 2 4 3  0.0684575073
5 3 1 3  0.0475030046
5 3 5 3  0.0684575073
5 4 2 3  0.0684575073
5 4 6 3  -0.0482339809
5 5 3 3  0.0684575073
5 5 7 3  -0.0482339809
5 6 0 3  -0.0283409293
5 6 4 3  -0.0482339809
5 7 1 3  -0.0283409293
5 7 5 3  -0.0482339809
5 0 0 5  0.2174275197
5 0 4 5  -0.0016596952
5 1 1 5  0.2174275197
5 1 5 5  -0.0016596952
5 2 2 5  0.2193293669
5 2 6 5  -0.0003615571
5 3 3 5  0.2193293669
5 3 7 5  -0.0003615571
5 4 0 5  -0.0016596952
5 4 4 5  0.2282294160
5 5 1 5  -0.0016596952
5 5 5 5  0.2282294160
5 6 2 5  -0.0003615571
5 6 6 5  0.2326426849
5 7 3 5  -0.0003615571
5 7 7 5  0.2326426849
5 0 2 7  -0.0754005170
5 0 6 7  -0.0203556824
5 1 3 7  -0.0754005170
5 1 7 7  -0.0203556824
5 2 0 7  -0.0754005170
5 2 4 7  -0.0482339809
5 3 1 7  -0.0754005170
5 3 5 7  -0.0482339809
5 4 2 7  -0.0482339809
5 4 6 7  0.0812755786
5 5 3 7  -0.0482339809
5 5 7 7  0.0812755786
5 6 0 7  -0.0203556824
5 6 4 7  0.0812755786
5 7 1 7  -0.0203556824
5 7 5 7  0.0812755786
6 0 2 0  0.0209450552
6 0 6 0  0.0491076968
6 1 3 0  0.0209450552
6 1 7 0  0.0491076968
6 2 0 0  0.0209450552
6 2 4 0  -0.0283409293
6 3 1 0  0.0209450552
6 3 5 0  -0.0283409293
6 4 2 0  -0.0283409293
6 4 6 0  -0.0203556824
6 5 3 0  -0.0283409293
6 5 7 0  -0.0203556824
6 6 0 0  0.0491076968
6 6 4 0  -0.0203556824
6 7 1 0  0.0491076968
6 7 5 0  -0.0203556824
6 0 0 2  0.0403205094
6 0 4 2  -0.0500423205
6 1 1 2  0.0403205094
6 1 5 2  -0.0500423205
6 2 2 2  0.0001779148
6 2 6 2  0.0529042612
6 3 3 2  0.0001779148
6 3 7 2  0.0529042612
6 4 0 2  -0.0500423205
6 4 4 2  -0.0003615571
6 5 1 2  -0.0500423205
6 5 5 2  -0.0003615571
6 6 2 2  0.0529042612
6 6 6 2  0.0448825624
6 7 3 2  0.0529042612
6 7 7 2  0.0448825624
6 0 2 4  -0.0754005170
6 0 6 4  -0.0203556824
6 1 3 4  -0.0754005170
6 1 7 4  -0.0203556824
6 2 0 4  -0.0754005170
6 2 4 4  -0.0482339809
6 3 1 4  -0.0754005170
6 3 5 4  -0.0482339809
6 4 2 4  -0.0482339809
6 4 6 4  0.0812755786
6 5 3 4  -0.0482339809
6 5 7 4  0.0812755786
6 6 0 4  -0.0203556824
6 6 4 4  0.0812755786
6 7 1 4  -0.0203556824
6 7 5 4  0.0812755786
6 0 0 6  0.2536905756
6 0 4 6  -0.0415521708
6 1 1 6  0.2536905756
6 1 5 6  -0.0415521708
6 2 2 6  0.2252946266
6 2 6 6  0.0448825624
6 3 3 6  0.2252946266
6 3 7 6  0.0448825624
6 4 0 6  -0.0415521708
6 4 4 6  0.2326426849
6 5 1 6  -0.0415521708
6 5 5 6  0.2326426849
6 6 2 6  0.0448825624
6 6 6 6  0.2798183113
6 7 3 6  0.0448825624
6 7 7 6  0.2798183113
7 0 2 1  0.0209450552
7 0 6 1  0.0491076968
7 1 3 1  0.0209450552
7 1 7 1  0.0491076968
7 2 0 1  0.0209450552
7 2 4 1  -0.0283409293
7 3 1 1  0.0209450552
7 3 5 1  -0.0283409293
7 4 2 1  -0.0283409293
7 4 6 1  -0.0203556824
7 5 3 1  -0.0283409293
7 5 7 1  -0.0203556824
7 6 0 1  0.0491076968
7 6 4 1  -0.0203556824
7 7 1 1  0.0491076968
7 7 5 1  -0.0203556824
7 0 0 3  0.0403205094
7 0 4 3  -0.0500423205
7 1 1 3  0.0403205094
7 1 5 3  -0.0500423205
7 2 2 3  0.0001779148
7 2 6 3  0.0529042612
7 3 3 3  0.0001779148
7 3 7 3  0.0529042612
7 4 0 3  -0.0500423205
7 4 4 3  -0.0003615571
7 5 1 3  -0.0500423205
7 5 5 3  -0.0003615571
7 6 2 3  0.0529042612
7 6 6 3  0.0448825624
7 7 3 3  0.0529042612
7 7 7 3  0.0448825624
7 0 2 5  -0.0754005170
7 0 6 5  -0.0203556824
7 1 3 5  -0.0754005170
7 1 7 5  -0.0203556824
7 2 0 5  -0.0754005170
7 2 4 5  -0.0482339809
7 3 1 5  -0.0754005170
7 3 5 5  -0.0482339809
7 4 2 5  -0.0482339809
7 4 6 5  0.0812755786
7 5 3 5  -0.0482339809
7 5 7 5  0.0812755786
7 6 0 5  -0.0203556824
7 6 4 5  0.0812755786
7 7 1 5  -0.0203556824
7 7 5 5  0.0812755786
7 0 0 7  0.2536905756
7 0 4 7  -0.0415521708
7 1 1 7  0.2536905756
7 1 5 7  -0.0415521708
7 2 2 7  0.2252946266
7 2 6 7  0.0448825624
7 3 3 7  0.2252946266
7 3 7 7  0.0448825624
7 4 0 7  -0.0415521708
7 4 4 7  0.2326426849
7 5 1 7  -0.0415521708
7 5 5 7  0.2326426849
7 6 2 7  0.0448825624
7 6 6 7  0.2798183113
7 7 3 7  0.0448825624
7 7 7 7  0.2798183113

 E(FCI) = -2.1489029466

 E(HF)  = -2.0729959056
