 MO Integrals

2.5383888293
0 0  -1.9666145090
0 4  0.0343333652
1 1  -1.9666145090
1 5  0.0343333652
2 2  -1.5856284192
2 6  -0.0284767804
3 3  -1.5856284192
3 7  -0.0284767804
4 0  0.0343333652
4 4  -1.4724337800
5 1  0.0343333652
5 5  -1.4724337800
6 2  -0.0284767804
6 6  -1.0750026519
7 3  -0.0284767804
7 7  -1.0750026519
0 0 0 0  0.2538286570
0 0 4 0  -0.0165326839
0 1 1 0  0.2538286570
0 1 5 0  -0.0165326839
0 2 2 0  0.2423751517
0 2 6 0  0.0164353334
0 3 3 0  0.2423751517
0 3 7 0  0.0164353334
0 4 0 0  -0.0165326839
0 4 4 0  0.2419980772
0 5 1 0  -0.0165326839
0 5 5 0  0.2419980772
0 6 2 0  0.0164353334
0 6 6 0  0.2508621403
0 7 3 0  0.0164353334
0 7 7 0  0.2508621403
0 0 2 2  0.0699394885
0 0 6 2  0.0105075676
0 1 3 2  0.0699394885
0 1 7 2  0.0105075676
0 2 0 2  0.0699394885
0 2 4 2  0.0179390003
0 3 1 2  0.0699394885
0 3 5 2  0.0179390003
0 4 2 2  0.0179390003
0 4 6 2  -0.0693768025
0 5 3 2  0.0179390003
0 5 7 2  -0.0693768025
0 6 0 2  0.0105075676
0 6 4 2  -0.0693768025
0 7 1 2  0.0105075676
0 7 5 2  -0.0693768025
0 0 0 4  -0.0165326839
0 0 4 4  0.0624477047
0 1 1 4  -0.0165326839
0 1 5 4  0.0624477047
0 2 2 4  0.0086523819
0 2 6 4  -0.0618015297
0 3 3 4  0.0086523819
0 3 7 4  -0.0618015297
0 4 0 4  0.0624477047
0 4 4 4  0.0018325585
0 5 1 4  0.0624477047
0 5 5 4  0.0018325585
0 6 2 4  -0.0618015297
0 6 6 4  -0.0199562032
0 7 3 4  -0.0618015297
0 7 7 4  -0.0199562032
0 0 2 6  0.0105075676
0 0 6 6  0.0422610184
0 1 3 6  0.0105075676
0 1 7 6  0.0422610184
0 2 0 6  0.0105075676
0 2 4 6  -0.0381470603
0 3 1 6  0.0105075676
0 3 5 6  -0.0381470603
0 4 2 6  -0.0381470603
0 4 6 6  -0.0123069236
0 5 3 6  -0.0381470603
0 5 7 6  -0.0123069236
0 6 0 6  0.0422610184
0 6 4 6  -0.0123069236
0 7 1 6  0.0422610184
0 7 5 6  -0.0123069236
1 0 0 1  0.2538286570
1 0 4 1  -0.0165326839
1 1 1 1  0.2538286570
1 1 5 1  -0.0165326839
1 2 2 1  0.2423751517
1 2 6 1  0.0164353334
1 3 3 1  0.2423751517
1 3 7 1  0.0164353334
1 4 0 1  -0.0165326839
1 4 4 1  0.2419980772
1 5 1 1  -0.0165326839
1 5 5 1  0.2419980772
1 6 2 1  0.0164353334
1 6 6 1  0.2508621403
1 7 3 1  0.0164353334
1 7 7 1  0.2508621403
1 0 2 3  0.0699394885
1 0 6 3  0.0105075676
1 1 3 3  0.0699394885
1 1 7 3  0.0105075676
1 2 0 3  0.0699394885
1 2 4 3  0.0179390003
1 3 1 3  0.0699394885
1 3 5 3  0.0179390003
1 4 2 3  0.0179390003
1 4 6 3  -0.0693768025
1 5 3 3  0.0179390003
1 5 7 3  -0.0693768025
1 6 0 3  0.0105075676
1 6 4 3  -0.0693768025
1 7 1 3  0.0105075676
1 7 5 3  -0.0693768025
1 0 0 5  -0.0165326839
1 0 4 5  0.0624477047
1 1 1 5  -0.0165326839
1 1 5 5  0.0624477047
1 2 2 5  0.0086523819
1 2 6 5  -0.0618015297
1 3 3 5  0.0086523819
1 3 7 5  -0.0618015297
1 4 0 5  0.0624477047
1 4 4 5  0.0018325585
1 5 1 5  0.0624477047
1 5 5 5  0.0018325585
1 6 2 5  -0.0618015297
1 6 6 5  -0.0199562032
1 7 3 5  -0.0618015297
1 7 7 5  -0.0199562032
1 0 2 7  0.0105075676
1 0 6 7  0.0422610184
1 1 3 7  0.0105075676
1 1 7 7  0.0422610184
1 2 0 7  0.0105075676
1 2 4 7  -0.0381470603
1 3 1 7  0.0105075676
1 3 5 7  -0.0381470603
1 4 2 7  -0.0381470603
1 4 6 7  -0.0123069236
1 5 3 7  -0.0381470603
1 5 7 7  -0.0123069236
1 6 0 7  0.0422610184
1 6 4 7  -0.0123069236
1 7 1 7  0.0422610184
1 7 5 7  -0.0123069236
2 0 2 0  0.0699394885
2 0 6 0  0.0105075676
2 1 3 0  0.0699394885
2 1 7 0  0.0105075676
2 2 0 0  0.0699394885
2 2 4 0  0.0179390003
2 3 1 0  0.0699394885
2 3 5 0  0.0179390003
2 4 2 0  0.0179390003
2 4 6 0  -0.0693768025
2 5 3 0  0.0179390003
2 5 7 0  -0.0693768025
2 6 0 0  0.0105075676
2 6 4 0  -0.0693768025
2 7 1 0  0.0105075676
2 7 5 0  -0.0693768025
2 0 0 2  0.2423751517
2 0 4 2  0.0086523819
2 1 1 2  0.2423751517
2 1 5 2  0.0086523819
2 2 2 2  0.2501581069
2 2 6 2  -0.0081244256
2 3 3 2  0.2501581069
2 3 7 2  -0.0081244256
2 4 0 2  0.0086523819
2 4 4 2  0.2403644516
2 5 1 2  0.0086523819
2 5 5 2  0.2403644516
2 6 2 2  -0.0081244256
2 6 6 2  0.2472012376
2 7 3 2  -0.0081244256
2 7 7 2  0.2472012376
2 0 2 4  0.0179390003
2 0 6 4  -0.0381470603
2 1 3 4  0.0179390003
2 1 7 4  -0.0381470603
2 2 0 4  0.0179390003
2 2 4 4  0.0458375958
2 3 1 4  0.0179390003
2 3 5 4  0.0458375958
2 4 2 4  0.0458375958
2 4 6 4  -0.0171346951
2 5 3 4  0.0458375958
2 5 7 4  -0.0171346951
2 6 0 4  -0.0381470603
2 6 4 4  -0.0171346951
2 7 1 4  -0.0381470603
2 7 5 4  -0.0171346951
2 0 0 6  0.0164353334
2 0 4 6  -0.0618015297
2 1 1 6  0.0164353334
2 1 5 6  -0.0618015297
2 2 2 6  -0.0081244256
2 2 6 6  0.0672337782
2 3 3 6  -0.0081244256
2 3 7 6  0.0672337782
2 4 0 6  -0.0618015297
2 4 4 6  -0.0046619668
2 5 1 6  -0.0618015297
2 5 5 6  -0.0046619668
2 6 2 6  0.0672337782
2 6 6 6  0.0205988025
2 7 3 6  0.0672337782
2 7 7 6  0.0205988025
3 0 2 1  0.0699394885
3 0 6 1  0.0105075676
3 1 3 1  0.0699394885
3 1 7 1  0.0105075676
3 2 0 1  0.0699394885
3 2 4 1  0.0179390003
3 3 1 1  0.0699394885
3 3 5 1  0.0179390003
3 4 2 1  0.0179390003
3 4 6 1  -0.0693768025
3 5 3 1  0.0179390003
3 5 7 1  -0.0693768025
3 6 0 1  0.0105075676
3 6 4 1  -0.0693768025
3 7 1 1  0.0105075676
3 7 5 1  -0.0693768025
3 0 0 3  0.2423751517
3 0 4 3  0.0086523819
3 1 1 3  0.2423751517
3 1 5 3  0.0086523819
3 2 2 3  0.2501581069
3 2 6 3  -0.0081244256
3 3 3 3  0.2501581069
3 3 7 3  -0.0081244256
3 4 0 3  0.0086523819
3 4 4 3  0.2403644516
3 5 1 3  0.0086523819
3 5 5 3  0.2403644516
3 6 2 3  -0.0081244256
3 6 6 3  0.2472012376
3 7 3 3  -0.0081244256
3 7 7 3  0.2472012376
3 0 2 5  0.0179390003
3 0 6 5  -0.0381470603
3 1 3 5  0.0179390003
3 1 7 5  -0.0381470603
3 2 0 5  0.0179390003
3 2 4 5  0.0458375958
3 3 1 5  0.0179390003
3 3 5 5  0.0458375958
3 4 2 5  0.0458375958
3 4 6 5  -0.0171346951
3 5 3 5  0.0458375958
3 5 7 5  -0.0171346951
3 6 0 5  -0.0381470603
3 6 4 5  -0.0171346951
3 7 1 5  -0.0381470603
3 7 5 5  -0.0171346951
3 0 0 7  0.0164353334
3 0 4 7  -0.0618015297
3 1 1 7  0.0164353334
3 1 5 7  -0.0618015297
3 2 2 7  -0.0081244256
3 2 6 7  0.0672337782
3 3 3 7  -0.0081244256
3 3 7 7  0.0672337782
3 4 0 7  -0.0618015297
3 4 4 7  -0.0046619668
3 5 1 7  -0.0618015297
3 5 5 7  -0.0046619668
3 6 2 7  0.0672337782
3 6 6 7  0.0205988025
3 7 3 7  0.0672337782
3 7 7 7  0.0205988025
4 0 0 0  -0.0165326839
4 0 4 0  0.0624477047
4 1 1 0  -0.0165326839
4 1 5 0  0.0624477047
4 2 2 0  0.0086523819
4 2 6 0  -0.0618015297
4 3 3 0  0.0086523819
4 3 7 0  -0.0618015297
4 4 0 0  0.0624477047
4 4 4 0  0.0018325585
4 5 1 0  0.0624477047
4 5 5 0  0.0018325585
4 6 2 0  -0.0618015297
4 6 6 0  -0.0199562032
4 7 3 0  -0.0618015297
4 7 7 0  -0.0199562032
4 0 2 2  0.0179390003
4 0 6 2  -0.0381470603
4 1 3 2  0.0179390003
4 1 7 2  -0.0381470603
4 2 0 2  0.0179390003
4 2 4 2  0.0458375958
4 3 1 2  0.0179390003
4 3 5 2  0.0458375958
4 4 2 2  0.0458375958
4 4 6 2  -0.0171346951
4 5 3 2  0.0458375958
4 5 7 2  -0.0171346951
4 6 0 2  -0.0381470603
4 6 4 2  -0.0171346951
4 7 1 2  -0.0381470603
4 7 5 2  -0.0171346951
4 0 0 4  0.2419980772
4 0 4 4  0.0018325585
4 1 1 4  0.2419980772
4 1 5 4  0.0018325585
4 2 2 4  0.2403644516
4 2 6 4  -0.0046619668
4 3 3 4  0.2403644516
4 3 7 4  -0.0046619668
4 4 0 4  0.0018325585
4 4 4 4  0.2467200979
4 5 1 4  0.0018325585
4 5 5 4  0.2467200979
4 6 2 4  -0.0046619668
4 6 6 4  0.2484803378
4 7 3 4  -0.0046619668
4 7 7 4  0.2484803378
4 0 2 6  -0.0693768025
4 0 6 6  -0.0123069236
4 1 3 6  -0.0693768025
4 1 7 6  -0.0123069236
4 2 0 6  -0.0693768025
4 2 4 6  -0.0171346951
4 3 1 6  -0.0693768025
4 3 5 6  -0.0171346951
4 4 2 6  -0.0171346951
4 4 6 6  0.0763706786
4 5 3 6  -0.0171346951
4 5 7 6  0.0763706786
4 6 0 6  -0.0123069236
4 6 4 6  0.0763706786
4 7 1 6  -0.0123069236
4 7 5 6  0.0763706786
5 0 0 1  -0.0165326839
5 0 4 1  0.0624477047
5 1 1 1  -0.0165326839
5 1 5 1  0.0624477047
5 2 2 1  0.0086523819
5 2 6 1  -0.0618015297
5 3 3 1  0.0086523819
5 3 7 1  -0.0618015297
5 4 0 1  0.0624477047
5 4 4 1  0.0018325585
5 5 1 1  0.0624477047
5 5 5 1  0.0018325585
5 6 2 1  -0.0618015297
5 6 6 1  -0.0199562032
5 7 3 1  -0.0618015297
5 7 7 1  -0.0199562032
5 0 2 3  0.0179390003
5 0 6 3  -0.0381470603
5 1 3 3  0.0179390003
5 1 7 3  -0.0381470603
5 2 0 3  0.0179390003
5 2 4 3  0.0458375958
5 3 1 3  0.0179390003
5 3 5 3  0.0458375958
5 4 2 3  0.0458375958
5 4 6 3  -0.0171346951
5 5 3 3  0.0458375958
5 5 7 3  -0.0171346951
5 6 0 3  -0.0381470603
5 6 4 3  -0.0171346951
5 7 1 3  -0.0381470603
5 7 5 3  -0.0171346951
5 0 0 5  0.2419980772
5 0 4 5  0.0018325585
5 1 1 5  0.2419980772
5 1 5 5  0.0018325585
5 2 2 5  0.2403644516
5 2 6 5  -0.0046619668
5 3 3 5  0.2403644516
5 3 7 5  -0.0046619668
5 4 0 5  0.0018325585
5 4 4 5  0.2467200979
5 5 1 5  0.0018325585
5 5 5 5  0.2467200979
5 6 2 5  -0.0046619668
5 6 6 5  0.2484803378
5 7 3 5  -0.0046619668
5 7 7 5  0.2484803378
5 0 2 7  -0.0693768025
5 0 6 7  -0.0123069236
5 1 3 7  -0.0693768025
5 1 7 7  -0.0123069236
5 2 0 7  -0.0693768025
5 2 4 7  -0.0171346951
5 3 1 7  -0.0693768025
5 3 5 7  -0.0171346951
5 4 2 7  -0.0171346951
5 4 6 7  0.0763706786
5 5 3 7  -0.0171346951
5 5 7 7  0.0763706786
5 6 0 7  -0.0123069236
5 6 4 7  0.0763706786
5 7 1 7  -0.0123069236
5 7 5 7  0.0763706786
6 0 2 0  0.0105075676
6 0 6 0  0.0422610184
6 1 3 0  0.0105075676
6 1 7 0  0.0422610184
6 2 0 0  0.0105075676
6 2 4 0  -0.0381470603
6 3 1 0  0.0105075676
6 3 5 0  -0.0381470603
6 4 2 0  -0.0381470603
6 4 6 0  -0.0123069236
6 5 3 0  -0.0381470603
6 5 7 0  -0.0123069236
6 6 0 0  0.0422610184
6 6 4 0  -0.0123069236
6 7 1 0  0.0422610184
6 7 5 0  -0.0123069236
6 0 0 2  0.0164353334
6 0 4 2  -0.0618015297
6 1 1 2  0.0164353334
6 1 5 2  -0.0618015297
6 2 2 2  -0.0081244256
6 2 6 2  0.0672337782
6 3 3 2  -0.0081244256
6 3 7 2  0.0672337782
6 4 0 2  -0.0618015297
6 4 4 2  -0.0046619668
6 5 1 2  -0.0618015297
6 5 5 2  -0.0046619668
6 6 2 2  0.0672337782
6 6 6 2  0.0205988025
6 7 3 2  0.0672337782
6 7 7 2  0.0205988025
6 0 2 4  -0.0693768025
6 0 6 4  -0.0123069236
6 1 3 4  -0.0693768025
6 1 7 4  -0.0123069236
6 2 0 4  -0.0693768025
6 2 4 4  -0.0171346951
6 3 1 4  -0.0693768025
6 3 5 4  -0.0171346951
6 4 2 4  -0.0171346951
6 4 6 4  0.0763706786
6 5 3 4  -0.0171346951
6 5 7 4  0.0763706786
6 6 0 4  -0.0123069236
6 6 4 4  0.0763706786
6 7 1 4  -0.0123069236
6 7 5 4  0.0763706786
6 0 0 6  0.2508621403
6 0 4 6  -0.0199562032
6 1 1 6  0.2508621403
6 1 5 6  -0.0199562032
6 2 2 6  0.2472012376
6 2 6 6  0.0205988025
6 3 3 6  0.2472012376
6 3 7 6  0.0205988025
6 4 0 6  -0.0199562032
6 4 4 6  0.2484803378
6 5 1 6  -0.0199562032
6 5 5 6  0.2484803378
6 6 2 6  0.0205988025
6 6 6 6  0.2666620113
6 7 3 6  0.0205988025
6 7 7 6  0.2666620113
7 0 2 1  0.0105075676
7 0 6 1  0.0422610184
7 1 3 1  0.0105075676
7 1 7 1  0.0422610184
7 2 0 1  0.0105075676
7 2 4 1  -0.0381470603
7 3 1 1  0.0105075676
7 3 5 1  -0.0381470603
7 4 2 1  -0.0381470603
7 4 6 1  -0.0123069236
7 5 3 1  -0.0381470603
7 5 7 1  -0.0123069236
7 6 0 1  0.0422610184
7 6 4 1  -0.0123069236
7 7 1 1  0.0422610184
7 7 5 1  -0.0123069236
7 0 0 3  0.0164353334
7 0 4 3  -0.0618015297
7 1 1 3  0.0164353334
7 1 5 3  -0.0618015297
7 2 2 3  -0.0081244256
7 2 6 3  0.0672337782
7 3 3 3  -0.0081244256
7 3 7 3  0.0672337782
7 4 0 3  -0.0618015297
7 4 4 3  -0.0046619668
7 5 1 3  -0.0618015297
7 5 5 3  -0.0046619668
7 6 2 3  0.0672337782
7 6 6 3  0.0205988025
7 7 3 3  0.0672337782
7 7 7 3  0.0205988025
7 0 2 5  -0.0693768025
7 0 6 5  -0.0123069236
7 1 3 5  -0.0693768025
7 1 7 5  -0.0123069236
7 2 0 5  -0.0693768025
7 2 4 5  -0.0171346951
7 3 1 5  -0.0693768025
7 3 5 5  -0.0171346951
7 4 2 5  -0.0171346951
7 4 6 5  0.0763706786
7 5 3 5  -0.0171346951
7 5 7 5  0.0763706786
7 6 0 5  -0.0123069236
7 6 4 5  0.0763706786
7 7 1 5  -0.0123069236
7 7 5 5  0.0763706786
7 0 0 7  0.2508621403
7 0 4 7  -0.0199562032
7 1 1 7  0.2508621403
7 1 5 7  -0.0199562032
7 2 2 7  0.2472012376
7 2 6 7  0.0205988025
7 3 3 7  0.2472012376
7 3 7 7  0.0205988025
7 4 0 7  -0.0199562032
7 4 4 7  0.2484803378
7 5 1 7  -0.0199562032
7 5 5 7  0.2484803378
7 6 2 7  0.0205988025
7 6 6 7  0.2666620113
7 7 3 7  0.0205988025
7 7 7 7  0.2666620113

 E(FCI) = -2.0047062707

 E(HF)  = -1.8988802398
