 MO Integrals

2.2483028814
0 0  -1.8183029865
0 2  0.0869107751
0 4  0.0869107751
1 1  -1.8183029865
1 3  0.0869107751
1 5  0.0869107751
2 0  0.0869107751
2 2  -1.3964013986
2 4  0.1365698525
2 6  -0.0722550837
3 1  0.0869107751
3 3  -1.3964013986
3 5  0.1365698525
3 7  -0.0722550837
4 0  0.0869107751
4 2  0.1365698525
4 4  -1.3964013986
4 6  0.0722550837
5 1  0.0869107751
5 3  0.1365698525
5 5  -1.3964013986
5 7  0.0722550837
6 2  -0.0722550837
6 4  0.0722550837
6 6  -0.9927118525
7 3  -0.0722550837
7 5  0.0722550837
7 7  -0.9927118525
0 0 0 0  0.2472464995
0 0 2 0  -0.0260584544
0 0 4 0  -0.0260584544
0 1 1 0  0.2472464995
0 1 3 0  -0.0260584544
0 1 5 0  -0.0260584544
0 2 0 0  -0.0260584544
0 2 2 0  0.2195296799
0 2 4 0  0.0017713801
0 2 6 0  0.0260877912
0 3 1 0  -0.0260584544
0 3 3 0  0.2195296799
0 3 5 0  0.0017713801
0 3 7 0  0.0260877912
0 4 0 0  -0.0260584544
0 4 2 0  0.0017713801
0 4 4 0  0.2195296799
0 4 6 0  -0.0260877912
0 5 1 0  -0.0260584544
0 5 3 0  0.0017713801
0 5 5 0  0.2195296799
0 5 7 0  -0.0260877912
0 6 2 0  0.0260877912
0 6 4 0  -0.0260877912
0 6 6 0  0.2540307138
0 7 3 0  0.0260877912
0 7 5 0  -0.0260877912
0 7 7 0  0.2540307138
0 0 0 2  -0.0260584544
0 0 2 2  0.0637634135
0 0 4 2  -0.0100674130
0 0 6 2  0.0149250529
0 1 1 2  -0.0260584544
0 1 3 2  0.0637634135
0 1 5 2  -0.0100674130
0 1 7 2  0.0149250529
0 2 0 2  0.0637634135
0 2 2 2  0.0342290017
0 2 4 2  -0.0031348130
0 2 6 2  -0.0609192431
0 3 1 2  0.0637634135
0 3 3 2  0.0342290017
0 3 5 2  -0.0031348130
0 3 7 2  -0.0609192431
0 4 0 2  -0.0100674130
0 4 2 2  -0.0031348130
0 4 4 2  -0.0282234312
0 4 6 2  -0.0108498338
0 5 1 2  -0.0100674130
0 5 3 2  -0.0031348130
0 5 5 2  -0.0282234312
0 5 7 2  -0.0108498338
0 6 0 2  0.0149250529
0 6 2 2  -0.0609192431
0 6 4 2  -0.0108498338
0 6 6 2  -0.0286763712
0 7 1 2  0.0149250529
0 7 3 2  -0.0609192431
0 7 5 2  -0.0108498338
0 7 7 2  -0.0286763712
0 0 0 4  -0.0260584544
0 0 2 4  -0.0100674130
0 0 4 4  0.0637634135
0 0 6 4  -0.0149250529
0 1 1 4  -0.0260584544
0 1 3 4  -0.0100674130
0 1 5 4  0.0637634135
0 1 7 4  -0.0149250529
0 2 0 4  -0.0100674130
0 2 2 4  -0.0282234312
0 2 4 4  -0.0031348130
0 2 6 4  0.0108498338
0 3 1 4  -0.0100674130
0 3 3 4  -0.0282234312
0 3 5 4  -0.0031348130
0 3 7 4  0.0108498338
0 4 0 4  0.0637634135
0 4 2 4  -0.0031348130
0 4 4 4  0.0342290017
0 4 6 4  0.0609192431
0 5 1 4  0.0637634135
0 5 3 4  -0.0031348130
0 5 5 4  0.0342290017
0 5 7 4  0.0609192431
0 6 0 4  -0.0149250529
0 6 2 4  0.0108498338
0 6 4 4  0.0609192431
0 6 6 4  -0.0286763712
0 7 1 4  -0.0149250529
0 7 3 4  0.0108498338
0 7 5 4  0.0609192431
0 7 7 4  -0.0286763712
0 0 2 6  0.0149250529
0 0 4 6  -0.0149250529
0 0 6 6  0.0492122004
0 1 3 6  0.0149250529
0 1 5 6  -0.0149250529
0 1 7 6  0.0492122004
0 2 0 6  0.0149250529
0 2 2 6  -0.0288571101
0 2 6 6  -0.0156819237
0 3 1 6  0.0149250529
0 3 3 6  -0.0288571101
0 3 7 6  -0.0156819237
0 4 0 6  -0.0149250529
0 4 4 6  0.0288571101
0 4 6 6  -0.0156819237
0 5 1 6  -0.0149250529
0 5 5 6  0.0288571101
0 5 7 6  -0.0156819237
0 6 0 6  0.0492122004
0 6 2 6  -0.0156819237
0 6 4 6  -0.0156819237
0 7 1 6  0.0492122004
0 7 3 6  -0.0156819237
0 7 5 6  -0.0156819237
1 0 0 1  0.2472464995
1 0 2 1  -0.0260584544
1 0 4 1  -0.0260584544
1 1 1 1  0.2472464995
1 1 3 1  -0.0260584544
1 1 5 1  -0.0260584544
1 2 0 1  -0.0260584544
1 2 2 1  0.2195296799
1 2 4 1  0.0017713801
1 2 6 1  0.0260877912
1 3 1 1  -0.0260584544
1 3 3 1  0.2195296799
1 3 5 1  0.0017713801
1 3 7 1  0.0260877912
1 4 0 1  -0.0260584544
1 4 2 1  0.0017713801
1 4 4 1  0.2195296799
1 4 6 1  -0.0260877912
1 5 1 1  -0.0260584544
1 5 3 1  0.0017713801
1 5 5 1  0.2195296799
1 5 7 1  -0.0260877912
1 6 2 1  0.0260877912
1 6 4 1  -0.0260877912
1 6 6 1  0.2540307138
1 7 3 1  0.0260877912
1 7 5 1  -0.0260877912
1 7 7 1  0.2540307138
1 0 0 3  -0.0260584544
1 0 2 3  0.0637634135
1 0 4 3  -0.0100674130
1 0 6 3  0.0149250529
1 1 1 3  -0.0260584544
1 1 3 3  0.0637634135
1 1 5 3  -0.0100674130
1 1 7 3  0.0149250529
1 2 0 3  0.0637634135
1 2 2 3  0.0342290017
1 2 4 3  -0.0031348130
1 2 6 3  -0.0609192431
1 3 1 3  0.0637634135
1 3 3 3  0.0342290017
1 3 5 3  -0.0031348130
1 3 7 3  -0.0609192431
1 4 0 3  -0.0100674130
1 4 2 3  -0.0031348130
1 4 4 3  -0.0282234312
1 4 6 3  -0.0108498338
1 5 1 3  -0.0100674130
1 5 3 3  -0.0031348130
1 5 5 3  -0.0282234312
1 5 7 3  -0.0108498338
1 6 0 3  0.0149250529
1 6 2 3  -0.0609192431
1 6 4 3  -0.0108498338
1 6 6 3  -0.0286763712
1 7 1 3  0.0149250529
1 7 3 3  -0.0609192431
1 7 5 3  -0.0108498338
1 7 7 3  -0.0286763712
1 0 0 5  -0.0260584544
1 0 2 5  -0.0100674130
1 0 4 5  0.0637634135
1 0 6 5  -0.0149250529
1 1 1 5  -0.0260584544
1 1 3 5  -0.0100674130
1 1 5 5  0.0637634135
1 1 7 5  -0.0149250529
1 2 0 5  -0.0100674130
1 2 2 5  -0.0282234312
1 2 4 5  -0.0031348130
1 2 6 5  0.0108498338
1 3 1 5  -0.0100674130
1 3 3 5  -0.0282234312
1 3 5 5  -0.0031348130
1 3 7 5  0.0108498338
1 4 0 5  0.0637634135
1 4 2 5  -0.0031348130
1 4 4 5  0.0342290017
1 4 6 5  0.0609192431
1 5 1 5  0.0637634135
1 5 3 5  -0.0031348130
1 5 5 5  0.0342290017
1 5 7 5  0.0609192431
1 6 0 5  -0.0149250529
1 6 2 5  0.0108498338
1 6 4 5  0.0609192431
1 6 6 5  -0.0286763712
1 7 1 5  -0.0149250529
1 7 3 5  0.0108498338
1 7 5 5  0.0609192431
1 7 7 5  -0.0286763712
1 0 2 7  0.0149250529
1 0 4 7  -0.0149250529
1 0 6 7  0.0492122004
1 1 3 7  0.0149250529
1 1 5 7  -0.0149250529
1 1 7 7  0.0492122004
1 2 0 7  0.0149250529
1 2 2 7  -0.0288571101
1 2 6 7  -0.0156819237
1 3 1 7  0.0149250529
1 3 3 7  -0.0288571101
1 3 7 7  -0.0156819237
1 4 0 7  -0.0149250529
1 4 4 7  0.0288571101
1 4 6 7  -0.0156819237
1 5 1 7  -0.0149250529
1 5 5 7  0.0288571101
1 5 7 7  -0.0156819237
1 6 0 7  0.0492122004
1 6 2 7  -0.0156819237
1 6 4 7  -0.0156819237
1 7 1 7  0.0492122004
1 7 3 7  -0.0156819237
1 7 5 7  -0.0156819237
2 0 0 0  -0.0260584544
2 0 2 0  0.0637634135
2 0 4 0  -0.0100674130
2 0 6 0  0.0149250529
2 1 1 0  -0.0260584544
2 1 3 0  0.0637634135
2 1 5 0  -0.0100674130
2 1 7 0  0.0149250529
2 2 0 0  0.0637634135
2 2 2 0  0.0342290017
2 2 4 0  -0.0031348130
2 2 6 0  -0.0609192431
2 3 1 0  0.0637634135
2 3 3 0  0.0342290017
2 3 5 0  -0.0031348130
2 3 7 0  -0.0609192431
2 4 0 0  -0.0100674130
2 4 2 0  -0.0031348130
2 4 4 0  -0.0282234312
2 4 6 0  -0.0108498338
2 5 1 0  -0.0100674130
2 5 3 0  -0.0031348130
2 5 5 0  -0.0282234312
2 5 7 0  -0.0108498338
2 6 0 0  0.0149250529
2 6 2 0  -0.0609192431
2 6 4 0  -0.0108498338
2 6 6 0  -0.0286763712
2 7 1 0  0.0149250529
2 7 3 0  -0.0609192431
2 7 5 0  -0.0108498338
2 7 7 0  -0.0286763712
2 0 0 2  0.2195296799
2 0 2 2  0.0342290017
2 0 4 2  -0.0282234312
2 0 6 2  -0.0288571101
2 1 1 2  0.2195296799
2 1 3 2  0.0342290017
2 1 5 2  -0.0282234312
2 1 7 2  -0.0288571101
2 2 0 2  0.0342290017
2 2 2 2  0.2944319745
2 2 4 2  0.0006246747
2 2 6 2  -0.0335627499
2 3 1 2  0.0342290017
2 3 3 2  0.2944319745
2 3 5 2  0.0006246747
2 3 7 2  -0.0335627499
2 4 0 2  -0.0282234312
2 4 2 2  0.0006246747
2 4 4 2  0.1600912689
2 4 6 2  -0.0286449362
2 5 1 2  -0.0282234312
2 5 3 2  0.0006246747
2 5 5 2  0.1600912689
2 5 7 2  -0.0286449362
2 6 0 2  -0.0288571101
2 6 2 2  -0.0335627499
2 6 4 2  -0.0286449362
2 6 6 2  0.2294381833
2 7 1 2  -0.0288571101
2 7 3 2  -0.0335627499
2 7 5 2  -0.0286449362
2 7 7 2  0.2294381833
2 0 0 4  0.0017713801
2 0 2 4  -0.0031348130
2 0 4 4  -0.0031348130
2 1 1 4  0.0017713801
2 1 3 4  -0.0031348130
2 1 5 4  -0.0031348130
2 2 0 4  -0.0031348130
2 2 2 4  0.0006246747
2 2 4 4  0.0028400941
2 2 6 4  0.0004356577
2 3 1 4  -0.0031348130
2 3 3 4  0.0006246747
2 3 5 4  0.0028400941
2 3 7 4  0.0004356577
2 4 0 4  -0.0031348130
2 4 2 4  0.0028400941
2 4 4 4  0.0006246747
2 4 6 4  -0.0004356577
2 5 1 4  -0.0031348130
2 5 3 4  0.0028400941
2 5 5 4  0.0006246747
2 5 7 4  -0.0004356577
2 6 2 4  0.0004356577
2 6 4 4  -0.0004356577
2 6 6 4  0.0034201829
2 7 3 4  0.0004356577
2 7 5 4  -0.0004356577
2 7 7 4  0.0034201829
2 0 0 6  0.0260877912
2 0 2 6  -0.0609192431
2 0 4 6  0.0108498338
2 0 6 6  -0.0156819237
2 1 1 6  0.0260877912
2 1 3 6  -0.0609192431
2 1 5 6  0.0108498338
2 1 7 6  -0.0156819237
2 2 0 6  -0.0609192431
2 2 2 6  -0.0335627499
2 2 4 6  0.0004356577
2 2 6 6  0.0654908336
2 3 1 6  -0.0609192431
2 3 3 6  -0.0335627499
2 3 5 6  0.0004356577
2 3 7 6  0.0654908336
2 4 0 6  0.0108498338
2 4 2 6  0.0004356577
2 4 4 6  0.0286449362
2 4 6 6  0.0125832492
2 5 1 6  0.0108498338
2 5 3 6  0.0004356577
2 5 5 6  0.0286449362
2 5 7 6  0.0125832492
2 6 0 6  -0.0156819237
2 6 2 6  0.0654908336
2 6 4 6  0.0125832492
2 6 6 6  0.0301357135
2 7 1 6  -0.0156819237
2 7 3 6  0.0654908336
2 7 5 6  0.0125832492
2 7 7 6  0.0301357135
3 0 0 1  -0.0260584544
3 0 2 1  0.0637634135
3 0 4 1  -0.0100674130
3 0 6 1  0.0149250529
3 1 1 1  -0.0260584544
3 1 3 1  0.0637634135
3 1 5 1  -0.0100674130
3 1 7 1  0.0149250529
3 2 0 1  0.0637634135
3 2 2 1  0.0342290017
3 2 4 1  -0.0031348130
3 2 6 1  -0.0609192431
3 3 1 1  0.0637634135
3 3 3 1  0.0342290017
3 3 5 1  -0.0031348130
3 3 7 1  -0.0609192431
3 4 0 1  -0.0100674130
3 4 2 1  -0.0031348130
3 4 4 1  -0.0282234312
3 4 6 1  -0.0108498338
3 5 1 1  -0.0100674130
3 5 3 1  -0.0031348130
3 5 5 1  -0.0282234312
3 5 7 1  -0.0108498338
3 6 0 1  0.0149250529
3 6 2 1  -0.0609192431
3 6 4 1  -0.0108498338
3 6 6 1  -0.0286763712
3 7 1 1  0.0149250529
3 7 3 1  -0.0609192431
3 7 5 1  -0.0108498338
3 7 7 1  -0.0286763712
3 0 0 3  0.2195296799
3 0 2 3  0.0342290017
3 0 4 3  -0.0282234312
3 0 6 3  -0.0288571101
3 1 1 3  0.2195296799
3 1 3 3  0.0342290017
3 1 5 3  -0.0282234312
3 1 7 3  -0.0288571101
3 2 0 3  0.0342290017
3 2 2 3  0.2944319745
3 2 4 3  0.0006246747
3 2 6 3  -0.0335627499
3 3 1 3  0.0342290017
3 3 3 3  0.2944319745
3 3 5 3  0.0006246747
3 3 7 3  -0.0335627499
3 4 0 3  -0.0282234312
3 4 2 3  0.0006246747
3 4 4 3  0.1600912689
3 4 6 3  -0.0286449362
3 5 1 3  -0.0282234312
3 5 3 3  0.0006246747
3 5 5 3  0.1600912689
3 5 7 3  -0.0286449362
3 6 0 3  -0.0288571101
3 6 2 3  -0.0335627499
3 6 4 3  -0.0286449362
3 6 6 3  0.2294381833
3 7 1 3  -0.0288571101
3 7 3 3  -0.0335627499
3 7 5 3  -0.0286449362
3 7 7 3  0.2294381833
3 0 0 5  0.0017713801
3 0 2 5  -0.0031348130
3 0 4 5  -0.0031348130
3 1 1 5  0.0017713801
3 1 3 5  -0.0031348130
3 1 5 5  -0.0031348130
3 2 0 5  -0.0031348130
3 2 2 5  0.0006246747
3 2 4 5  0.0028400941
3 2 6 5  0.0004356577
3 3 1 5  -0.0031348130
3 3 3 5  0.0006246747
3 3 5 5  0.0028400941
3 3 7 5  0.0004356577
3 4 0 5  -0.0031348130
3 4 2 5  0.0028400941
3 4 4 5  0.0006246747
3 4 6 5  -0.0004356577
3 5 1 5  -0.0031348130
3 5 3 5  0.0028400941
3 5 5 5  0.0006246747
3 5 7 5  -0.0004356577
3 6 2 5  0.0004356577
3 6 4 5  -0.0004356577
3 6 6 5  0.0034201829
3 7 3 5  0.0004356577
3 7 5 5  -0.0004356577
3 7 7 5  0.0034201829
3 0 0 7  0.0260877912
3 0 2 7  -0.0609192431
3 0 4 7  0.0108498338
3 0 6 7  -0.0156819237
3 1 1 7  0.0260877912
3 1 3 7  -0.0609192431
3 1 5 7  0.0108498338
3 1 7 7  -0.0156819237
3 2 0 7  -0.0609192431
3 2 2 7  -0.0335627499
3 2 4 7  0.0004356577
3 2 6 7  0.0654908336
3 3 1 7  -0.0609192431
3 3 3 7  -0.0335627499
3 3 5 7  0.0004356577
3 3 7 7  0.0654908336
3 4 0 7  0.0108498338
3 4 2 7  0.0004356577
3 4 4 7  0.0286449362
3 4 6 7  0.0125832492
3 5 1 7  0.0108498338
3 5 3 7  0.0004356577
3 5 5 7  0.0286449362
3 5 7 7  0.0125832492
3 6 0 7  -0.0156819237
3 6 2 7  0.0654908336
3 6 4 7  0.0125832492
3 6 6 7  0.0301357135
3 7 1 7  -0.0156819237
3 7 3 7  0.0654908336
3 7 5 7  0.0125832492
3 7 7 7  0.0301357135
4 0 0 0  -0.0260584544
4 0 2 0  -0.0100674130
4 0 4 0  0.0637634135
4 0 6 0  -0.0149250529
4 1 1 0  -0.0260584544
4 1 3 0  -0.0100674130
4 1 5 0  0.0637634135
4 1 7 0  -0.0149250529
4 2 0 0  -0.0100674130
4 2 2 0  -0.0282234312
4 2 4 0  -0.0031348130
4 2 6 0  0.0108498338
4 3 1 0  -0.0100674130
4 3 3 0  -0.0282234312
4 3 5 0  -0.0031348130
4 3 7 0  0.0108498338
4 4 0 0  0.0637634135
4 4 2 0  -0.0031348130
4 4 4 0  0.0342290017
4 4 6 0  0.0609192431
4 5 1 0  0.0637634135
4 5 3 0  -0.0031348130
4 5 5 0  0.0342290017
4 5 7 0  0.0609192431
4 6 0 0  -0.0149250529
4 6 2 0  0.0108498338
4 6 4 0  0.0609192431
4 6 6 0  -0.0286763712
4 7 1 0  -0.0149250529
4 7 3 0  0.0108498338
4 7 5 0  0.0609192431
4 7 7 0  -0.0286763712
4 0 0 2  0.0017713801
4 0 2 2  -0.0031348130
4 0 4 2  -0.0031348130
4 1 1 2  0.0017713801
4 1 3 2  -0.0031348130
4 1 5 2  -0.0031348130
4 2 0 2  -0.0031348130
4 2 2 2  0.0006246747
4 2 4 2  0.0028400941
4 2 6 2  0.0004356577
4 3 1 2  -0.0031348130
4 3 3 2  0.0006246747
4 3 5 2  0.0028400941
4 3 7 2  0.0004356577
4 4 0 2  -0.0031348130
4 4 2 2  0.0028400941
4 4 4 2  0.0006246747
4 4 6 2  -0.0004356577
4 5 1 2  -0.0031348130
4 5 3 2  0.0028400941
4 5 5 2  0.0006246747
4 5 7 2  -0.0004356577
4 6 2 2  0.0004356577
4 6 4 2  -0.0004356577
4 6 6 2  0.0034201829
4 7 3 2  0.0004356577
4 7 5 2  -0.0004356577
4 7 7 2  0.0034201829
4 0 0 4  0.2195296799
4 0 2 4  -0.0282234312
4 0 4 4  0.0342290017
4 0 6 4  0.0288571101
4 1 1 4  0.2195296799
4 1 3 4  -0.0282234312
4 1 5 4  0.0342290017
4 1 7 4  0.0288571101
4 2 0 4  -0.0282234312
4 2 2 4  0.1600912689
4 2 4 4  0.0006246747
4 2 6 4  0.0286449362
4 3 1 4  -0.0282234312
4 3 3 4  0.1600912689
4 3 5 4  0.0006246747
4 3 7 4  0.0286449362
4 4 0 4  0.0342290017
4 4 2 4  0.0006246747
4 4 4 4  0.2944319745
4 4 6 4  0.0335627499
4 5 1 4  0.0342290017
4 5 3 4  0.0006246747
4 5 5 4  0.2944319745
4 5 7 4  0.0335627499
4 6 0 4  0.0288571101
4 6 2 4  0.0286449362
4 6 4 4  0.0335627499
4 6 6 4  0.2294381833
4 7 1 4  0.0288571101
4 7 3 4  0.0286449362
4 7 5 4  0.0335627499
4 7 7 4  0.2294381833
4 0 0 6  -0.0260877912
4 0 2 6  -0.0108498338
4 0 4 6  0.0609192431
4 0 6 6  -0.0156819237
4 1 1 6  -0.0260877912
4 1 3 6  -0.0108498338
4 1 5 6  0.0609192431
4 1 7 6  -0.0156819237
4 2 0 6  -0.0108498338
4 2 2 6  -0.0286449362
4 2 4 6  -0.0004356577
4 2 6 6  0.0125832492
4 3 1 6  -0.0108498338
4 3 3 6  -0.0286449362
4 3 5 6  -0.0004356577
4 3 7 6  0.0125832492
4 4 0 6  0.0609192431
4 4 2 6  -0.0004356577
4 4 4 6  0.0335627499
4 4 6 6  0.0654908336
4 5 1 6  0.0609192431
4 5 3 6  -0.0004356577
4 5 5 6  0.0335627499
4 5 7 6  0.0654908336
4 6 0 6  -0.0156819237
4 6 2 6  0.0125832492
4 6 4 6  0.0654908336
4 6 6 6  -0.0301357135
4 7 1 6  -0.0156819237
4 7 3 6  0.0125832492
4 7 5 6  0.0654908336
4 7 7 6  -0.0301357135
5 0 0 1  -0.0260584544
5 0 2 1  -0.0100674130
5 0 4 1  0.0637634135
5 0 6 1  -0.0149250529
5 1 1 1  -0.0260584544
5 1 3 1  -0.0100674130
5 1 5 1  0.0637634135
5 1 7 1  -0.0149250529
5 2 0 1  -0.0100674130
5 2 2 1  -0.0282234312
5 2 4 1  -0.0031348130
5 2 6 1  0.0108498338
5 3 1 1  -0.0100674130
5 3 3 1  -0.0282234312
5 3 5 1  -0.0031348130
5 3 7 1  0.0108498338
5 4 0 1  0.0637634135
5 4 2 1  -0.0031348130
5 4 4 1  0.0342290017
5 4 6 1  0.0609192431
5 5 1 1  0.0637634135
5 5 3 1  -0.0031348130
5 5 5 1  0.0342290017
5 5 7 1  0.0609192431
5 6 0 1  -0.0149250529
5 6 2 1  0.0108498338
5 6 4 1  0.0609192431
5 6 6 1  -0.0286763712
5 7 1 1  -0.0149250529
5 7 3 1  0.0108498338
5 7 5 1  0.0609192431
5 7 7 1  -0.0286763712
5 0 0 3  0.0017713801
5 0 2 3  -0.0031348130
5 0 4 3  -0.0031348130
5 1 1 3  0.0017713801
5 1 3 3  -0.0031348130
5 1 5 3  -0.0031348130
5 2 0 3  -0.0031348130
5 2 2 3  0.0006246747
5 2 4 3  0.0028400941
5 2 6 3  0.0004356577
5 3 1 3  -0.0031348130
5 3 3 3  0.0006246747
5 3 5 3  0.0028400941
5 3 7 3  0.0004356577
5 4 0 3  -0.0031348130
5 4 2 3  0.0028400941
5 4 4 3  0.0006246747
5 4 6 3  -0.0004356577
5 5 1 3  -0.0031348130
5 5 3 3  0.0028400941
5 5 5 3  0.0006246747
5 5 7 3  -0.0004356577
5 6 2 3  0.0004356577
5 6 4 3  -0.0004356577
5 6 6 3  0.0034201829
5 7 3 3  0.0004356577
5 7 5 3  -0.0004356577
5 7 7 3  0.0034201829
5 0 0 5  0.2195296799
5 0 2 5  -0.0282234312
5 0 4 5  0.0342290017
5 0 6 5  0.0288571101
5 1 1 5  0.2195296799
5 1 3 5  -0.0282234312
5 1 5 5  0.0342290017
5 1 7 5  0.0288571101
5 2 0 5  -0.0282234312
5 2 2 5  0.1600912689
5 2 4 5  0.0006246747
5 2 6 5  0.0286449362
5 3 1 5  -0.0282234312
5 3 3 5  0.1600912689
5 3 5 5  0.0006246747
5 3 7 5  0.0286449362
5 4 0 5  0.0342290017
5 4 2 5  0.0006246747
5 4 4 5  0.2944319745
5 4 6 5  0.0335627499
5 5 1 5  0.0342290017
5 5 3 5  0.0006246747
5 5 5 5  0.2944319745
5 5 7 5  0.0335627499
5 6 0 5  0.0288571101
5 6 2 5  0.0286449362
5 6 4 5  0.0335627499
5 6 6 5  0.2294381833
5 7 1 5  0.0288571101
5 7 3 5  0.0286449362
5 7 5 5  0.0335627499
5 7 7 5  0.2294381833
5 0 0 7  -0.0260877912
5 0 2 7  -0.0108498338
5 0 4 7  0.0609192431
5 0 6 7  -0.0156819237
5 1 1 7  -0.0260877912
5 1 3 7  -0.0108498338
5 1 5 7  0.0609192431
5 1 7 7  -0.0156819237
5 2 0 7  -0.0108498338
5 2 2 7  -0.0286449362
5 2 4 7  -0.0004356577
5 2 6 7  0.0125832492
5 3 1 7  -0.0108498338
5 3 3 7  -0.0286449362
5 3 5 7  -0.0004356577
5 3 7 7  0.0125832492
5 4 0 7  0.0609192431
5 4 2 7  -0.0004356577
5 4 4 7  0.0335627499
5 4 6 7  0.0654908336
5 5 1 7  0.0609192431
5 5 3 7  -0.0004356577
5 5 5 7  0.0335627499
5 5 7 7  0.0654908336
5 6 0 7  -0.0156819237
5 6 2 7  0.0125832492
5 6 4 7  0.0654908336
5 6 6 7  -0.0301357135
5 7 1 7  -0.0156819237
5 7 3 7  0.0125832492
5 7 5 7  0.0654908336
5 7 7 7  -0.0301357135
6 0 2 0  0.0149250529
6 0 4 0  -0.0149250529
6 0 6 0  0.0492122004
6 1 3 0  0.0149250529
6 1 5 0  -0.0149250529
6 1 7 0  0.0492122004
6 2 0 0  0.0149250529
6 2 2 0  -0.0288571101
6 2 6 0  -0.0156819237
6 3 1 0  0.0149250529
6 3 3 0  -0.0288571101
6 3 7 0  -0.0156819237
6 4 0 0  -0.0149250529
6 4 4 0  0.0288571101
6 4 6 0  -0.0156819237
6 5 1 0  -0.0149250529
6 5 5 0  0.0288571101
6 5 7 0  -0.0156819237
6 6 0 0  0.0492122004
6 6 2 0  -0.0156819237
6 6 4 0  -0.0156819237
6 7 1 0  0.0492122004
6 7 3 0  -0.0156819237
6 7 5 0  -0.0156819237
6 0 0 2  0.0260877912
6 0 2 2  -0.0609192431
6 0 4 2  0.0108498338
6 0 6 2  -0.0156819237
6 1 1 2  0.0260877912
6 1 3 2  -0.0609192431
6 1 5 2  0.0108498338
6 1 7 2  -0.0156819237
6 2 0 2  -0.0609192431
6 2 2 2  -0.0335627499
6 2 4 2  0.0004356577
6 2 6 2  0.0654908336
6 3 1 2  -0.0609192431
6 3 3 2  -0.0335627499
6 3 5 2  0.0004356577
6 3 7 2  0.0654908336
6 4 0 2  0.0108498338
6 4 2 2  0.0004356577
6 4 4 2  0.0286449362
6 4 6 2  0.0125832492
6 5 1 2  0.0108498338
6 5 3 2  0.0004356577
6 5 5 2  0.0286449362
6 5 7 2  0.0125832492
6 6 0 2  -0.0156819237
6 6 2 2  0.0654908336
6 6 4 2  0.0125832492
6 6 6 2  0.0301357135
6 7 1 2  -0.0156819237
6 7 3 2  0.0654908336
6 7 5 2  0.0125832492
6 7 7 2  0.0301357135
6 0 0 4  -0.0260877912
6 0 2 4  -0.0108498338
6 0 4 4  0.0609192431
6 0 6 4  -0.0156819237
6 1 1 4  -0.0260877912
6 1 3 4  -0.0108498338
6 1 5 4  0.0609192431
6 1 7 4  -0.0156819237
6 2 0 4  -0.0108498338
6 2 2 4  -0.0286449362
6 2 4 4  -0.0004356577
6 2 6 4  0.0125832492
6 3 1 4  -0.0108498338
6 3 3 4  -0.0286449362
6 3 5 4  -0.0004356577
6 3 7 4  0.0125832492
6 4 0 4  0.0609192431
6 4 2 4  -0.0004356577
6 4 4 4  0.0335627499
6 4 6 4  0.0654908336
6 5 1 4  0.0609192431
6 5 3 4  -0.0004356577
6 5 5 4  0.0335627499
6 5 7 4  0.0654908336
6 6 0 4  -0.0156819237
6 6 2 4  0.0125832492
6 6 4 4  0.0654908336
6 6 6 4  -0.0301357135
6 7 1 4  -0.0156819237
6 7 3 4  0.0125832492
6 7 5 4  0.0654908336
6 7 7 4  -0.0301357135
6 0 0 6  0.2540307138
6 0 2 6  -0.0286763712
6 0 4 6  -0.0286763712
6 1 1 6  0.2540307138
6 1 3 6  -0.0286763712
6 1 5 6  -0.0286763712
6 2 0 6  -0.0286763712
6 2 2 6  0.2294381833
6 2 4 6  0.0034201829
6 2 6 6  0.0301357135
6 3 1 6  -0.0286763712
6 3 3 6  0.2294381833
6 3 5 6  0.0034201829
6 3 7 6  0.0301357135
6 4 0 6  -0.0286763712
6 4 2 6  0.0034201829
6 4 4 6  0.2294381833
6 4 6 6  -0.0301357135
6 5 1 6  -0.0286763712
6 5 3 6  0.0034201829
6 5 5 6  0.2294381833
6 5 7 6  -0.0301357135
6 6 2 6  0.0301357135
6 6 4 6  -0.0301357135
6 6 6 6  0.2771534836
6 7 3 6  0.0301357135
6 7 5 6  -0.0301357135
6 7 7 6  0.2771534836
7 0 2 1  0.0149250529
7 0 4 1  -0.0149250529
7 0 6 1  0.0492122004
7 1 3 1  0.0149250529
7 1 5 1  -0.0149250529
7 1 7 1  0.0492122004
7 2 0 1  0.0149250529
7 2 2 1  -0.0288571101
7 2 6 1  -0.0156819237
7 3 1 1  0.0149250529
7 3 3 1  -0.0288571101
7 3 7 1  -0.0156819237
7 4 0 1  -0.0149250529
7 4 4 1  0.0288571101
7 4 6 1  -0.0156819237
7 5 1 1  -0.0149250529
7 5 5 1  0.0288571101
7 5 7 1  -0.0156819237
7 6 0 1  0.0492122004
7 6 2 1  -0.0156819237
7 6 4 1  -0.0156819237
7 7 1 1  0.0492122004
7 7 3 1  -0.0156819237
7 7 5 1  -0.0156819237
7 0 0 3  0.0260877912
7 0 2 3  -0.0609192431
7 0 4 3  0.0108498338
7 0 6 3  -0.0156819237
7 1 1 3  0.0260877912
7 1 3 3  -0.0609192431
7 1 5 3  0.0108498338
7 1 7 3  -0.0156819237
7 2 0 3  -0.0609192431
7 2 2 3  -0.0335627499
7 2 4 3  0.0004356577
7 2 6 3  0.0654908336
7 3 1 3  -0.0609192431
7 3 3 3  -0.0335627499
7 3 5 3  0.0004356577
7 3 7 3  0.0654908336
7 4 0 3  0.0108498338
7 4 2 3  0.0004356577
7 4 4 3  0.0286449362
7 4 6 3  0.0125832492
7 5 1 3  0.0108498338
7 5 3 3  0.0004356577
7 5 5 3  0.0286449362
7 5 7 3  0.0125832492
7 6 0 3  -0.0156819237
7 6 2 3  0.0654908336
7 6 4 3  0.0125832492
7 6 6 3  0.0301357135
7 7 1 3  -0.0156819237
7 7 3 3  0.0654908336
7 7 5 3  0.0125832492
7 7 7 3  0.0301357135
7 0 0 5  -0.0260877912
7 0 2 5  -0.0108498338
7 0 4 5  0.0609192431
7 0 6 5  -0.0156819237
7 1 1 5  -0.0260877912
7 1 3 5  -0.0108498338
7 1 5 5  0.0609192431
7 1 7 5  -0.0156819237
7 2 0 5  -0.0108498338
7 2 2 5  -0.0286449362
7 2 4 5  -0.0004356577
7 2 6 5  0.0125832492
7 3 1 5  -0.0108498338
7 3 3 5  -0.0286449362
7 3 5 5  -0.0004356577
7 3 7 5  0.0125832492
7 4 0 5  0.0609192431
7 4 2 5  -0.0004356577
7 4 4 5  0.0335627499
7 4 6 5  0.0654908336
7 5 1 5  0.0609192431
7 5 3 5  -0.0004356577
7 5 5 5  0.0335627499
7 5 7 5  0.0654908336
7 6 0 5  -0.0156819237
7 6 2 5  0.0125832492
7 6 4 5  0.0654908336
7 6 6 5  -0.0301357135
7 7 1 5  -0.0156819237
7 7 3 5  0.0125832492
7 7 5 5  0.0654908336
7 7 7 5  -0.0301357135
7 0 0 7  0.2540307138
7 0 2 7  -0.0286763712
7 0 4 7  -0.0286763712
7 1 1 7  0.2540307138
7 1 3 7  -0.0286763712
7 1 5 7  -0.0286763712
7 2 0 7  -0.0286763712
7 2 2 7  0.2294381833
7 2 4 7  0.0034201829
7 2 6 7  0.0301357135
7 3 1 7  -0.0286763712
7 3 3 7  0.2294381833
7 3 5 7  0.0034201829
7 3 7 7  0.0301357135
7 4 0 7  -0.0286763712
7 4 2 7  0.0034201829
7 4 4 7  0.2294381833
7 4 6 7  -0.0301357135
7 5 1 7  -0.0286763712
7 5 3 7  0.0034201829
7 5 5 7  0.2294381833
7 5 7 7  -0.0301357135
7 6 2 7  0.0301357135
7 6 4 7  -0.0301357135
7 6 6 7  0.2771534836
7 7 3 7  0.0301357135
7 7 5 7  -0.0301357135
7 7 7 7  0.2771534836

 E(FCI) = -2.1329805293

 E(HF)  = -1.5965651551
