 MO Integrals

2.6301155908
0 0  -2.0123556893
0 2  0.0039308050
0 4  0.0039308050
1 1  -2.0123556893
1 3  0.0039308050
1 5  0.0039308050
2 0  0.0039308050
2 2  -1.5600222612
2 4  0.0245043269
2 6  0.0146920496
3 1  0.0039308050
3 3  -1.5600222612
3 5  0.0245043269
3 7  0.0146920496
4 0  0.0039308050
4 2  0.0245043269
4 4  -1.5600222612
4 6  -0.0146920496
5 1  0.0039308050
5 3  0.0245043269
5 5  -1.5600222612
5 7  -0.0146920496
6 2  0.0146920496
6 4  -0.0146920496
6 6  -1.0751336555
7 3  0.0146920496
7 5  -0.0146920496
7 7  -1.0751336555
0 0 0 0  0.2568773581
0 0 2 0  -0.0070113736
0 0 4 0  -0.0070113736
0 1 1 0  0.2568773581
0 1 3 0  -0.0070113736
0 1 5 0  -0.0070113736
0 2 0 0  -0.0070113736
0 2 2 0  0.2478800844
0 2 4 0  -0.0001995044
0 2 6 0  -0.0070268250
0 3 1 0  -0.0070113736
0 3 3 0  0.2478800844
0 3 5 0  -0.0001995044
0 3 7 0  -0.0070268250
0 4 0 0  -0.0070113736
0 4 2 0  -0.0001995044
0 4 4 0  0.2478800844
0 4 6 0  0.0070268250
0 5 1 0  -0.0070113736
0 5 3 0  -0.0001995044
0 5 5 0  0.2478800844
0 5 7 0  0.0070268250
0 6 2 0  -0.0070268250
0 6 4 0  0.0070268250
0 6 6 0  0.2525833257
0 7 3 0  -0.0070268250
0 7 5 0  0.0070268250
0 7 7 0  0.2525833257
0 0 0 2  -0.0070113736
0 0 2 2  0.0671373634
0 0 4 2  -0.0016481060
0 0 6 2  -0.0052013215
0 1 1 2  -0.0070113736
0 1 3 2  0.0671373634
0 1 5 2  -0.0016481060
0 1 7 2  -0.0052013215
0 2 0 2  0.0671373634
0 2 2 2  0.0111003395
0 2 4 2  -0.0012206465
0 2 6 2  0.0666286147
0 3 1 2  0.0671373634
0 3 3 2  0.0111003395
0 3 5 2  -0.0012206465
0 3 7 2  0.0666286147
0 4 0 2  -0.0016481060
0 4 2 2  -0.0012206465
0 4 4 2  -0.0037177475
0 4 6 2  0.0016185696
0 5 1 2  -0.0016481060
0 5 3 2  -0.0012206465
0 5 5 2  -0.0037177475
0 5 7 2  0.0016185696
0 6 0 2  -0.0052013215
0 6 2 2  0.0666286147
0 6 4 2  0.0016185696
0 6 6 2  -0.0083612878
0 7 1 2  -0.0052013215
0 7 3 2  0.0666286147
0 7 5 2  0.0016185696
0 7 7 2  -0.0083612878
0 0 0 4  -0.0070113736
0 0 2 4  -0.0016481060
0 0 4 4  0.0671373634
0 0 6 4  0.0052013215
0 1 1 4  -0.0070113736
0 1 3 4  -0.0016481060
0 1 5 4  0.0671373634
0 1 7 4  0.0052013215
0 2 0 4  -0.0016481060
0 2 2 4  -0.0037177475
0 2 4 4  -0.0012206465
0 2 6 4  -0.0016185696
0 3 1 4  -0.0016481060
0 3 3 4  -0.0037177475
0 3 5 4  -0.0012206465
0 3 7 4  -0.0016185696
0 4 0 4  0.0671373634
0 4 2 4  -0.0012206465
0 4 4 4  0.0111003395
0 4 6 4  -0.0666286147
0 5 1 4  0.0671373634
0 5 3 4  -0.0012206465
0 5 5 4  0.0111003395
0 5 7 4  -0.0666286147
0 6 0 4  0.0052013215
0 6 2 4  -0.0016185696
0 6 4 4  -0.0666286147
0 6 6 4  -0.0083612878
0 7 1 4  0.0052013215
0 7 3 4  -0.0016185696
0 7 5 4  -0.0666286147
0 7 7 4  -0.0083612878
0 0 2 6  -0.0052013215
0 0 4 6  0.0052013215
0 0 6 6  0.0407588902
0 1 3 6  -0.0052013215
0 1 5 6  0.0052013215
0 1 7 6  0.0407588902
0 2 0 6  -0.0052013215
0 2 2 6  0.0391529378
0 2 6 6  -0.0059159584
0 3 1 6  -0.0052013215
0 3 3 6  0.0391529378
0 3 7 6  -0.0059159584
0 4 0 6  0.0052013215
0 4 4 6  -0.0391529378
0 4 6 6  -0.0059159584
0 5 1 6  0.0052013215
0 5 5 6  -0.0391529378
0 5 7 6  -0.0059159584
0 6 0 6  0.0407588902
0 6 2 6  -0.0059159584
0 6 4 6  -0.0059159584
0 7 1 6  0.0407588902
0 7 3 6  -0.0059159584
0 7 5 6  -0.0059159584
1 0 0 1  0.2568773581
1 0 2 1  -0.0070113736
1 0 4 1  -0.0070113736
1 1 1 1  0.2568773581
1 1 3 1  -0.0070113736
1 1 5 1  -0.0070113736
1 2 0 1  -0.0070113736
1 2 2 1  0.2478800844
1 2 4 1  -0.0001995044
1 2 6 1  -0.0070268250
1 3 1 1  -0.0070113736
1 3 3 1  0.2478800844
1 3 5 1  -0.0001995044
1 3 7 1  -0.0070268250
1 4 0 1  -0.0070113736
1 4 2 1  -0.0001995044
1 4 4 1  0.2478800844
1 4 6 1  0.0070268250
1 5 1 1  -0.0070113736
1 5 3 1  -0.0001995044
1 5 5 1  0.2478800844
1 5 7 1  0.0070268250
1 6 2 1  -0.0070268250
1 6 4 1  0.0070268250
1 6 6 1  0.2525833257
1 7 3 1  -0.0070268250
1 7 5 1  0.0070268250
1 7 7 1  0.2525833257
1 0 0 3  -0.0070113736
1 0 2 3  0.0671373634
1 0 4 3  -0.0016481060
1 0 6 3  -0.0052013215
1 1 1 3  -0.0070113736
1 1 3 3  0.0671373634
1 1 5 3  -0.0016481060
1 1 7 3  -0.0052013215
1 2 0 3  0.0671373634
1 2 2 3  0.0111003395
1 2 4 3  -0.0012206465
1 2 6 3  0.0666286147
1 3 1 3  0.0671373634
1 3 3 3  0.0111003395
1 3 5 3  -0.0012206465
1 3 7 3  0.0666286147
1 4 0 3  -0.0016481060
1 4 2 3  -0.0012206465
1 4 4 3  -0.0037177475
1 4 6 3  0.0016185696
1 5 1 3  -0.0016481060
1 5 3 3  -0.0012206465
1 5 5 3  -0.0037177475
1 5 7 3  0.0016185696
1 6 0 3  -0.0052013215
1 6 2 3  0.0666286147
1 6 4 3  0.0016185696
1 6 6 3  -0.0083612878
1 7 1 3  -0.0052013215
1 7 3 3  0.0666286147
1 7 5 3  0.0016185696
1 7 7 3  -0.0083612878
1 0 0 5  -0.0070113736
1 0 2 5  -0.0016481060
1 0 4 5  0.0671373634
1 0 6 5  0.0052013215
1 1 1 5  -0.0070113736
1 1 3 5  -0.0016481060
1 1 5 5  0.0671373634
1 1 7 5  0.0052013215
1 2 0 5  -0.0016481060
1 2 2 5  -0.0037177475
1 2 4 5  -0.0012206465
1 2 6 5  -0.0016185696
1 3 1 5  -0.0016481060
1 3 3 5  -0.0037177475
1 3 5 5  -0.0012206465
1 3 7 5  -0.0016185696
1 4 0 5  0.0671373634
1 4 2 5  -0.0012206465
1 4 4 5  0.0111003395
1 4 6 5  -0.0666286147
1 5 1 5  0.0671373634
1 5 3 5  -0.0012206465
1 5 5 5  0.0111003395
1 5 7 5  -0.0666286147
1 6 0 5  0.0052013215
1 6 2 5  -0.0016185696
1 6 4 5  -0.0666286147
1 6 6 5  -0.0083612878
1 7 1 5  0.0052013215
1 7 3 5  -0.0016185696
1 7 5 5  -0.0666286147
1 7 7 5  -0.0083612878
1 0 2 7  -0.0052013215
1 0 4 7  0.0052013215
1 0 6 7  0.0407588902
1 1 3 7  -0.0052013215
1 1 5 7  0.0052013215
1 1 7 7  0.0407588902
1 2 0 7  -0.0052013215
1 2 2 7  0.0391529378
1 2 6 7  -0.0059159584
1 3 1 7  -0.0052013215
1 3 3 7  0.0391529378
1 3 7 7  -0.0059159584
1 4 0 7  0.0052013215
1 4 4 7  -0.0391529378
1 4 6 7  -0.0059159584
1 5 1 7  0.0052013215
1 5 5 7  -0.0391529378
1 5 7 7  -0.0059159584
1 6 0 7  0.0407588902
1 6 2 7  -0.0059159584
1 6 4 7  -0.0059159584
1 7 1 7  0.0407588902
1 7 3 7  -0.0059159584
1 7 5 7  -0.0059159584
2 0 0 0  -0.0070113736
2 0 2 0  0.0671373634
2 0 4 0  -0.0016481060
2 0 6 0  -0.0052013215
2 1 1 0  -0.0070113736
2 1 3 0  0.0671373634
2 1 5 0  -0.0016481060
2 1 7 0  -0.0052013215
2 2 0 0  0.0671373634
2 2 2 0  0.0111003395
2 2 4 0  -0.0012206465
2 2 6 0  0.0666286147
2 3 1 0  0.0671373634
2 3 3 0  0.0111003395
2 3 5 0  -0.0012206465
2 3 7 0  0.0666286147
2 4 0 0  -0.0016481060
2 4 2 0  -0.0012206465
2 4 4 0  -0.0037177475
2 4 6 0  0.0016185696
2 5 1 0  -0.0016481060
2 5 3 0  -0.0012206465
2 5 5 0  -0.0037177475
2 5 7 0  0.0016185696
2 6 0 0  -0.0052013215
2 6 2 0  0.0666286147
2 6 4 0  0.0016185696
2 6 6 0  -0.0083612878
2 7 1 0  -0.0052013215
2 7 3 0  0.0666286147
2 7 5 0  0.0016185696
2 7 7 0  -0.0083612878
2 0 0 2  0.2478800844
2 0 2 2  0.0111003395
2 0 4 2  -0.0037177475
2 0 6 2  0.0391529378
2 1 1 2  0.2478800844
2 1 3 2  0.0111003395
2 1 5 2  -0.0037177475
2 1 7 2  0.0391529378
2 2 0 2  0.0111003395
2 2 2 2  0.2911765738
2 2 4 2  -0.0004307340
2 2 6 2  0.0114762387
2 3 1 2  0.0111003395
2 3 3 2  0.2911765738
2 3 5 2  -0.0004307340
2 3 7 2  0.0114762387
2 4 0 2  -0.0037177475
2 4 2 2  -0.0004307340
2 4 4 2  0.2065904653
2 4 6 2  0.0028840266
2 5 1 2  -0.0037177475
2 5 3 2  -0.0004307340
2 5 5 2  0.2065904653
2 5 7 2  0.0028840266
2 6 0 2  0.0391529378
2 6 2 2  0.0114762387
2 6 4 2  0.0028840266
2 6 6 2  0.2535897842
2 7 1 2  0.0391529378
2 7 3 2  0.0114762387
2 7 5 2  0.0028840266
2 7 7 2  0.2535897842
2 0 0 4  -0.0001995044
2 0 2 4  -0.0012206465
2 0 4 4  -0.0012206465
2 1 1 4  -0.0001995044
2 1 3 4  -0.0012206465
2 1 5 4  -0.0012206465
2 2 0 4  -0.0012206465
2 2 2 4  -0.0004307340
2 2 4 4  0.0045567298
2 2 6 4  -0.0006817826
2 3 1 4  -0.0012206465
2 3 3 4  -0.0004307340
2 3 5 4  0.0045567298
2 3 7 4  -0.0006817826
2 4 0 4  -0.0012206465
2 4 2 4  0.0045567298
2 4 4 4  -0.0004307340
2 4 6 4  0.0006817826
2 5 1 4  -0.0012206465
2 5 3 4  0.0045567298
2 5 5 4  -0.0004307340
2 5 7 4  0.0006817826
2 6 2 4  -0.0006817826
2 6 4 4  0.0006817826
2 6 6 4  0.0001314901
2 7 3 4  -0.0006817826
2 7 5 4  0.0006817826
2 7 7 4  0.0001314901
2 0 0 6  -0.0070268250
2 0 2 6  0.0666286147
2 0 4 6  -0.0016185696
2 0 6 6  -0.0059159584
2 1 1 6  -0.0070268250
2 1 3 6  0.0666286147
2 1 5 6  -0.0016185696
2 1 7 6  -0.0059159584
2 2 0 6  0.0666286147
2 2 2 6  0.0114762387
2 2 4 6  -0.0006817826
2 2 6 6  0.0731635475
2 3 1 6  0.0666286147
2 3 3 6  0.0114762387
2 3 5 6  -0.0006817826
2 3 7 6  0.0731635475
2 4 0 6  -0.0016185696
2 4 2 6  -0.0006817826
2 4 4 6  -0.0028840266
2 4 6 6  0.0019181733
2 5 1 6  -0.0016185696
2 5 3 6  -0.0006817826
2 5 5 6  -0.0028840266
2 5 7 6  0.0019181733
2 6 0 6  -0.0059159584
2 6 2 6  0.0731635475
2 6 4 6  0.0019181733
2 6 6 6  -0.0085331042
2 7 1 6  -0.0059159584
2 7 3 6  0.0731635475
2 7 5 6  0.0019181733
2 7 7 6  -0.0085331042
3 0 0 1  -0.0070113736
3 0 2 1  0.0671373634
3 0 4 1  -0.0016481060
3 0 6 1  -0.0052013215
3 1 1 1  -0.0070113736
3 1 3 1  0.0671373634
3 1 5 1  -0.0016481060
3 1 7 1  -0.0052013215
3 2 0 1  0.0671373634
3 2 2 1  0.0111003395
3 2 4 1  -0.0012206465
3 2 6 1  0.0666286147
3 3 1 1  0.0671373634
3 3 3 1  0.0111003395
3 3 5 1  -0.0012206465
3 3 7 1  0.0666286147
3 4 0 1  -0.0016481060
3 4 2 1  -0.0012206465
3 4 4 1  -0.0037177475
3 4 6 1  0.0016185696
3 5 1 1  -0.0016481060
3 5 3 1  -0.0012206465
3 5 5 1  -0.0037177475
3 5 7 1  0.0016185696
3 6 0 1  -0.0052013215
3 6 2 1  0.0666286147
3 6 4 1  0.0016185696
3 6 6 1  -0.0083612878
3 7 1 1  -0.0052013215
3 7 3 1  0.0666286147
3 7 5 1  0.0016185696
3 7 7 1  -0.0083612878
3 0 0 3  0.2478800844
3 0 2 3  0.0111003395
3 0 4 3  -0.0037177475
3 0 6 3  0.0391529378
3 1 1 3  0.2478800844
3 1 3 3  0.0111003395
3 1 5 3  -0.0037177475
3 1 7 3  0.0391529378
3 2 0 3  0.0111003395
3 2 2 3  0.2911765738
3 2 4 3  -0.0004307340
3 2 6 3  0.0114762387
3 3 1 3  0.0111003395
3 3 3 3  0.2911765738
3 3 5 3  -0.0004307340
3 3 7 3  0.0114762387
3 4 0 3  -0.0037177475
3 4 2 3  -0.0004307340
3 4 4 3  0.2065904653
3 4 6 3  0.0028840266
3 5 1 3  -0.0037177475
3 5 3 3  -0.0004307340
3 5 5 3  0.2065904653
3 5 7 3  0.0028840266
3 6 0 3  0.0391529378
3 6 2 3  0.0114762387
3 6 4 3  0.0028840266
3 6 6 3  0.2535897842
3 7 1 3  0.0391529378
3 7 3 3  0.0114762387
3 7 5 3  0.0028840266
3 7 7 3  0.2535897842
3 0 0 5  -0.0001995044
3 0 2 5  -0.0012206465
3 0 4 5  -0.0012206465
3 1 1 5  -0.0001995044
3 1 3 5  -0.0012206465
3 1 5 5  -0.0012206465
3 2 0 5  -0.0012206465
3 2 2 5  -0.0004307340
3 2 4 5  0.0045567298
3 2 6 5  -0.0006817826
3 3 1 5  -0.0012206465
3 3 3 5  -0.0004307340
3 3 5 5  0.0045567298
3 3 7 5  -0.0006817826
3 4 0 5  -0.0012206465
3 4 2 5  0.0045567298
3 4 4 5  -0.0004307340
3 4 6 5  0.0006817826
3 5 1 5  -0.0012206465
3 5 3 5  0.0045567298
3 5 5 5  -0.0004307340
3 5 7 5  0.0006817826
3 6 2 5  -0.0006817826
3 6 4 5  0.0006817826
3 6 6 5  0.0001314901
3 7 3 5  -0.0006817826
3 7 5 5  0.0006817826
3 7 7 5  0.0001314901
3 0 0 7  -0.0070268250
3 0 2 7  0.0666286147
3 0 4 7  -0.0016185696
3 0 6 7  -0.0059159584
3 1 1 7  -0.0070268250
3 1 3 7  0.0666286147
3 1 5 7  -0.0016185696
3 1 7 7  -0.0059159584
3 2 0 7  0.0666286147
3 2 2 7  0.0114762387
3 2 4 7  -0.0006817826
3 2 6 7  0.0731635475
3 3 1 7  0.0666286147
3 3 3 7  0.0114762387
3 3 5 7  -0.0006817826
3 3 7 7  0.0731635475
3 4 0 7  -0.0016185696
3 4 2 7  -0.0006817826
3 4 4 7  -0.0028840266
3 4 6 7  0.0019181733
3 5 1 7  -0.0016185696
3 5 3 7  -0.0006817826
3 5 5 7  -0.0028840266
3 5 7 7  0.0019181733
3 6 0 7  -0.0059159584
3 6 2 7  0.0731635475
3 6 4 7  0.0019181733
3 6 6 7  -0.0085331042
3 7 1 7  -0.0059159584
3 7 3 7  0.0731635475
3 7 5 7  0.0019181733
3 7 7 7  -0.0085331042
4 0 0 0  -0.0070113736
4 0 2 0  -0.0016481060
4 0 4 0  0.0671373634
4 0 6 0  0.0052013215
4 1 1 0  -0.0070113736
4 1 3 0  -0.0016481060
4 1 5 0  0.0671373634
4 1 7 0  0.0052013215
4 2 0 0  -0.0016481060
4 2 2 0  -0.0037177475
4 2 4 0  -0.0012206465
4 2 6 0  -0.0016185696
4 3 1 0  -0.0016481060
4 3 3 0  -0.0037177475
4 3 5 0  -0.0012206465
4 3 7 0  -0.0016185696
4 4 0 0  0.0671373634
4 4 2 0  -0.0012206465
4 4 4 0  0.0111003395
4 4 6 0  -0.0666286147
4 5 1 0  0.0671373634
4 5 3 0  -0.0012206465
4 5 5 0  0.0111003395
4 5 7 0  -0.0666286147
4 6 0 0  0.0052013215
4 6 2 0  -0.0016185696
4 6 4 0  -0.0666286147
4 6 6 0  -0.0083612878
4 7 1 0  0.0052013215
4 7 3 0  -0.0016185696
4 7 5 0  -0.0666286147
4 7 7 0  -0.0083612878
4 0 0 2  -0.0001995044
4 0 2 2  -0.0012206465
4 0 4 2  -0.0012206465
4 1 1 2  -0.0001995044
4 1 3 2  -0.0012206465
4 1 5 2  -0.0012206465
4 2 0 2  -0.0012206465
4 2 2 2  -0.0004307340
4 2 4 2  0.0045567298
4 2 6 2  -0.0006817826
4 3 1 2  -0.0012206465
4 3 3 2  -0.0004307340
4 3 5 2  0.0045567298
4 3 7 2  -0.0006817826
4 4 0 2  -0.0012206465
4 4 2 2  0.0045567298
4 4 4 2  -0.0004307340
4 4 6 2  0.0006817826
4 5 1 2  -0.0012206465
4 5 3 2  0.0045567298
4 5 5 2  -0.0004307340
4 5 7 2  0.0006817826
4 6 2 2  -0.0006817826
4 6 4 2  0.0006817826
4 6 6 2  0.0001314901
4 7 3 2  -0.0006817826
4 7 5 2  0.0006817826
4 7 7 2  0.0001314901
4 0 0 4  0.2478800844
4 0 2 4  -0.0037177475
4 0 4 4  0.0111003395
4 0 6 4  -0.0391529378
4 1 1 4  0.2478800844
4 1 3 4  -0.0037177475
4 1 5 4  0.0111003395
4 1 7 4  -0.0391529378
4 2 0 4  -0.0037177475
4 2 2 4  0.2065904653
4 2 4 4  -0.0004307340
4 2 6 4  -0.0028840266
4 3 1 4  -0.0037177475
4 3 3 4  0.2065904653
4 3 5 4  -0.0004307340
4 3 7 4  -0.0028840266
4 4 0 4  0.0111003395
4 4 2 4  -0.0004307340
4 4 4 4  0.2911765738
4 4 6 4  -0.0114762387
4 5 1 4  0.0111003395
4 5 3 4  -0.0004307340
4 5 5 4  0.2911765738
4 5 7 4  -0.0114762387
4 6 0 4  -0.0391529378
4 6 2 4  -0.0028840266
4 6 4 4  -0.0114762387
4 6 6 4  0.2535897842
4 7 1 4  -0.0391529378
4 7 3 4  -0.0028840266
4 7 5 4  -0.0114762387
4 7 7 4  0.2535897842
4 0 0 6  0.0070268250
4 0 2 6  0.0016185696
4 0 4 6  -0.0666286147
4 0 6 6  -0.0059159584
4 1 1 6  0.0070268250
4 1 3 6  0.0016185696
4 1 5 6  -0.0666286147
4 1 7 6  -0.0059159584
4 2 0 6  0.0016185696
4 2 2 6  0.0028840266
4 2 4 6  0.0006817826
4 2 6 6  0.0019181733
4 3 1 6  0.0016185696
4 3 3 6  0.0028840266
4 3 5 6  0.0006817826
4 3 7 6  0.0019181733
4 4 0 6  -0.0666286147
4 4 2 6  0.0006817826
4 4 4 6  -0.0114762387
4 4 6 6  0.0731635475
4 5 1 6  -0.0666286147
4 5 3 6  0.0006817826
4 5 5 6  -0.0114762387
4 5 7 6  0.0731635475
4 6 0 6  -0.0059159584
4 6 2 6  0.0019181733
4 6 4 6  0.0731635475
4 6 6 6  0.0085331042
4 7 1 6  -0.0059159584
4 7 3 6  0.0019181733
4 7 5 6  0.0731635475
4 7 7 6  0.0085331042
5 0 0 1  -0.0070113736
5 0 2 1  -0.0016481060
5 0 4 1  0.0671373634
5 0 6 1  0.0052013215
5 1 1 1  -0.0070113736
5 1 3 1  -0.0016481060
5 1 5 1  0.0671373634
5 1 7 1  0.0052013215
5 2 0 1  -0.0016481060
5 2 2 1  -0.0037177475
5 2 4 1  -0.0012206465
5 2 6 1  -0.0016185696
5 3 1 1  -0.0016481060
5 3 3 1  -0.0037177475
5 3 5 1  -0.0012206465
5 3 7 1  -0.0016185696
5 4 0 1  0.0671373634
5 4 2 1  -0.0012206465
5 4 4 1  0.0111003395
5 4 6 1  -0.0666286147
5 5 1 1  0.0671373634
5 5 3 1  -0.0012206465
5 5 5 1  0.0111003395
5 5 7 1  -0.0666286147
5 6 0 1  0.0052013215
5 6 2 1  -0.0016185696
5 6 4 1  -0.0666286147
5 6 6 1  -0.0083612878
5 7 1 1  0.0052013215
5 7 3 1  -0.0016185696
5 7 5 1  -0.0666286147
5 7 7 1  -0.0083612878
5 0 0 3  -0.0001995044
5 0 2 3  -0.0012206465
5 0 4 3  -0.0012206465
5 1 1 3  -0.0001995044
5 1 3 3  -0.0012206465
5 1 5 3  -0.0012206465
5 2 0 3  -0.0012206465
5 2 2 3  -0.0004307340
5 2 4 3  0.0045567298
5 2 6 3  -0.0006817826
5 3 1 3  -0.0012206465
5 3 3 3  -0.0004307340
5 3 5 3  0.0045567298
5 3 7 3  -0.0006817826
5 4 0 3  -0.0012206465
5 4 2 3  0.0045567298
5 4 4 3  -0.0004307340
5 4 6 3  0.0006817826
5 5 1 3  -0.0012206465
5 5 3 3  0.0045567298
5 5 5 3  -0.0004307340
5 5 7 3  0.0006817826
5 6 2 3  -0.0006817826
5 6 4 3  0.0006817826
5 6 6 3  0.0001314901
5 7 3 3  -0.0006817826
5 7 5 3  0.0006817826
5 7 7 3  0.0001314901
5 0 0 5  0.2478800844
5 0 2 5  -0.0037177475
5 0 4 5  0.0111003395
5 0 6 5  -0.0391529378
5 1 1 5  0.2478800844
5 1 3 5  -0.0037177475
5 1 5 5  0.0111003395
5 1 7 5  -0.0391529378
5 2 0 5  -0.0037177475
5 2 2 5  0.2065904653
5 2 4 5  -0.0004307340
5 2 6 5  -0.0028840266
5 3 1 5  -0.0037177475
5 3 3 5  0.2065904653
5 3 5 5  -0.0004307340
5 3 7 5  -0.0028840266
5 4 0 5  0.0111003395
5 4 2 5  -0.0004307340
5 4 4 5  0.2911765738
5 4 6 5  -0.0114762387
5 5 1 5  0.0111003395
5 5 3 5  -0.0004307340
5 5 5 5  0.2911765738
5 5 7 5  -0.0114762387
5 6 0 5  -0.0391529378
5 6 2 5  -0.0028840266
5 6 4 5  -0.0114762387
5 6 6 5  0.2535897842
5 7 1 5  -0.0391529378
5 7 3 5  -0.0028840266
5 7 5 5  -0.0114762387
5 7 7 5  0.2535897842
5 0 0 7  0.0070268250
5 0 2 7  0.0016185696
5 0 4 7  -0.0666286147
5 0 6 7  -0.0059159584
5 1 1 7  0.0070268250
5 1 3 7  0.0016185696
5 1 5 7  -0.0666286147
5 1 7 7  -0.0059159584
5 2 0 7  0.0016185696
5 2 2 7  0.0028840266
5 2 4 7  0.0006817826
5 2 6 7  0.0019181733
5 3 1 7  0.0016185696
5 3 3 7  0.0028840266
5 3 5 7  0.0006817826
5 3 7 7  0.0019181733
5 4 0 7  -0.0666286147
5 4 2 7  0.0006817826
5 4 4 7  -0.0114762387
5 4 6 7  0.0731635475
5 5 1 7  -0.0666286147
5 5 3 7  0.0006817826
5 5 5 7  -0.0114762387
5 5 7 7  0.0731635475
5 6 0 7  -0.0059159584
5 6 2 7  0.0019181733
5 6 4 7  0.0731635475
5 6 6 7  0.0085331042
5 7 1 7  -0.0059159584
5 7 3 7  0.0019181733
5 7 5 7  0.0731635475
5 7 7 7  0.0085331042
6 0 2 0  -0.0052013215
6 0 4 0  0.0052013215
6 0 6 0  0.0407588902
6 1 3 0  -0.0052013215
6 1 5 0  0.0052013215
6 1 7 0  0.0407588902
6 2 0 0  -0.0052013215
6 2 2 0  0.0391529378
6 2 6 0  -0.0059159584
6 3 1 0  -0.0052013215
6 3 3 0  0.0391529378
6 3 7 0  -0.0059159584
6 4 0 0  0.0052013215
6 4 4 0  -0.0391529378
6 4 6 0  -0.0059159584
6 5 1 0  0.0052013215
6 5 5 0  -0.0391529378
6 5 7 0  -0.0059159584
6 6 0 0  0.0407588902
6 6 2 0  -0.0059159584
6 6 4 0  -0.0059159584
6 7 1 0  0.0407588902
6 7 3 0  -0.0059159584
6 7 5 0  -0.0059159584
6 0 0 2  -0.0070268250
6 0 2 2  0.0666286147
6 0 4 2  -0.0016185696
6 0 6 2  -0.0059159584
6 1 1 2  -0.0070268250
6 1 3 2  0.0666286147
6 1 5 2  -0.0016185696
6 1 7 2  -0.0059159584
6 2 0 2  0.0666286147
6 2 2 2  0.0114762387
6 2 4 2  -0.0006817826
6 2 6 2  0.0731635475
6 3 1 2  0.0666286147
6 3 3 2  0.0114762387
6 3 5 2  -0.0006817826
6 3 7 2  0.0731635475
6 4 0 2  -0.0016185696
6 4 2 2  -0.0006817826
6 4 4 2  -0.0028840266
6 4 6 2  0.0019181733
6 5 1 2  -0.0016185696
6 5 3 2  -0.0006817826
6 5 5 2  -0.0028840266
6 5 7 2  0.0019181733
6 6 0 2  -0.0059159584
6 6 2 2  0.0731635475
6 6 4 2  0.0019181733
6 6 6 2  -0.0085331042
6 7 1 2  -0.0059159584
6 7 3 2  0.0731635475
6 7 5 2  0.0019181733
6 7 7 2  -0.0085331042
6 0 0 4  0.0070268250
6 0 2 4  0.0016185696
6 0 4 4  -0.0666286147
6 0 6 4  -0.0059159584
6 1 1 4  0.0070268250
6 1 3 4  0.0016185696
6 1 5 4  -0.0666286147
6 1 7 4  -0.0059159584
6 2 0 4  0.0016185696
6 2 2 4  0.0028840266
6 2 4 4  0.0006817826
6 2 6 4  0.0019181733
6 3 1 4  0.0016185696
6 3 3 4  0.0028840266
6 3 5 4  0.0006817826
6 3 7 4  0.0019181733
6 4 0 4  -0.0666286147
6 4 2 4  0.0006817826
6 4 4 4  -0.0114762387
6 4 6 4  0.0731635475
6 5 1 4  -0.0666286147
6 5 3 4  0.0006817826
6 5 5 4  -0.0114762387
6 5 7 4  0.0731635475
6 6 0 4  -0.0059159584
6 6 2 4  0.0019181733
6 6 4 4  0.0731635475
6 6 6 4  0.0085331042
6 7 1 4  -0.0059159584
6 7 3 4  0.0019181733
6 7 5 4  0.0731635475
6 7 7 4  0.0085331042
6 0 0 6  0.2525833257
6 0 2 6  -0.0083612878
6 0 4 6  -0.0083612878
6 1 1 6  0.2525833257
6 1 3 6  -0.0083612878
6 1 5 6  -0.0083612878
6 2 0 6  -0.0083612878
6 2 2 6  0.2535897842
6 2 4 6  0.0001314901
6 2 6 6  -0.0085331042
6 3 1 6  -0.0083612878
6 3 3 6  0.2535897842
6 3 5 6  0.0001314901
6 3 7 6  -0.0085331042
6 4 0 6  -0.0083612878
6 4 2 6  0.0001314901
6 4 4 6  0.2535897842
6 4 6 6  0.0085331042
6 5 1 6  -0.0083612878
6 5 3 6  0.0001314901
6 5 5 6  0.2535897842
6 5 7 6  0.0085331042
6 6 2 6  -0.0085331042
6 6 4 6  0.0085331042
6 6 6 6  0.2676651729
6 7 3 6  -0.0085331042
6 7 5 6  0.0085331042
6 7 7 6  0.2676651729
7 0 2 1  -0.0052013215
7 0 4 1  0.0052013215
7 0 6 1  0.0407588902
7 1 3 1  -0.0052013215
7 1 5 1  0.0052013215
7 1 7 1  0.0407588902
7 2 0 1  -0.0052013215
7 2 2 1  0.0391529378
7 2 6 1  -0.0059159584
7 3 1 1  -0.0052013215
7 3 3 1  0.0391529378
7 3 7 1  -0.0059159584
7 4 0 1  0.0052013215
7 4 4 1  -0.0391529378
7 4 6 1  -0.0059159584
7 5 1 1  0.0052013215
7 5 5 1  -0.0391529378
7 5 7 1  -0.0059159584
7 6 0 1  0.0407588902
7 6 2 1  -0.0059159584
7 6 4 1  -0.0059159584
7 7 1 1  0.0407588902
7 7 3 1  -0.0059159584
7 7 5 1  -0.0059159584
7 0 0 3  -0.0070268250
7 0 2 3  0.0666286147
7 0 4 3  -0.0016185696
7 0 6 3  -0.0059159584
7 1 1 3  -0.0070268250
7 1 3 3  0.0666286147
7 1 5 3  -0.0016185696
7 1 7 3  -0.0059159584
7 2 0 3  0.0666286147
7 2 2 3  0.0114762387
7 2 4 3  -0.0006817826
7 2 6 3  0.0731635475
7 3 1 3  0.0666286147
7 3 3 3  0.0114762387
7 3 5 3  -0.0006817826
7 3 7 3  0.0731635475
7 4 0 3  -0.0016185696
7 4 2 3  -0.0006817826
7 4 4 3  -0.0028840266
7 4 6 3  0.0019181733
7 5 1 3  -0.0016185696
7 5 3 3  -0.0006817826
7 5 5 3  -0.0028840266
7 5 7 3  0.0019181733
7 6 0 3  -0.0059159584
7 6 2 3  0.0731635475
7 6 4 3  0.0019181733
7 6 6 3  -0.0085331042
7 7 1 3  -0.0059159584
7 7 3 3  0.0731635475
7 7 5 3  0.0019181733
7 7 7 3  -0.0085331042
7 0 0 5  0.0070268250
7 0 2 5  0.0016185696
7 0 4 5  -0.0666286147
7 0 6 5  -0.0059159584
7 1 1 5  0.0070268250
7 1 3 5  0.0016185696
7 1 5 5  -0.0666286147
7 1 7 5  -0.0059159584
7 2 0 5  0.0016185696
7 2 2 5  0.0028840266
7 2 4 5  0.0006817826
7 2 6 5  0.0019181733
7 3 1 5  0.0016185696
7 3 3 5  0.0028840266
7 3 5 5  0.0006817826
7 3 7 5  0.0019181733
7 4 0 5  -0.0666286147
7 4 2 5  0.0006817826
7 4 4 5  -0.0114762387
7 4 6 5  0.0731635475
7 5 1 5  -0.0666286147
7 5 3 5  0.0006817826
7 5 5 5  -0.0114762387
7 5 7 5  0.0731635475
7 6 0 5  -0.0059159584
7 6 2 5  0.0019181733
7 6 4 5  0.0731635475
7 6 6 5  0.0085331042
7 7 1 5  -0.0059159584
7 7 3 5  0.0019181733
7 7 5 5  0.0731635475
7 7 7 5  0.0085331042
7 0 0 7  0.2525833257
7 0 2 7  -0.0083612878
7 0 4 7  -0.0083612878
7 1 1 7  0.2525833257
7 1 3 7  -0.0083612878
7 1 5 7  -0.0083612878
7 2 0 7  -0.0083612878
7 2 2 7  0.2535897842
7 2 4 7  0.0001314901
7 2 6 7  -0.0085331042
7 3 1 7  -0.0083612878
7 3 3 7  0.2535897842
7 3 5 7  0.0001314901
7 3 7 7  -0.0085331042
7 4 0 7  -0.0083612878
7 4 2 7  0.0001314901
7 4 4 7  0.2535897842
7 4 6 7  0.0085331042
7 5 1 7  -0.0083612878
7 5 3 7  0.0001314901
7 5 5 7  0.2535897842
7 5 7 7  0.0085331042
7 6 2 7  -0.0085331042
7 6 4 7  0.0085331042
7 6 6 7  0.2676651729
7 7 3 7  -0.0085331042
7 7 5 7  0.0085331042
7 7 7 7  0.2676651729

 E(FCI) = -1.9605214853

 E(HF)  = -1.7040412242
